,StnPres,SeaPres,StnPresMax,StnPresMaxTime,StnPresMin,StnPresMinTime,Tx,TxMaxAbs,TxMaxAbsTime,TxMinAbs,TxMinAbsTime,Td,RH,RHMin,RHMinTime,WS,WD,WSGust,WDGust,WGustTime,Precp,PrecpMax10,PrecpMax10Time,PrecpHrMax,PrecpHrMaxTime,SunShine,GloblRad,EvapA,TxSoil0cm,TxSoil5cm,TxSoil10cm,TxSoil20cm,TxSoil50cm,TxSoil100cm,AirTemperature.DailyRangef,AirTemperature.MaximumTimef,AirTemperature.Maximumf,AirTemperature.Meanf,AirTemperature.MinimumTimef,AirTemperature.Minimumf,CloudAmount,CloudAmountSat,DewPointTemperature.Maximum,DewPointTemperature.MaximumTime,DewPointTemperature.MaximumTimef,DewPointTemperature.Maximumf,DewPointTemperature.Meanf,DewPointTemperature.Minimum,DewPointTemperature.MinimumTime,DewPointTemperature.MinimumTimef,DewPointTemperature.Minimumf,EvaporationClassAPan.Accumulationf,GlobalSolarRadiation.Accumulationf,GlobalSolarRadiation.HourlyMaximumTimef,GlobalSolarRadiation.HourlyMaximumf,GloblRadMax,GloblRadMaxTime,PeakGust.Directionf,PeakGust.MaximumTimef,PeakGust.Maximumf,Precipitation.Accumulationf,Precipitation.HourlyMaximum,Precipitation.HourlyMaximumTime,Precipitation.HourlyMaximumTimef,Precipitation.HourlyMaximumf,Precipitation.SixtyMinutelyMaximumTimef,Precipitation.SixtyMinutelyMaximumf,Precipitation.TenMinutelyMaximumTimef,Precipitation.TenMinutelyMaximumf,PrecipitationDuration.Totalf,PrecpHour,PrecpMax60,PrecpMax60Time,RelativeHumidity.Maximum,RelativeHumidity.MaximumTime,RelativeHumidity.MaximumTimef,RelativeHumidity.Maximumf,RelativeHumidity.Meanf,RelativeHumidity.MinimumTimef,RelativeHumidity.Minimumf,SeaLevelPressure.Maximum,SeaLevelPressure.MaximumTime,SeaLevelPressure.MaximumTimef,SeaLevelPressure.Maximumf,SeaLevelPressure.Meanf,SeaLevelPressure.Minimum,SeaLevelPressure.MinimumTime,SeaLevelPressure.MinimumTimef,SeaLevelPressure.Minimumf,SoilTemperatureAt0cm.Meanf,SoilTemperatureAt100cm.Meanf,SoilTemperatureAt10cm.Meanf,SoilTemperatureAt20cm.Meanf,SoilTemperatureAt30cm.Meanf,SoilTemperatureAt50cm.Meanf,SoilTemperatureAt5cm.Meanf,StationPressure.MaximumTimef,StationPressure.Maximumf,StationPressure.Meanf,StationPressure.MinimumTimef,StationPressure.Minimumf,SunShineRate,SunshineDuration.Ratef,SunshineDuration.Totalf,TotalCloudAmount.Meanf,TotalCloudAmount.SatRetrievedMeanf,TxRange,TxSoil30cm,UVIMax,UVIMaxTime,UVIndex.MaximumTimef,UVIndex.Maximumf,VisbMean,Visibility.Meanf,WindDirection.CountForCode00,WindDirection.CountForCode00f,WindDirection.CountForCode01,WindDirection.CountForCode01f,WindDirection.CountForCode02,WindDirection.CountForCode02f,WindDirection.CountForCode03,WindDirection.CountForCode03f,WindDirection.CountForCode04,WindDirection.CountForCode04f,WindDirection.CountForCode05,WindDirection.CountForCode05f,WindDirection.CountForCode06,WindDirection.CountForCode06f,WindDirection.CountForCode07,WindDirection.CountForCode07f,WindDirection.CountForCode08,WindDirection.CountForCode08f,WindDirection.CountForCode09,WindDirection.CountForCode09f,WindDirection.CountForCode10,WindDirection.CountForCode10f,WindDirection.CountForCode11,WindDirection.CountForCode11f,WindDirection.CountForCode12,WindDirection.CountForCode12f,WindDirection.CountForCode13,WindDirection.CountForCode13f,WindDirection.CountForCode14,WindDirection.CountForCode14f,WindDirection.CountForCode15,WindDirection.CountForCode15f,WindDirection.CountForCode16,WindDirection.CountForCode16f,WindDirection.CountForCode17,WindDirection.CountForCode17f,WindDirection.CountForCode18,WindDirection.CountForCode18f,WindDirection.CountForCode19,WindDirection.CountForCode19f,WindDirection.CountForCode20,WindDirection.CountForCode20f,WindDirection.CountForCode21,WindDirection.CountForCode21f,WindDirection.CountForCode22,WindDirection.CountForCode22f,WindDirection.CountForCode23,WindDirection.CountForCode23f,WindDirection.CountForCode24,WindDirection.CountForCode24f,WindDirection.CountForCode25,WindDirection.CountForCode25f,WindDirection.CountForCode26,WindDirection.CountForCode26f,WindDirection.CountForCode27,WindDirection.CountForCode27f,WindDirection.CountForCode28,WindDirection.CountForCode28f,WindDirection.CountForCode29,WindDirection.CountForCode29f,WindDirection.CountForCode30,WindDirection.CountForCode30f,WindDirection.CountForCode31,WindDirection.CountForCode31f,WindDirection.CountForCode32,WindDirection.CountForCode32f,WindDirection.CountForCode33,WindDirection.CountForCode33f,WindDirection.CountForCode34,WindDirection.CountForCode34f,WindDirection.CountForCode35,WindDirection.CountForCode35f,WindDirection.CountForCode36,WindDirection.CountForCode36f,WindDirection.CountForCode99,WindDirection.CountForCode99f,WindDirection.Prevailingf,WindDirection.TenMinutelyMaximum,WindDirection.TenMinutelyMaximumf,WindSpeed.Meanf,WindSpeed.TenMinutelyMaximum,WindSpeed.TenMinutelyMaximumTime,WindSpeed.TenMinutelyMaximumTimef,WindSpeed.TenMinutelyMaximumf,WindSpeed.TotalForCode00,WindSpeed.TotalForCode00f,WindSpeed.TotalForCode01,WindSpeed.TotalForCode01f,WindSpeed.TotalForCode02,WindSpeed.TotalForCode02f,WindSpeed.TotalForCode03,WindSpeed.TotalForCode03f,WindSpeed.TotalForCode04,WindSpeed.TotalForCode04f,WindSpeed.TotalForCode05,WindSpeed.TotalForCode05f,WindSpeed.TotalForCode06,WindSpeed.TotalForCode06f,WindSpeed.TotalForCode07,WindSpeed.TotalForCode07f,WindSpeed.TotalForCode08,WindSpeed.TotalForCode08f,WindSpeed.TotalForCode09,WindSpeed.TotalForCode09f,WindSpeed.TotalForCode10,WindSpeed.TotalForCode10f,WindSpeed.TotalForCode11,WindSpeed.TotalForCode11f,WindSpeed.TotalForCode12,WindSpeed.TotalForCode12f,WindSpeed.TotalForCode13,WindSpeed.TotalForCode13f,WindSpeed.TotalForCode14,WindSpeed.TotalForCode14f,WindSpeed.TotalForCode15,WindSpeed.TotalForCode15f,WindSpeed.TotalForCode16,WindSpeed.TotalForCode16f,WindSpeed.TotalForCode17,WindSpeed.TotalForCode17f,WindSpeed.TotalForCode18,WindSpeed.TotalForCode18f,WindSpeed.TotalForCode19,WindSpeed.TotalForCode19f,WindSpeed.TotalForCode20,WindSpeed.TotalForCode20f,WindSpeed.TotalForCode21,WindSpeed.TotalForCode21f,WindSpeed.TotalForCode22,WindSpeed.TotalForCode22f,WindSpeed.TotalForCode23,WindSpeed.TotalForCode23f,WindSpeed.TotalForCode24,WindSpeed.TotalForCode24f,WindSpeed.TotalForCode25,WindSpeed.TotalForCode25f,WindSpeed.TotalForCode26,WindSpeed.TotalForCode26f,WindSpeed.TotalForCode27,WindSpeed.TotalForCode27f,WindSpeed.TotalForCode28,WindSpeed.TotalForCode28f,WindSpeed.TotalForCode29,WindSpeed.TotalForCode29f,WindSpeed.TotalForCode30,WindSpeed.TotalForCode30f,WindSpeed.TotalForCode31,WindSpeed.TotalForCode31f,WindSpeed.TotalForCode32,WindSpeed.TotalForCode32f,WindSpeed.TotalForCode33,WindSpeed.TotalForCode33f,WindSpeed.TotalForCode34,WindSpeed.TotalForCode34f,WindSpeed.TotalForCode35,WindSpeed.TotalForCode35f,WindSpeed.TotalForCode36,WindSpeed.TotalForCode36f,WindSpeed.TotalForCode99,WindSpeed.TotalForCode99f
2006-01-01,990.3,,992.1,2006-01-01T09:00:00,988.0,2006-01-01T15:00:00,19.4,24.7,2006-01-01T11:00:00,16.5,2006-01-01T23:00:00,17.2,88,69,2006-01-01T11:00:00,1.6,45.0,6.6,337.5,2006-01-01T01:00:00,0.0,,,,,1.6,5.14,1.3,,21.2,21.2,21.0,20.9,21.0,,,,,,,,,18.2,2006-01-01T01:00:00,,,,15.9,2006-01-01T08:00:00,,,,,,,,,,,,,,,,,,,,,,,,,100,2006-01-01T23:00:00,,,,,,,,,,,,,,,,,,,,,,,,,,,,,,,,,21.0,,,,,,,,,,,,,,,,,,,,,,,,,,,,,,,,,,,,,,,,,,,,,,,,,,,,,,,,,,,,,,,,,,,,,,,,,,,,,,,,,,,,,,,3.4,2006-01-01T11:00:00,,,,,,,,,,,,,,,,,,,,,,,,,,,,,,,,,,,,,,,,,,,,,,,,,,,,,,,,,,,,,,,,,,,,,,,,,,,,,,
2006-01-02,990.7,,992.4,2006-01-02T09:00:00,989.2,2006-01-02T15:00:00,16.8,21.2,2006-01-02T11:00:00,14.9,2006-01-02T07:00:00,15.5,92,75,2006-01-02T12:00:00,1.4,67.5,7.3,22.5,2006-01-02T15:00:00,0.0,,,,,0.7,3.64,1.1,,20.5,20.5,20.7,21.0,20.8,,,,,,,,,16.8,2006-01-02T01:00:00,,,,14.6,2006-01-02T23:59:59,,,,,,,,,,,,,,,,,,,,,,,,,100,2006-01-02T01:00:00,,,,,,,,,,,,,,,,,,,,,,,,,,,,,,,,,21.2,,,,,,,,,,,,,,,,,,,,,,,,,,,,,,,,,,,,,,,,,,,,,,,,,,,,,,,,,,,,,,,,,,,,,,,,,,,,,,,,,,,,,,,2.8,2006-01-02T10:00:00,,,,,,,,,,,,,,,,,,,,,,,,,,,,,,,,,,,,,,,,,,,,,,,,,,,,,,,,,,,,,,,,,,,,,,,,,,,,,,
2006-01-03,989.5,,991.8,2006-01-03T09:00:00,987.5,2006-01-03T15:00:00,16.8,21.4,2006-01-03T12:00:00,14.2,2006-01-03T06:00:00,14.7,88,69,2006-01-03T11:00:00,1.4,247.5,8.6,45.0,2006-01-03T11:00:00,0.0,,,,,3.2,5.46,1.3,,20.1,20.1,20.3,20.8,20.5,,,,,,,,,15.8,2006-01-03T17:00:00,,,,14.0,2006-01-03T07:00:00,,,,,,,,,,,,,,,,,,,,,,,,,100,2006-01-03T06:00:00,,,,,,,,,,,,,,,,,,,,,,,,,,,,,,,,,21.2,,,,,,,,,,,,,,,,,,,,,,,,,,,,,,,,,,,,,,,,,,,,,,,,,,,,,,,,,,,,,,,,,,,,,,,,,,,,,,,,,,,,,,,3.5,2006-01-03T10:00:00,,,,,,,,,,,,,,,,,,,,,,,,,,,,,,,,,,,,,,,,,,,,,,,,,,,,,,,,,,,,,,,,,,,,,,,,,,,,,,
2006-01-04,986.6,,988.8,2006-01-04T09:00:00,983.9,2006-01-04T15:00:00,17.3,23.7,2006-01-04T12:00:00,12.7,2006-01-04T06:00:00,15.6,91,59,2006-01-04T11:00:00,1.4,247.5,6.9,112.5,2006-01-04T12:00:00,0.5,,,,,4.3,5.5,0.8,,19.7,19.7,19.9,20.6,20.2,,,,,,,,,18.6,2006-01-04T16:00:00,,,,12.7,2006-01-04T08:00:00,,,,,,,,,,,,,,,,,,,,,,,,,100,2006-01-04T03:00:00,,,,,,,,,,,,,,,,,,,,,,,,,,,,,,,,,21.2,,,,,,,,,,,,,,,,,,,,,,,,,,,,,,,,,,,,,,,,,,,,,,,,,,,,,,,,,,,,,,,,,,,,,,,,,,,,,,,,,,,,,,,3.3,2006-01-04T12:00:00,,,,,,,,,,,,,,,,,,,,,,,,,,,,,,,,,,,,,,,,,,,,,,,,,,,,,,,,,,,,,,,,,,,,,,,,,,,,,,
2006-01-05,989.5,,992.8,2006-01-05T22:00:00,986.1,2006-01-05T03:00:00,16.3,20.5,2006-01-05T11:00:00,14.5,2006-01-05T23:00:00,14.4,89,81,2006-01-05T23:59:59,1.7,45.0,10.2,337.5,2006-01-05T16:00:00,0.0,,,,,0.0,2.1,0.5,,19.6,19.6,19.8,20.5,20.1,,,,,,,,,17.1,2006-01-05T02:00:00,,,,11.7,2006-01-05T23:59:59,,,,,,,,,,,,,,,,,,,,,,,,,100,2006-01-05T02:00:00,,,,,,,,,,,,,,,,,,,,,,,,,,,,,,,,,21.1,,,,,,,,,,,,,,,,,,,,,,,,,,,,,,,,,,,,,,,,,,,,,,,,,,,,,,,,,,,,,,,,,,,,,,,,,,,,,,,,,,,,,,,3.3,2006-01-05T12:00:00,,,,,,,,,,,,,,,,,,,,,,,,,,,,,,,,,,,,,,,,,,,,,,,,,,,,,,,,,,,,,,,,,,,,,,,,,,,,,,
2006-01-06,992.8,,994.4,2006-01-06T22:00:00,990.8,2006-01-06T15:00:00,13.5,15.2,2006-01-06T11:00:00,11.0,2006-01-06T23:59:59,11.6,89,81,2006-01-06T10:00:00,1.6,45.0,6.4,22.5,2006-01-06T02:00:00,0.0,,,,,0.0,1.41,0.3,,18.8,18.9,19.3,20.3,19.7,,,,,,,,,12.7,2006-01-06T14:00:00,,,,10.6,2006-01-06T23:59:59,,,,,,,,,,,,,,,,,,,,,,,,,99,2006-01-06T21:00:00,,,,,,,,,,,,,,,,,,,,,,,,,,,,,,,,,21.0,,,,,,,,,,,,,,,,,,,,,,,,,,,,,,,,,,,,,,,,,,,,,,,,,,,,,,,,,,,,,,,,,,,,,,,,,,,,,,,,,,,,,,,2.7,2006-01-06T04:00:00,,,,,,,,,,,,,,,,,,,,,,,,,,,,,,,,,,,,,,,,,,,,,,,,,,,,,,,,,,,,,,,,,,,,,,,,,,,,,,
2006-01-07,994.0,,995.8,2006-01-07T09:00:00,992.4,2006-01-07T15:00:00,10.8,11.6,2006-01-07T13:00:00,10.1,2006-01-07T06:00:00,9.2,90,83,2006-01-07T14:00:00,1.8,45.0,7.1,45.0,2006-01-07T09:00:00,0.5,,,,,0.0,1.37,0.3,,17.8,17.9,18.5,19.9,19.0,,,,,,,,,10.4,2006-01-07T01:00:00,,,,8.7,2006-01-07T14:00:00,,,,,,,,,,,,,,,,,,,,,,,,,96,2006-01-07T01:00:00,,,,,,,,,,,,,,,,,,,,,,,,,,,,,,,,,20.8,,,,,,,,,,,,,,,,,,,,,,,,,,,,,,,,,,,,,,,,,,,,,,,,,,,,,,,,,,,,,,,,,,,,,,,,,,,,,,,,,,,,,,,3.1,2006-01-07T04:00:00,,,,,,,,,,,,,,,,,,,,,,,,,,,,,,,,,,,,,,,,,,,,,,,,,,,,,,,,,,,,,,,,,,,,,,,,,,,,,,
2006-01-08,992.3,,994.5,2006-01-08T08:00:00,990.3,2006-01-08T15:00:00,14.0,19.1,2006-01-08T12:00:00,10.9,2006-01-08T01:00:00,9.8,77,60,2006-01-08T12:00:00,1.7,45.0,7.8,45.0,2006-01-08T10:00:00,0.0,,,,,2.2,6.06,1.4,,17.6,17.7,18.0,19.4,18.5,,,,,,,,,11.7,2006-01-08T23:59:59,,,,8.4,2006-01-08T06:00:00,,,,,,,,,,,,,,,,,,,,,,,,,92,2006-01-08T02:00:00,,,,,,,,,,,,,,,,,,,,,,,,,,,,,,,,,20.5,,,,,,,,,,,,,,,,,,,,,,,,,,,,,,,,,,,,,,,,,,,,,,,,,,,,,,,,,,,,,,,,,,,,,,,,,,,,,,,,,,,,,,,3.1,2006-01-08T10:00:00,,,,,,,,,,,,,,,,,,,,,,,,,,,,,,,,,,,,,,,,,,,,,,,,,,,,,,,,,,,,,,,,,,,,,,,,,,,,,,
2006-01-09,990.4,,992.0,2006-01-09T09:00:00,988.2,2006-01-09T14:00:00,16.0,22.6,2006-01-09T12:00:00,12.4,2006-01-09T07:00:00,12.6,82,57,2006-01-09T11:00:00,1.6,247.5,9.7,337.5,2006-01-09T20:00:00,0.0,,,,,4.2,5.87,1.0,,18.0,18.0,18.3,19.2,18.6,,,,,,,,,15.4,2006-01-09T15:00:00,,,,11.4,2006-01-09T07:00:00,,,,,,,,,,,,,,,,,,,,,,,,,96,2006-01-09T15:00:00,,,,,,,,,,,,,,,,,,,,,,,,,,,,,,,,,20.3,,,,,,,,,,,,,,,,,,,,,,,,,,,,,,,,,,,,,,,,,,,,,,,,,,,,,,,,,,,,,,,,,,,,,,,,,,,,,,,,,,,,,,,2.8,2006-01-09T10:00:00,,,,,,,,,,,,,,,,,,,,,,,,,,,,,,,,,,,,,,,,,,,,,,,,,,,,,,,,,,,,,,,,,,,,,,,,,,,,,,
2006-01-10,990.0,,991.9,2006-01-10T09:00:00,987.5,2006-01-10T15:00:00,17.7,23.9,2006-01-10T14:00:00,13.8,2006-01-10T03:00:00,13.6,78,59,2006-01-10T14:00:00,1.9,45.0,9.7,22.5,2006-01-10T11:00:00,0.0,,,,,4.3,7.75,1.3,,18.3,18.4,18.5,19.2,18.7,,,,,,,,,15.0,2006-01-10T14:00:00,,,,11.9,2006-01-10T04:00:00,,,,,,,,,,,,,,,,,,,,,,,,,93,2006-01-10T02:00:00,,,,,,,,,,,,,,,,,,,,,,,,,,,,,,,,,20.2,,,,,,,,,,,,,,,,,,,,,,,,,,,,,,,,,,,,,,,,,,,,,,,,,,,,,,,,,,,,,,,,,,,,,,,,,,,,,,,,,,,,,,,3.5,2006-01-10T08:00:00,,,,,,,,,,,,,,,,,,,,,,,,,,,,,,,,,,,,,,,,,,,,,,,,,,,,,,,,,,,,,,,,,,,,,,,,,,,,,,
2006-01-11,988.6,,990.1,2006-01-11T11:00:00,987.0,2006-01-11T15:00:00,18.2,20.6,2006-01-11T16:00:00,16.1,2006-01-11T07:00:00,16.4,89,76,2006-01-11T10:00:00,1.6,45.0,9.3,67.5,2006-01-11T11:00:00,6.0,,,,,0.0,4.36,0.4,,18.9,18.9,18.9,19.4,19.0,,,,,,,,,18.8,2006-01-11T14:00:00,,,,13.6,2006-01-11T07:00:00,,,,,,,,,,,,,,,,,,,,,,,,,100,2006-01-11T18:00:00,,,,,,,,,,,,,,,,,,,,,,,,,,,,,,,,,20.1,,,,,,,,,,,,,,,,,,,,,,,,,,,,,,,,,,,,,,,,,,,,,,,,,,,,,,,,,,,,,,,,,,,,,,,,,,,,,,,,,,,,,,,2.5,2006-01-11T13:00:00,,,,,,,,,,,,,,,,,,,,,,,,,,,,,,,,,,,,,,,,,,,,,,,,,,,,,,,,,,,,,,,,,,,,,,,,,,,,,,
2006-01-12,985.5,,988.4,2006-01-12T01:00:00,982.7,2006-01-12T15:00:00,20.5,26.2,2006-01-12T13:00:00,17.6,2006-01-12T02:00:00,20.1,96,80,2006-01-12T13:00:00,1.4,247.5,6.5,90.0,2006-01-12T16:00:00,5.5,,,,,3.1,6.37,0.5,,19.9,19.9,19.6,19.6,19.5,,,,,,,,,21.5,2006-01-12T11:00:00,,,,17.9,2006-01-12T01:00:00,,,,,,,,,,,,,,,,,,,,,,,,,100,2006-01-12T02:00:00,,,,,,,,,,,,,,,,,,,,,,,,,,,,,,,,,20.2,,,,,,,,,,,,,,,,,,,,,,,,,,,,,,,,,,,,,,,,,,,,,,,,,,,,,,,,,,,,,,,,,,,,,,,,,,,,,,,,,,,,,,,3.5,2006-01-12T15:00:00,,,,,,,,,,,,,,,,,,,,,,,,,,,,,,,,,,,,,,,,,,,,,,,,,,,,,,,,,,,,,,,,,,,,,,,,,,,,,,
2006-01-13,985.6,,987.5,2006-01-13T23:59:59,983.7,2006-01-13T04:00:00,20.4,27.0,2006-01-13T12:00:00,16.4,2006-01-13T06:00:00,18.6,90,60,2006-01-13T11:00:00,1.5,247.5,7.5,67.5,2006-01-13T14:00:00,0.0,,,,,5.0,7.34,1.8,,20.6,20.6,20.4,20.1,20.2,,,,,,,,,21.1,2006-01-13T13:00:00,,,,15.2,2006-01-13T09:00:00,,,,,,,,,,,,,,,,,,,,,,,,,100,2006-01-13T01:00:00,,,,,,,,,,,,,,,,,,,,,,,,,,,,,,,,,20.3,,,,,,,,,,,,,,,,,,,,,,,,,,,,,,,,,,,,,,,,,,,,,,,,,,,,,,,,,,,,,,,,,,,,,,,,,,,,,,,,,,,,,,,3.6,2006-01-13T13:00:00,,,,,,,,,,,,,,,,,,,,,,,,,,,,,,,,,,,,,,,,,,,,,,,,,,,,,,,,,,,,,,,,,,,,,,,,,,,,,,
2006-01-14,987.9,,989.3,2006-01-14T09:00:00,986.6,2006-01-14T14:00:00,19.5,25.0,2006-01-14T11:00:00,16.2,2006-01-14T06:00:00,17.2,88,61,2006-01-14T11:00:00,1.5,247.5,4.7,45.0,2006-01-14T11:00:00,0.0,,,,,1.5,5.06,1.2,,20.8,20.8,20.6,20.4,20.5,,,,,,,,,18.7,2006-01-14T17:00:00,,,,14.7,2006-01-14T09:00:00,,,,,,,,,,,,,,,,,,,,,,,,,100,2006-01-14T03:00:00,,,,,,,,,,,,,,,,,,,,,,,,,,,,,,,,,20.5,,,,,,,,,,,,,,,,,,,,,,,,,,,,,,,,,,,,,,,,,,,,,,,,,,,,,,,,,,,,,,,,,,,,,,,,,,,,,,,,,,,,,,,2.6,2006-01-14T10:00:00,,,,,,,,,,,,,,,,,,,,,,,,,,,,,,,,,,,,,,,,,,,,,,,,,,,,,,,,,,,,,,,,,,,,,,,,,,,,,,
2006-01-15,988.3,,990.0,2006-01-15T09:00:00,987.0,2006-01-15T13:00:00,19.8,26.4,2006-01-15T12:00:00,15.3,2006-01-15T07:00:00,17.5,88,56,2006-01-15T10:00:00,1.4,247.5,5.0,67.5,2006-01-15T11:00:00,0.0,,,,,3.6,5.91,1.5,,20.6,20.6,20.6,20.6,20.6,,,,,,,,,19.6,2006-01-15T17:00:00,,,,14.5,2006-01-15T10:00:00,,,,,,,,,,,,,,,,,,,,,,,,,99,2006-01-15T02:00:00,,,,,,,,,,,,,,,,,,,,,,,,,,,,,,,,,20.7,,,,,,,,,,,,,,,,,,,,,,,,,,,,,,,,,,,,,,,,,,,,,,,,,,,,,,,,,,,,,,,,,,,,,,,,,,,,,,,,,,,,,,,2.2,2006-01-15T07:00:00,,,,,,,,,,,,,,,,,,,,,,,,,,,,,,,,,,,,,,,,,,,,,,,,,,,,,,,,,,,,,,,,,,,,,,,,,,,,,,
2006-01-16,987.4,,988.7,2006-01-16T09:00:00,985.2,2006-01-16T14:00:00,20.5,24.1,2006-01-16T13:00:00,18.9,2006-01-16T06:00:00,20.1,98,84,2006-01-16T13:00:00,0.9,247.5,5.2,90.0,2006-01-16T21:00:00,1.5,,,,,0.7,3.78,0.0,,21.0,21.0,20.9,20.7,20.8,,,,,,,,,21.8,2006-01-16T17:00:00,,,,18.9,2006-01-16T05:00:00,,,,,,,,,,,,,,,,,,,,,,,,,100,2006-01-16T04:00:00,,,,,,,,,,,,,,,,,,,,,,,,,,,,,,,,,20.9,,,,,,,,,,,,,,,,,,,,,,,,,,,,,,,,,,,,,,,,,,,,,,,,,,,,,,,,,,,,,,,,,,,,,,,,,,,,,,,,,,,,,,,2.2,2006-01-16T22:00:00,,,,,,,,,,,,,,,,,,,,,,,,,,,,,,,,,,,,,,,,,,,,,,,,,,,,,,,,,,,,,,,,,,,,,,,,,,,,,,
2006-01-17,988.3,,990.0,2006-01-17T09:00:00,986.9,2006-01-17T14:00:00,21.1,26.9,2006-01-17T14:00:00,18.1,2006-01-17T05:00:00,19.8,92,71,2006-01-17T13:00:00,1.5,247.5,6.2,45.0,2006-01-17T09:00:00,1.0,,,,,3.1,5.88,0.4,,21.5,21.4,21.2,21.0,21.1,,,,,,,,,21.2,2006-01-17T14:00:00,,,,18.2,2006-01-17T07:00:00,,,,,,,,,,,,,,,,,,,,,,,,,100,2006-01-17T01:00:00,,,,,,,,,,,,,,,,,,,,,,,,,,,,,,,,,21.0,,,,,,,,,,,,,,,,,,,,,,,,,,,,,,,,,,,,,,,,,,,,,,,,,,,,,,,,,,,,,,,,,,,,,,,,,,,,,,,,,,,,,,,3.0,2006-01-17T12:00:00,,,,,,,,,,,,,,,,,,,,,,,,,,,,,,,,,,,,,,,,,,,,,,,,,,,,,,,,,,,,,,,,,,,,,,,,,,,,,,
2006-01-18,986.6,,988.6,2006-01-18T09:00:00,985.0,2006-01-18T15:00:00,20.7,26.6,2006-01-18T11:00:00,17.9,2006-01-18T02:00:00,20.1,96,74,2006-01-18T11:00:00,1.4,247.5,6.3,112.5,2006-01-18T12:00:00,0.5,,,,,1.7,4.55,0.4,,21.6,21.6,21.5,21.2,21.4,,,,,,,,,21.3,2006-01-18T15:00:00,,,,18.5,2006-01-18T02:00:00,,,,,,,,,,,,,,,,,,,,,,,,,100,2006-01-18T01:00:00,,,,,,,,,,,,,,,,,,,,,,,,,,,,,,,,,21.1,,,,,,,,,,,,,,,,,,,,,,,,,,,,,,,,,,,,,,,,,,,,,,,,,,,,,,,,,,,,,,,,,,,,,,,,,,,,,,,,,,,,,,,3.0,2006-01-18T13:00:00,,,,,,,,,,,,,,,,,,,,,,,,,,,,,,,,,,,,,,,,,,,,,,,,,,,,,,,,,,,,,,,,,,,,,,,,,,,,,,
2006-01-19,983.9,,986.0,2006-01-19T01:00:00,981.3,2006-01-19T15:00:00,21.0,27.0,2006-01-19T11:00:00,17.8,2006-01-19T08:00:00,19.5,92,67,2006-01-19T10:00:00,1.8,247.5,8.3,90.0,2006-01-19T11:00:00,0.0,,,,,4.0,5.29,1.1,,21.6,21.6,21.5,21.4,21.5,,,,,,,,,21.1,2006-01-19T17:00:00,,,,17.4,2006-01-19T07:00:00,,,,,,,,,,,,,,,,,,,,,,,,,100,2006-01-19T23:59:59,,,,,,,,,,,,,,,,,,,,,,,,,,,,,,,,,21.3,,,,,,,,,,,,,,,,,,,,,,,,,,,,,,,,,,,,,,,,,,,,,,,,,,,,,,,,,,,,,,,,,,,,,,,,,,,,,,,,,,,,,,,4.0,2006-01-19T11:00:00,,,,,,,,,,,,,,,,,,,,,,,,,,,,,,,,,,,,,,,,,,,,,,,,,,,,,,,,,,,,,,,,,,,,,,,,,,,,,,
2006-01-20,983.2,,984.8,2006-01-20T21:00:00,980.9,2006-01-20T14:00:00,20.5,25.1,2006-01-20T11:00:00,17.9,2006-01-20T06:00:00,19.6,95,76,2006-01-20T10:00:00,1.0,247.5,3.6,225.0,2006-01-20T04:00:00,3.0,,,,,0.6,3.6,0.9,,21.5,21.5,21.5,21.4,21.4,,,,,,,,,21.3,2006-01-20T16:00:00,,,,18.1,2006-01-20T06:00:00,,,,,,,,,,,,,,,,,,,,,,,,,100,2006-01-20T01:00:00,,,,,,,,,,,,,,,,,,,,,,,,,,,,,,,,,21.4,,,,,,,,,,,,,,,,,,,,,,,,,,,,,,,,,,,,,,,,,,,,,,,,,,,,,,,,,,,,,,,,,,,,,,,,,,,,,,,,,,,,,,,2.0,2006-01-20T04:00:00,,,,,,,,,,,,,,,,,,,,,,,,,,,,,,,,,,,,,,,,,,,,,,,,,,,,,,,,,,,,,,,,,,,,,,,,,,,,,,
2006-01-21,985.6,,987.5,2006-01-21T21:00:00,984.1,2006-01-21T14:00:00,17.8,21.7,2006-01-21T10:00:00,15.7,2006-01-21T23:59:59,17.2,96,81,2006-01-21T10:00:00,1.1,45.0,6.4,67.5,2006-01-21T23:59:59,2.5,,,,,0.4,2.22,0.5,,21.3,21.3,21.4,21.5,21.4,,,,,,,,,18.3,2006-01-21T01:00:00,,,,14.8,2006-01-21T23:59:59,,,,,,,,,,,,,,,,,,,,,,,,,100,2006-01-21T02:00:00,,,,,,,,,,,,,,,,,,,,,,,,,,,,,,,,,21.4,,,,,,,,,,,,,,,,,,,,,,,,,,,,,,,,,,,,,,,,,,,,,,,,,,,,,,,,,,,,,,,,,,,,,,,,,,,,,,,,,,,,,,,2.1,2006-01-21T10:00:00,,,,,,,,,,,,,,,,,,,,,,,,,,,,,,,,,,,,,,,,,,,,,,,,,,,,,,,,,,,,,,,,,,,,,,,,,,,,,,
2006-01-22,987.6,,989.3,2006-01-22T09:00:00,985.7,2006-01-22T15:00:00,15.8,18.5,2006-01-22T15:00:00,14.0,2006-01-22T23:59:59,13.9,89,76,2006-01-22T16:00:00,1.8,45.0,6.9,337.5,2006-01-22T04:00:00,1.5,,,,,0.0,3.0,0.7,,20.4,20.4,20.7,21.3,20.9,,,,,,,,,14.9,2006-01-22T12:00:00,,,,13.1,2006-01-22T16:00:00,,,,,,,,,,,,,,,,,,,,,,,,,97,2006-01-22T23:59:59,,,,,,,,,,,,,,,,,,,,,,,,,,,,,,,,,21.5,,,,,,,,,,,,,,,,,,,,,,,,,,,,,,,,,,,,,,,,,,,,,,,,,,,,,,,,,,,,,,,,,,,,,,,,,,,,,,,,,,,,,,,2.6,2006-01-22T03:00:00,,,,,,,,,,,,,,,,,,,,,,,,,,,,,,,,,,,,,,,,,,,,,,,,,,,,,,,,,,,,,,,,,,,,,,,,,,,,,,
2006-01-23,990.8,,993.0,2006-01-23T22:00:00,988.8,2006-01-23T02:00:00,16.4,21.7,2006-01-23T14:00:00,13.9,2006-01-23T04:00:00,12.2,77,58,2006-01-23T13:00:00,2.8,45.0,13.4,337.5,2006-01-23T05:00:00,0.0,,,,,4.0,8.37,2.5,,20.0,20.0,20.2,20.9,20.5,,,,,,,,,13.0,2006-01-23T01:00:00,,,,11.2,2006-01-23T16:00:00,,,,,,,,,,,,,,,,,,,,,,,,,92,2006-01-23T03:00:00,,,,,,,,,,,,,,,,,,,,,,,,,,,,,,,,,21.3,,,,,,,,,,,,,,,,,,,,,,,,,,,,,,,,,,,,,,,,,,,,,,,,,,,,,,,,,,,,,,,,,,,,,,,,,,,,,,,,,,,,,,,4.6,2006-01-23T19:00:00,,,,,,,,,,,,,,,,,,,,,,,,,,,,,,,,,,,,,,,,,,,,,,,,,,,,,,,,,,,,,,,,,,,,,,,,,,,,,,
2006-01-24,992.7,,994.7,2006-01-24T10:00:00,990.8,2006-01-24T15:00:00,17.1,21.9,2006-01-24T14:00:00,14.7,2006-01-24T06:00:00,12.8,77,57,2006-01-24T13:00:00,2.3,45.0,10.6,67.5,2006-01-24T11:00:00,0.0,,,,,2.7,6.69,1.5,,20.0,20.0,20.2,20.8,20.4,,,,,,,,,13.6,2006-01-24T22:00:00,,,,12.2,2006-01-24T08:00:00,,,,,,,,,,,,,,,,,,,,,,,,,86,2006-01-24T04:00:00,,,,,,,,,,,,,,,,,,,,,,,,,,,,,,,,,21.2,,,,,,,,,,,,,,,,,,,,,,,,,,,,,,,,,,,,,,,,,,,,,,,,,,,,,,,,,,,,,,,,,,,,,,,,,,,,,,,,,,,,,,,3.9,2006-01-24T11:00:00,,,,,,,,,,,,,,,,,,,,,,,,,,,,,,,,,,,,,,,,,,,,,,,,,,,,,,,,,,,,,,,,,,,,,,,,,,,,,,
2006-01-25,992.5,,994.3,2006-01-25T10:00:00,990.2,2006-01-25T15:00:00,18.9,25.0,2006-01-25T15:00:00,15.5,2006-01-25T04:00:00,15.0,79,57,2006-01-25T14:00:00,1.8,45.0,8.7,45.0,2006-01-25T23:59:59,0.0,,,,,3.0,7.16,2.1,,20.3,20.3,20.3,20.7,20.4,,,,,,,,,17.4,2006-01-25T16:00:00,,,,13.8,2006-01-25T02:00:00,,,,,,,,,,,,,,,,,,,,,,,,,92,2006-01-25T07:00:00,,,,,,,,,,,,,,,,,,,,,,,,,,,,,,,,,21.1,,,,,,,,,,,,,,,,,,,,,,,,,,,,,,,,,,,,,,,,,,,,,,,,,,,,,,,,,,,,,,,,,,,,,,,,,,,,,,,,,,,,,,,3.8,2006-01-25T23:59:59,,,,,,,,,,,,,,,,,,,,,,,,,,,,,,,,,,,,,,,,,,,,,,,,,,,,,,,,,,,,,,,,,,,,,,,,,,,,,,
2006-01-26,992.3,,994.3,2006-01-26T09:00:00,990.2,2006-01-26T15:00:00,18.3,22.2,2006-01-26T12:00:00,15.9,2006-01-26T06:00:00,14.5,79,64,2006-01-26T12:00:00,2.5,45.0,8.9,337.5,2006-01-26T03:00:00,0.0,,,,,2.0,6.01,1.6,,20.5,20.5,20.6,20.8,20.6,,,,,,,,,15.0,2006-01-26T11:00:00,,,,13.8,2006-01-26T23:59:59,,,,,,,,,,,,,,,,,,,,,,,,,89,2006-01-26T21:00:00,,,,,,,,,,,,,,,,,,,,,,,,,,,,,,,,,21.1,,,,,,,,,,,,,,,,,,,,,,,,,,,,,,,,,,,,,,,,,,,,,,,,,,,,,,,,,,,,,,,,,,,,,,,,,,,,,,,,,,,,,,,4.0,2006-01-26T08:00:00,,,,,,,,,,,,,,,,,,,,,,,,,,,,,,,,,,,,,,,,,,,,,,,,,,,,,,,,,,,,,,,,,,,,,,,,,,,,,,
2006-01-27,990.6,,992.1,2006-01-27T09:00:00,989.0,2006-01-27T15:00:00,17.2,20.8,2006-01-27T13:00:00,15.5,2006-01-27T05:00:00,14.7,86,69,2006-01-27T13:00:00,1.6,45.0,6.9,22.5,2006-01-27T11:00:00,0.5,,,,,0.4,4.53,0.9,,20.3,20.3,20.4,20.8,20.6,,,,,,,,,16.0,2006-01-27T20:00:00,,,,13.5,2006-01-27T02:00:00,,,,,,,,,,,,,,,,,,,,,,,,,100,2006-01-27T19:00:00,,,,,,,,,,,,,,,,,,,,,,,,,,,,,,,,,21.1,,,,,,,,,,,,,,,,,,,,,,,,,,,,,,,,,,,,,,,,,,,,,,,,,,,,,,,,,,,,,,,,,,,,,,,,,,,,,,,,,,,,,,,3.4,2006-01-27T11:00:00,,,,,,,,,,,,,,,,,,,,,,,,,,,,,,,,,,,,,,,,,,,,,,,,,,,,,,,,,,,,,,,,,,,,,,,,,,,,,,
2006-01-28,988.4,,990.6,2006-01-28T01:00:00,986.2,2006-01-28T15:00:00,17.7,21.5,2006-01-28T14:00:00,15.6,2006-01-28T03:00:00,17.0,95,74,2006-01-28T15:00:00,0.8,225.0,4.3,45.0,2006-01-28T10:00:00,1.5,,,,,0.0,4.61,0.1,,20.3,20.3,20.4,20.7,20.5,,,,,,,,,18.8,2006-01-28T17:00:00,,,,15.5,2006-01-28T01:00:00,,,,,,,,,,,,,,,,,,,,,,,,,100,2006-01-28T03:00:00,,,,,,,,,,,,,,,,,,,,,,,,,,,,,,,,,21.1,,,,,,,,,,,,,,,,,,,,,,,,,,,,,,,,,,,,,,,,,,,,,,,,,,,,,,,,,,,,,,,,,,,,,,,,,,,,,,,,,,,,,,,1.5,2006-01-28T10:00:00,,,,,,,,,,,,,,,,,,,,,,,,,,,,,,,,,,,,,,,,,,,,,,,,,,,,,,,,,,,,,,,,,,,,,,,,,,,,,,
2006-01-29,988.9,,991.1,2006-01-29T23:00:00,987.0,2006-01-29T04:00:00,19.3,24.1,2006-01-29T13:00:00,17.3,2006-01-29T05:00:00,19.0,97,79,2006-01-29T13:00:00,1.1,45.0,5.2,22.5,2006-01-29T22:00:00,8.5,,,,,0.3,4.97,0.1,,20.9,20.9,20.8,20.8,20.7,,,,,,,,,20.7,2006-01-29T15:00:00,,,,17.9,2006-01-29T04:00:00,,,,,,,,,,,,,,,,,,,,,,,,,100,2006-01-29T01:00:00,,,,,,,,,,,,,,,,,,,,,,,,,,,,,,,,,21.1,,,,,,,,,,,,,,,,,,,,,,,,,,,,,,,,,,,,,,,,,,,,,,,,,,,,,,,,,,,,,,,,,,,,,,,,,,,,,,,,,,,,,,,2.2,2006-01-29T12:00:00,,,,,,,,,,,,,,,,,,,,,,,,,,,,,,,,,,,,,,,,,,,,,,,,,,,,,,,,,,,,,,,,,,,,,,,,,,,,,,
2006-01-30,990.2,,991.6,2006-01-30T10:00:00,988.5,2006-01-30T15:00:00,20.9,27.5,2006-01-30T13:00:00,17.3,2006-01-30T23:59:59,18.5,87,68,2006-01-30T13:00:00,2.1,45.0,10.1,45.0,2006-01-30T11:00:00,0.5,,,,,5.4,9.46,2.6,,21.6,21.5,21.3,21.1,21.2,,,,,,,,,20.4,2006-01-30T11:00:00,,,,17.0,2006-01-30T17:00:00,,,,,,,,,,,,,,,,,,,,,,,,,100,2006-01-30T01:00:00,,,,,,,,,,,,,,,,,,,,,,,,,,,,,,,,,21.1,,,,,,,,,,,,,,,,,,,,,,,,,,,,,,,,,,,,,,,,,,,,,,,,,,,,,,,,,,,,,,,,,,,,,,,,,,,,,,,,,,,,,,,4.2,2006-01-30T14:00:00,,,,,,,,,,,,,,,,,,,,,,,,,,,,,,,,,,,,,,,,,,,,,,,,,,,,,,,,,,,,,,,,,,,,,,,,,,,,,,
2006-01-31,989.1,,990.3,2006-01-31T08:00:00,987.2,2006-01-31T14:00:00,20.2,27.1,2006-01-31T12:00:00,15.2,2006-01-31T07:00:00,17.6,86,53,2006-01-31T11:00:00,1.6,225.0,7.8,67.5,2006-01-31T12:00:00,0.0,,,,,5.8,8.5,2.2,,21.5,21.5,21.4,21.3,21.4,,,,,,,,,19.2,2006-01-31T16:00:00,,,,15.5,2006-01-31T06:00:00,,,,,,,,,,,,,,,,,,,,,,,,,100,2006-01-31T03:00:00,,,,,,,,,,,,,,,,,,,,,,,,,,,,,,,,,21.3,,,,,,,,,,,,,,,,,,,,,,,,,,,,,,,,,,,,,,,,,,,,,,,,,,,,,,,,,,,,,,,,,,,,,,,,,,,,,,,,,,,,,,,3.4,2006-01-31T13:00:00,,,,,,,,,,,,,,,,,,,,,,,,,,,,,,,,,,,,,,,,,,,,,,,,,,,,,,,,,,,,,,,,,,,,,,,,,,,,,,
2006-02-01,992.4,,995.4,2006-02-01T22:00:00,990.1,2006-02-01T03:00:00,19.0,22.0,2006-02-01T15:00:00,16.6,2006-02-01T23:59:59,16.4,85,76,2006-02-01T14:00:00,1.5,22.5,10.1,22.5,2006-02-01T18:00:00,0.0,,,,,0.0,3.45,1.4,,21.3,21.3,21.4,21.4,21.4,,,,,,,,,18.5,2006-02-01T01:00:00,,,,13.9,2006-02-01T23:00:00,,,,,,,,,,,,,,,,,,,,,,,,,99,2006-02-01T01:00:00,,,,,,,,,,,,,,,,,,,,,,,,,,,,,,,,,21.4,,,,,,,,,,,,,,,,,,,,,,,,,,,,,,,,,,,,,,,,,,,,,,,,,,,,,,,,,,,,,,,,,,,,,,,,,,,,,,,,,,,,,,,2.5,2006-02-01T22:00:00,,,,,,,,,,,,,,,,,,,,,,,,,,,,,,,,,,,,,,,,,,,,,,,,,,,,,,,,,,,,,,,,,,,,,,,,,,,,,,
2006-02-02,994.2,,996.1,2006-02-02T10:00:00,992.3,2006-02-02T15:00:00,18.1,23.9,2006-02-02T13:00:00,14.7,2006-02-02T07:00:00,14.0,78,58,2006-02-02T12:00:00,1.6,225.0,12.7,67.5,2006-02-02T01:00:00,0.0,,,,,2.7,6.96,1.9,,20.9,20.9,21.0,21.3,21.2,,,,,,,,,15.6,2006-02-02T16:00:00,,,,12.9,2006-02-02T14:00:00,,,,,,,,,,,,,,,,,,,,,,,,,92,2006-02-02T03:00:00,,,,,,,,,,,,,,,,,,,,,,,,,,,,,,,,,21.4,,,,,,,,,,,,,,,,,,,,,,,,,,,,,,,,,,,,,,,,,,,,,,,,,,,,,,,,,,,,,,,,,,,,,,,,,,,,,,,,,,,,,,,2.7,2006-02-02T09:00:00,,,,,,,,,,,,,,,,,,,,,,,,,,,,,,,,,,,,,,,,,,,,,,,,,,,,,,,,,,,,,,,,,,,,,,,,,,,,,,
2006-02-03,995.4,,998.4,2006-02-03T23:00:00,993.5,2006-02-03T04:00:00,18.7,24.8,2006-02-03T13:00:00,15.3,2006-02-03T03:00:00,15.0,80,58,2006-02-03T11:00:00,2.1,225.0,12.1,22.5,2006-02-03T17:00:00,0.0,,,,,5.4,9.13,1.8,,21.0,21.0,21.0,21.2,21.1,,,,,,,,,17.6,2006-02-03T14:00:00,,,,12.8,2006-02-03T23:59:59,,,,,,,,,,,,,,,,,,,,,,,,,93,2006-02-03T06:00:00,,,,,,,,,,,,,,,,,,,,,,,,,,,,,,,,,21.4,,,,,,,,,,,,,,,,,,,,,,,,,,,,,,,,,,,,,,,,,,,,,,,,,,,,,,,,,,,,,,,,,,,,,,,,,,,,,,,,,,,,,,,4.3,2006-02-03T19:00:00,,,,,,,,,,,,,,,,,,,,,,,,,,,,,,,,,,,,,,,,,,,,,,,,,,,,,,,,,,,,,,,,,,,,,,,,,,,,,,
2006-02-04,998.3,,999.7,2006-02-04T09:00:00,996.7,2006-02-04T15:00:00,15.8,20.1,2006-02-04T12:00:00,13.7,2006-02-04T23:59:59,11.3,75,62,2006-02-04T12:00:00,2.7,45.0,16.6,360.0,2006-02-04T05:00:00,0.0,,,,,2.0,6.84,2.5,,20.5,20.5,20.7,21.2,20.9,,,,,,,,,12.8,2006-02-04T01:00:00,,,,10.2,2006-02-04T17:00:00,,,,,,,,,,,,,,,,,,,,,,,,,85,2006-02-04T03:00:00,,,,,,,,,,,,,,,,,,,,,,,,,,,,,,,,,21.4,,,,,,,,,,,,,,,,,,,,,,,,,,,,,,,,,,,,,,,,,,,,,,,,,,,,,,,,,,,,,,,,,,,,,,,,,,,,,,,,,,,,,,,4.5,2006-02-04T13:00:00,,,,,,,,,,,,,,,,,,,,,,,,,,,,,,,,,,,,,,,,,,,,,,,,,,,,,,,,,,,,,,,,,,,,,,,,,,,,,,
2006-02-05,994.8,,998.1,2006-02-05T01:00:00,991.2,2006-02-05T23:59:59,16.2,22.9,2006-02-05T14:00:00,13.1,2006-02-05T07:00:00,12.2,79,54,2006-02-05T13:00:00,2.0,225.0,9.3,22.5,2006-02-05T10:00:00,0.0,,,,,3.1,8.26,2.4,,20.0,20.0,20.2,20.9,20.5,,,,,,,,,14.2,2006-02-05T15:00:00,,,,10.5,2006-02-05T05:00:00,,,,,,,,,,,,,,,,,,,,,,,,,92,2006-02-05T23:59:59,,,,,,,,,,,,,,,,,,,,,,,,,,,,,,,,,21.3,,,,,,,,,,,,,,,,,,,,,,,,,,,,,,,,,,,,,,,,,,,,,,,,,,,,,,,,,,,,,,,,,,,,,,,,,,,,,,,,,,,,,,,3.3,2006-02-05T11:00:00,,,,,,,,,,,,,,,,,,,,,,,,,,,,,,,,,,,,,,,,,,,,,,,,,,,,,,,,,,,,,,,,,,,,,,,,,,,,,,
2006-02-06,990.3,,991.9,2006-02-06T23:00:00,988.2,2006-02-06T16:00:00,17.5,23.6,2006-02-06T14:00:00,12.0,2006-02-06T05:00:00,15.1,87,58,2006-02-06T10:00:00,1.5,225.0,5.8,180.0,2006-02-06T12:00:00,0.5,,,,,4.0,6.54,0.4,,19.8,19.8,20.0,20.7,20.3,,,,,,,,,18.3,2006-02-06T17:00:00,,,,12.0,2006-02-06T04:00:00,,,,,,,,,,,,,,,,,,,,,,,,,100,2006-02-06T18:00:00,,,,,,,,,,,,,,,,,,,,,,,,,,,,,,,,,21.2,,,,,,,,,,,,,,,,,,,,,,,,,,,,,,,,,,,,,,,,,,,,,,,,,,,,,,,,,,,,,,,,,,,,,,,,,,,,,,,,,,,,,,,3.1,2006-02-06T14:00:00,,,,,,,,,,,,,,,,,,,,,,,,,,,,,,,,,,,,,,,,,,,,,,,,,,,,,,,,,,,,,,,,,,,,,,,,,,,,,,
2006-02-07,994.1,,998.6,2006-02-07T23:00:00,991.4,2006-02-07T03:00:00,17.6,24.7,2006-02-07T13:00:00,14.4,2006-02-07T23:59:59,14.8,85,63,2006-02-07T11:00:00,2.0,22.5,11.4,45.0,2006-02-07T23:00:00,0.0,,,,,3.4,6.51,1.4,,20.2,20.2,20.2,20.7,20.4,,,,,,,,,16.2,2006-02-07T01:00:00,,,,12.2,2006-02-07T23:59:59,,,,,,,,,,,,,,,,,,,,,,,,,99,2006-02-07T02:00:00,,,,,,,,,,,,,,,,,,,,,,,,,,,,,,,,,21.1,,,,,,,,,,,,,,,,,,,,,,,,,,,,,,,,,,,,,,,,,,,,,,,,,,,,,,,,,,,,,,,,,,,,,,,,,,,,,,,,,,,,,,,3.6,2006-02-07T09:00:00,,,,,,,,,,,,,,,,,,,,,,,,,,,,,,,,,,,,,,,,,,,,,,,,,,,,,,,,,,,,,,,,,,,,,,,,,,,,,,
2006-02-08,999.9,,1002.4,2006-02-08T23:00:00,998.1,2006-02-08T03:00:00,14.2,16.5,2006-02-08T12:00:00,12.8,2006-02-08T23:00:00,11.3,83,73,2006-02-08T12:00:00,2.5,45.0,8.5,22.5,2006-02-08T15:00:00,0.0,,,,,0.0,3.19,1.7,,19.5,19.6,19.9,20.6,20.2,,,,,,,,,12.0,2006-02-08T01:00:00,,,,10.3,2006-02-08T23:59:59,,,,,,,,,,,,,,,,,,,,,,,,,90,2006-02-08T19:00:00,,,,,,,,,,,,,,,,,,,,,,,,,,,,,,,,,21.0,,,,,,,,,,,,,,,,,,,,,,,,,,,,,,,,,,,,,,,,,,,,,,,,,,,,,,,,,,,,,,,,,,,,,,,,,,,,,,,,,,,,,,,3.7,2006-02-08T10:00:00,,,,,,,,,,,,,,,,,,,,,,,,,,,,,,,,,,,,,,,,,,,,,,,,,,,,,,,,,,,,,,,,,,,,,,,,,,,,,,
2006-02-09,999.3,,1001.9,2006-02-09T09:00:00,996.6,2006-02-09T16:00:00,15.2,21.3,2006-02-09T13:00:00,12.4,2006-02-09T03:00:00,11.0,77,57,2006-02-09T12:00:00,2.0,22.5,8.9,22.5,2006-02-09T12:00:00,0.0,,,,,3.2,8.27,2.1,,19.2,19.2,19.4,20.3,19.7,,,,,,,,,12.1,2006-02-09T22:00:00,,,,10.0,2006-02-09T06:00:00,,,,,,,,,,,,,,,,,,,,,,,,,90,2006-02-09T23:59:59,,,,,,,,,,,,,,,,,,,,,,,,,,,,,,,,,20.9,,,,,,,,,,,,,,,,,,,,,,,,,,,,,,,,,,,,,,,,,,,,,,,,,,,,,,,,,,,,,,,,,,,,,,,,,,,,,,,,,,,,,,,3.6,2006-02-09T10:00:00,,,,,,,,,,,,,,,,,,,,,,,,,,,,,,,,,,,,,,,,,,,,,,,,,,,,,,,,,,,,,,,,,,,,,,,,,,,,,,
2006-02-10,992.9,,996.2,2006-02-10T01:00:00,990.0,2006-02-10T15:00:00,15.9,22.5,2006-02-10T11:00:00,10.5,2006-02-10T06:00:00,13.3,85,61,2006-02-10T10:00:00,1.5,225.0,6.9,45.0,2006-02-10T12:00:00,0.0,,,,,3.0,6.12,1.1,,19.1,19.2,19.4,20.2,19.7,,,,,,,,,15.5,2006-02-10T17:00:00,,,,10.8,2006-02-10T05:00:00,,,,,,,,,,,,,,,,,,,,,,,,,100,2006-02-10T06:00:00,,,,,,,,,,,,,,,,,,,,,,,,,,,,,,,,,20.8,,,,,,,,,,,,,,,,,,,,,,,,,,,,,,,,,,,,,,,,,,,,,,,,,,,,,,,,,,,,,,,,,,,,,,,,,,,,,,,,,,,,,,,3.7,2006-02-10T11:00:00,,,,,,,,,,,,,,,,,,,,,,,,,,,,,,,,,,,,,,,,,,,,,,,,,,,,,,,,,,,,,,,,,,,,,,,,,,,,,,
2006-02-11,990.0,,991.1,2006-02-11T09:00:00,988.1,2006-02-11T15:00:00,17.7,24.3,2006-02-11T11:00:00,12.5,2006-02-11T07:00:00,15.5,88,63,2006-02-11T10:00:00,1.4,225.0,9.1,45.0,2006-02-11T12:00:00,0.0,,,,,3.2,6.12,1.0,,19.2,19.2,19.4,20.0,19.6,,,,,,,,,18.2,2006-02-11T16:00:00,,,,12.9,2006-02-11T06:00:00,,,,,,,,,,,,,,,,,,,,,,,,,100,2006-02-11T02:00:00,,,,,,,,,,,,,,,,,,,,,,,,,,,,,,,,,20.7,,,,,,,,,,,,,,,,,,,,,,,,,,,,,,,,,,,,,,,,,,,,,,,,,,,,,,,,,,,,,,,,,,,,,,,,,,,,,,,,,,,,,,,3.9,2006-02-11T11:00:00,,,,,,,,,,,,,,,,,,,,,,,,,,,,,,,,,,,,,,,,,,,,,,,,,,,,,,,,,,,,,,,,,,,,,,,,,,,,,,
2006-02-12,993.5,,996.1,2006-02-12T21:00:00,990.2,2006-02-12T03:00:00,16.4,18.3,2006-02-12T03:00:00,14.1,2006-02-12T22:00:00,13.9,86,73,2006-02-12T14:00:00,2.0,22.5,12.3,22.5,2006-02-12T12:00:00,0.0,,,,,0.0,3.16,1.0,,19.4,19.4,19.6,20.1,19.7,,,,,,,,,15.9,2006-02-12T01:00:00,,,,12.2,2006-02-12T14:00:00,,,,,,,,,,,,,,,,,,,,,,,,,96,2006-02-12T22:00:00,,,,,,,,,,,,,,,,,,,,,,,,,,,,,,,,,20.6,,,,,,,,,,,,,,,,,,,,,,,,,,,,,,,,,,,,,,,,,,,,,,,,,,,,,,,,,,,,,,,,,,,,,,,,,,,,,,,,,,,,,,,3.7,2006-02-12T16:00:00,,,,,,,,,,,,,,,,,,,,,,,,,,,,,,,,,,,,,,,,,,,,,,,,,,,,,,,,,,,,,,,,,,,,,,,,,,,,,,
2006-02-13,991.5,,994.1,2006-02-13T10:00:00,989.3,2006-02-13T15:00:00,17.8,22.1,2006-02-13T15:00:00,14.6,2006-02-13T04:00:00,15.1,85,69,2006-02-13T14:00:00,1.2,225.0,5.4,22.5,2006-02-13T01:00:00,0.0,,,,,0.1,4.96,1.2,,19.2,19.3,19.4,20.0,19.6,,,,,,,,,17.0,2006-02-13T18:00:00,,,,12.7,2006-02-13T01:00:00,,,,,,,,,,,,,,,,,,,,,,,,,94,2006-02-13T06:00:00,,,,,,,,,,,,,,,,,,,,,,,,,,,,,,,,,20.6,,,,,,,,,,,,,,,,,,,,,,,,,,,,,,,,,,,,,,,,,,,,,,,,,,,,,,,,,,,,,,,,,,,,,,,,,,,,,,,,,,,,,,,2.1,2006-02-13T11:00:00,,,,,,,,,,,,,,,,,,,,,,,,,,,,,,,,,,,,,,,,,,,,,,,,,,,,,,,,,,,,,,,,,,,,,,,,,,,,,,
2006-02-14,988.9,,990.8,2006-02-14T09:00:00,987.4,2006-02-14T16:00:00,19.5,23.9,2006-02-14T12:00:00,17.5,2006-02-14T06:00:00,18.4,93,73,2006-02-14T11:00:00,1.1,225.0,5.1,67.5,2006-02-14T13:00:00,2.5,,,,,0.1,3.67,0.2,,20.0,20.0,19.9,20.1,19.9,,,,,,,,,20.5,2006-02-14T16:00:00,,,,16.2,2006-02-14T01:00:00,,,,,,,,,,,,,,,,,,,,,,,,,100,2006-02-14T16:00:00,,,,,,,,,,,,,,,,,,,,,,,,,,,,,,,,,20.5,,,,,,,,,,,,,,,,,,,,,,,,,,,,,,,,,,,,,,,,,,,,,,,,,,,,,,,,,,,,,,,,,,,,,,,,,,,,,,,,,,,,,,,2.6,2006-02-14T13:00:00,,,,,,,,,,,,,,,,,,,,,,,,,,,,,,,,,,,,,,,,,,,,,,,,,,,,,,,,,,,,,,,,,,,,,,,,,,,,,,
2006-02-15,986.0,,987.8,2006-02-15T09:00:00,983.9,2006-02-15T16:00:00,22.1,27.2,2006-02-15T12:00:00,18.4,2006-02-15T01:00:00,21.0,94,74,2006-02-15T11:00:00,1.8,225.0,8.6,45.0,2006-02-15T12:00:00,2.0,,,,,3.0,6.4,0.8,,20.8,20.8,20.5,20.3,20.4,,,,,,,,,22.8,2006-02-15T18:00:00,,,,18.9,2006-02-15T01:00:00,,,,,,,,,,,,,,,,,,,,,,,,,100,2006-02-15T01:00:00,,,,,,,,,,,,,,,,,,,,,,,,,,,,,,,,,20.6,,,,,,,,,,,,,,,,,,,,,,,,,,,,,,,,,,,,,,,,,,,,,,,,,,,,,,,,,,,,,,,,,,,,,,,,,,,,,,,,,,,,,,,4.1,2006-02-15T13:00:00,,,,,,,,,,,,,,,,,,,,,,,,,,,,,,,,,,,,,,,,,,,,,,,,,,,,,,,,,,,,,,,,,,,,,,,,,,,,,,
2006-02-16,986.4,,990.8,2006-02-16T23:59:59,983.9,2006-02-16T14:00:00,23.6,30.2,2006-02-16T13:00:00,18.6,2006-02-16T07:00:00,20.8,86,65,2006-02-16T12:00:00,1.8,225.0,12.6,22.5,2006-02-16T23:00:00,0.0,,,,,6.5,10.6,2.8,,21.9,21.8,21.4,20.8,21.1,,,,,,,,,24.3,2006-02-16T14:00:00,,,,17.4,2006-02-16T23:59:59,,,,,,,,,,,,,,,,,,,,,,,,,100,2006-02-16T02:00:00,,,,,,,,,,,,,,,,,,,,,,,,,,,,,,,,,20.7,,,,,,,,,,,,,,,,,,,,,,,,,,,,,,,,,,,,,,,,,,,,,,,,,,,,,,,,,,,,,,,,,,,,,,,,,,,,,,,,,,,,,,,3.4,2006-02-16T22:00:00,,,,,,,,,,,,,,,,,,,,,,,,,,,,,,,,,,,,,,,,,,,,,,,,,,,,,,,,,,,,,,,,,,,,,,,,,,,,,,
2006-02-17,993.4,,995.7,2006-02-17T22:00:00,990.8,2006-02-17T01:00:00,18.0,22.4,2006-02-17T11:00:00,15.3,2006-02-17T23:00:00,14.7,81,69,2006-02-17T12:00:00,2.6,45.0,10.4,45.0,2006-02-17T15:00:00,0.0,,,,,1.4,5.66,2.9,,21.8,21.8,21.8,21.3,21.6,,,,,,,,,17.1,2006-02-17T01:00:00,,,,12.9,2006-02-17T23:59:59,,,,,,,,,,,,,,,,,,,,,,,,,87,2006-02-17T23:00:00,,,,,,,,,,,,,,,,,,,,,,,,,,,,,,,,,21.0,,,,,,,,,,,,,,,,,,,,,,,,,,,,,,,,,,,,,,,,,,,,,,,,,,,,,,,,,,,,,,,,,,,,,,,,,,,,,,,,,,,,,,,4.2,2006-02-17T12:00:00,,,,,,,,,,,,,,,,,,,,,,,,,,,,,,,,,,,,,,,,,,,,,,,,,,,,,,,,,,,,,,,,,,,,,,,,,,,,,,
2006-02-18,991.8,,994.9,2006-02-18T01:00:00,989.3,2006-02-18T15:00:00,17.3,20.4,2006-02-18T14:00:00,15.0,2006-02-18T04:00:00,15.5,89,76,2006-02-18T12:00:00,1.7,45.0,7.3,22.5,2006-02-18T12:00:00,0.5,,,,,0.0,4.12,0.5,,20.8,20.8,21.0,21.2,21.1,,,,,,,,,18.2,2006-02-18T17:00:00,,,,12.9,2006-02-18T02:00:00,,,,,,,,,,,,,,,,,,,,,,,,,100,2006-02-18T19:00:00,,,,,,,,,,,,,,,,,,,,,,,,,,,,,,,,,21.2,,,,,,,,,,,,,,,,,,,,,,,,,,,,,,,,,,,,,,,,,,,,,,,,,,,,,,,,,,,,,,,,,,,,,,,,,,,,,,,,,,,,,,,3.1,2006-02-18T13:00:00,,,,,,,,,,,,,,,,,,,,,,,,,,,,,,,,,,,,,,,,,,,,,,,,,,,,,,,,,,,,,,,,,,,,,,,,,,,,,,
2006-02-19,988.7,,990.0,2006-02-19T23:59:59,986.7,2006-02-19T14:00:00,20.0,26.4,2006-02-19T13:00:00,17.0,2006-02-19T02:00:00,18.3,90,64,2006-02-19T13:00:00,1.2,225.0,6.1,45.0,2006-02-19T18:00:00,0.0,,,,,2.9,6.56,1.2,,21.1,21.1,21.0,21.1,21.0,,,,,,,,,19.3,2006-02-19T17:00:00,,,,17.3,2006-02-19T04:00:00,,,,,,,,,,,,,,,,,,,,,,,,,100,2006-02-19T01:00:00,,,,,,,,,,,,,,,,,,,,,,,,,,,,,,,,,21.2,,,,,,,,,,,,,,,,,,,,,,,,,,,,,,,,,,,,,,,,,,,,,,,,,,,,,,,,,,,,,,,,,,,,,,,,,,,,,,,,,,,,,,,2.5,2006-02-19T11:00:00,,,,,,,,,,,,,,,,,,,,,,,,,,,,,,,,,,,,,,,,,,,,,,,,,,,,,,,,,,,,,,,,,,,,,,,,,,,,,,
2006-02-20,989.8,,991.1,2006-02-20T09:00:00,987.9,2006-02-20T15:00:00,19.9,23.4,2006-02-20T12:00:00,17.9,2006-02-20T05:00:00,18.0,90,73,2006-02-20T12:00:00,1.4,225.0,6.1,45.0,2006-02-20T11:00:00,0.0,,,,,0.2,4.84,0.1,,21.5,21.5,21.4,21.3,21.3,,,,,,,,,18.7,2006-02-20T18:00:00,,,,17.4,2006-02-20T08:00:00,,,,,,,,,,,,,,,,,,,,,,,,,100,2006-02-20T05:00:00,,,,,,,,,,,,,,,,,,,,,,,,,,,,,,,,,21.2,,,,,,,,,,,,,,,,,,,,,,,,,,,,,,,,,,,,,,,,,,,,,,,,,,,,,,,,,,,,,,,,,,,,,,,,,,,,,,,,,,,,,,,2.8,2006-02-20T10:00:00,,,,,,,,,,,,,,,,,,,,,,,,,,,,,,,,,,,,,,,,,,,,,,,,,,,,,,,,,,,,,,,,,,,,,,,,,,,,,,
2006-02-21,989.8,,991.2,2006-02-21T10:00:00,988.2,2006-02-21T15:00:00,20.7,27.5,2006-02-21T12:00:00,15.5,2006-02-21T07:00:00,18.4,88,62,2006-02-21T11:00:00,1.7,225.0,7.8,90.0,2006-02-21T13:00:00,0.0,,,,,6.1,9.88,3.0,,21.7,21.6,21.5,21.4,21.4,,,,,,,,,20.7,2006-02-21T12:00:00,,,,15.6,2006-02-21T06:00:00,,,,,,,,,,,,,,,,,,,,,,,,,100,2006-02-21T02:00:00,,,,,,,,,,,,,,,,,,,,,,,,,,,,,,,,,21.3,,,,,,,,,,,,,,,,,,,,,,,,,,,,,,,,,,,,,,,,,,,,,,,,,,,,,,,,,,,,,,,,,,,,,,,,,,,,,,,,,,,,,,,3.5,2006-02-21T13:00:00,,,,,,,,,,,,,,,,,,,,,,,,,,,,,,,,,,,,,,,,,,,,,,,,,,,,,,,,,,,,,,,,,,,,,,,,,,,,,,
2006-02-22,989.0,,990.5,2006-02-22T23:59:59,987.0,2006-02-22T15:00:00,21.4,27.0,2006-02-22T12:00:00,17.7,2006-02-22T04:00:00,19.4,89,63,2006-02-22T10:00:00,1.3,225.0,8.2,45.0,2006-02-22T23:59:59,0.0,,,,,2.5,5.52,1.3,,22.0,22.0,21.8,21.6,21.7,,,,,,,,,21.3,2006-02-22T16:00:00,,,,16.9,2006-02-22T08:00:00,,,,,,,,,,,,,,,,,,,,,,,,,99,2006-02-22T22:00:00,,,,,,,,,,,,,,,,,,,,,,,,,,,,,,,,,21.4,,,,,,,,,,,,,,,,,,,,,,,,,,,,,,,,,,,,,,,,,,,,,,,,,,,,,,,,,,,,,,,,,,,,,,,,,,,,,,,,,,,,,,,3.4,2006-02-22T23:59:59,,,,,,,,,,,,,,,,,,,,,,,,,,,,,,,,,,,,,,,,,,,,,,,,,,,,,,,,,,,,,,,,,,,,,,,,,,,,,,
2006-02-23,990.4,,992.3,2006-02-23T10:00:00,988.8,2006-02-23T15:00:00,19.1,23.0,2006-02-23T12:00:00,17.0,2006-02-23T21:00:00,16.5,86,68,2006-02-23T14:00:00,2.2,22.5,8.3,315.0,2006-02-23T04:00:00,5.0,,,,,0.1,6.22,1.1,,21.9,21.9,21.9,21.7,21.8,,,,,,,,,18.1,2006-02-23T01:00:00,,,,15.8,2006-02-23T06:00:00,,,,,,,,,,,,,,,,,,,,,,,,,99,2006-02-23T19:00:00,,,,,,,,,,,,,,,,,,,,,,,,,,,,,,,,,21.5,,,,,,,,,,,,,,,,,,,,,,,,,,,,,,,,,,,,,,,,,,,,,,,,,,,,,,,,,,,,,,,,,,,,,,,,,,,,,,,,,,,,,,,3.7,2006-02-23T09:00:00,,,,,,,,,,,,,,,,,,,,,,,,,,,,,,,,,,,,,,,,,,,,,,,,,,,,,,,,,,,,,,,,,,,,,,,,,,,,,,
2006-02-24,989.8,,991.5,2006-02-24T10:00:00,988.2,2006-02-24T15:00:00,19.4,23.9,2006-02-24T12:00:00,17.3,2006-02-24T02:00:00,16.9,86,73,2006-02-24T12:00:00,1.9,22.5,8.6,337.5,2006-02-24T11:00:00,0.0,,,,,0.5,6.16,1.1,,21.7,21.7,21.7,21.7,21.7,,,,,,,,,18.7,2006-02-24T12:00:00,,,,16.0,2006-02-24T18:00:00,,,,,,,,,,,,,,,,,,,,,,,,,100,2006-02-24T02:00:00,,,,,,,,,,,,,,,,,,,,,,,,,,,,,,,,,21.6,,,,,,,,,,,,,,,,,,,,,,,,,,,,,,,,,,,,,,,,,,,,,,,,,,,,,,,,,,,,,,,,,,,,,,,,,,,,,,,,,,,,,,,3.7,2006-02-24T12:00:00,,,,,,,,,,,,,,,,,,,,,,,,,,,,,,,,,,,,,,,,,,,,,,,,,,,,,,,,,,,,,,,,,,,,,,,,,,,,,,
2006-02-25,985.7,,988.9,2006-02-25T01:00:00,983.7,2006-02-25T15:00:00,20.6,26.5,2006-02-25T11:00:00,16.3,2006-02-25T07:00:00,18.5,89,63,2006-02-25T10:00:00,1.9,225.0,8.1,67.5,2006-02-25T12:00:00,0.5,,,,,4.6,6.87,1.5,,21.7,21.7,21.7,21.7,21.7,,,,,,,,,20.4,2006-02-25T18:00:00,,,,16.6,2006-02-25T01:00:00,,,,,,,,,,,,,,,,,,,,,,,,,100,2006-02-25T05:00:00,,,,,,,,,,,,,,,,,,,,,,,,,,,,,,,,,21.6,,,,,,,,,,,,,,,,,,,,,,,,,,,,,,,,,,,,,,,,,,,,,,,,,,,,,,,,,,,,,,,,,,,,,,,,,,,,,,,,,,,,,,,4.2,2006-02-25T13:00:00,,,,,,,,,,,,,,,,,,,,,,,,,,,,,,,,,,,,,,,,,,,,,,,,,,,,,,,,,,,,,,,,,,,,,,,,,,,,,,
2006-02-26,986.7,,990.0,2006-02-26T22:00:00,982.8,2006-02-26T04:00:00,18.4,20.5,2006-02-26T08:00:00,16.9,2006-02-26T23:59:59,16.7,90,80,2006-02-26T19:00:00,1.8,225.0,9.7,292.5,2006-02-26T16:00:00,2.0,,,,,0.0,2.48,0.5,,21.3,21.3,21.5,21.7,21.6,,,,,,,,,18.8,2006-02-26T01:00:00,,,,14.0,2006-02-26T20:00:00,,,,,,,,,,,,,,,,,,,,,,,,,99,2006-02-26T02:00:00,,,,,,,,,,,,,,,,,,,,,,,,,,,,,,,,,21.7,,,,,,,,,,,,,,,,,,,,,,,,,,,,,,,,,,,,,,,,,,,,,,,,,,,,,,,,,,,,,,,,,,,,,,,,,,,,,,,,,,,,,,,3.1,2006-02-26T14:00:00,,,,,,,,,,,,,,,,,,,,,,,,,,,,,,,,,,,,,,,,,,,,,,,,,,,,,,,,,,,,,,,,,,,,,,,,,,,,,,
2006-02-27,989.8,,991.5,2006-02-27T09:00:00,988.6,2006-02-27T03:00:00,18.8,23.1,2006-02-27T12:00:00,15.9,2006-02-27T23:59:59,14.5,77,64,2006-02-27T14:00:00,2.8,22.5,14.4,22.5,2006-02-27T12:00:00,0.5,,,,,4.0,9.79,2.7,,21.0,21.0,21.1,21.5,21.2,,,,,,,,,15.6,2006-02-27T10:00:00,,,,13.6,2006-02-27T20:00:00,,,,,,,,,,,,,,,,,,,,,,,,,89,2006-02-27T01:00:00,,,,,,,,,,,,,,,,,,,,,,,,,,,,,,,,,21.6,,,,,,,,,,,,,,,,,,,,,,,,,,,,,,,,,,,,,,,,,,,,,,,,,,,,,,,,,,,,,,,,,,,,,,,,,,,,,,,,,,,,,,,5.5,2006-02-27T15:00:00,,,,,,,,,,,,,,,,,,,,,,,,,,,,,,,,,,,,,,,,,,,,,,,,,,,,,,,,,,,,,,,,,,,,,,,,,,,,,,
2006-02-28,986.0,,988.5,2006-02-28T01:00:00,982.9,2006-02-28T16:00:00,19.7,25.5,2006-02-28T15:00:00,14.9,2006-02-28T05:00:00,16.4,83,55,2006-02-28T15:00:00,1.5,202.5,7.3,360.0,2006-02-28T01:00:00,0.0,,,,,2.2,7.6,1.3,,21.1,21.1,21.1,21.4,21.2,,,,,,,,,19.2,2006-02-28T16:00:00,,,,14.4,2006-02-28T05:00:00,,,,,,,,,,,,,,,,,,,,,,,,,97,2006-02-28T04:00:00,,,,,,,,,,,,,,,,,,,,,,,,,,,,,,,,,21.6,,,,,,,,,,,,,,,,,,,,,,,,,,,,,,,,,,,,,,,,,,,,,,,,,,,,,,,,,,,,,,,,,,,,,,,,,,,,,,,,,,,,,,,3.0,2006-02-28T13:00:00,,,,,,,,,,,,,,,,,,,,,,,,,,,,,,,,,,,,,,,,,,,,,,,,,,,,,,,,,,,,,,,,,,,,,,,,,,,,,,
2006-03-01,987.2,,990.2,2006-03-01T22:00:00,984.1,2006-03-01T03:00:00,14.8,18.9,2006-03-01T01:00:00,11.7,2006-03-01T23:59:59,14.3,97,89,2006-03-01T11:00:00,1.3,22.5,6.6,292.5,2006-03-01T08:00:00,12.0,,,,,0.0,2.61,0.0,,20.9,20.9,21.1,21.4,21.3,,,,,,,,,18.2,2006-03-01T02:00:00,,,,11.4,2006-03-01T23:59:59,,,,,,,,,,,,,,,,,,,,,,,,,100,2006-03-01T03:00:00,,,,,,,,,,,,,,,,,,,,,,,,,,,,,,,,,21.5,,,,,,,,,,,,,,,,,,,,,,,,,,,,,,,,,,,,,,,,,,,,,,,,,,,,,,,,,,,,,,,,,,,,,,,,,,,,,,,,,,,,,,,1.9,2006-03-01T13:00:00,,,,,,,,,,,,,,,,,,,,,,,,,,,,,,,,,,,,,,,,,,,,,,,,,,,,,,,,,,,,,,,,,,,,,,,,,,,,,,
2006-03-02,990.4,,992.5,2006-03-02T10:00:00,988.9,2006-03-02T15:00:00,12.2,13.8,2006-03-02T23:00:00,10.8,2006-03-02T05:00:00,10.0,87,78,2006-03-02T18:00:00,1.7,22.5,6.6,360.0,2006-03-02T14:00:00,0.0,,,,,0.0,1.57,0.4,,19.2,19.3,19.8,21.1,20.4,,,,,,,,,11.4,2006-03-02T01:00:00,,,,9.3,2006-03-02T10:00:00,,,,,,,,,,,,,,,,,,,,,,,,,98,2006-03-02T01:00:00,,,,,,,,,,,,,,,,,,,,,,,,,,,,,,,,,21.5,,,,,,,,,,,,,,,,,,,,,,,,,,,,,,,,,,,,,,,,,,,,,,,,,,,,,,,,,,,,,,,,,,,,,,,,,,,,,,,,,,,,,,,2.6,2006-03-02T23:00:00,,,,,,,,,,,,,,,,,,,,,,,,,,,,,,,,,,,,,,,,,,,,,,,,,,,,,,,,,,,,,,,,,,,,,,,,,,,,,,
2006-03-03,991.2,,993.3,2006-03-03T22:00:00,989.5,2006-03-03T15:00:00,15.1,20.5,2006-03-03T14:00:00,12.0,2006-03-03T03:00:00,12.5,85,66,2006-03-03T13:00:00,1.7,22.5,7.4,360.0,2006-03-03T23:59:59,3.5,,,,,0.8,6.09,0.6,,18.9,18.9,19.2,20.4,19.7,,,,,,,,,14.1,2006-03-03T10:00:00,,,,11.1,2006-03-03T01:00:00,,,,,,,,,,,,,,,,,,,,,,,,,100,2006-03-03T05:00:00,,,,,,,,,,,,,,,,,,,,,,,,,,,,,,,,,21.2,,,,,,,,,,,,,,,,,,,,,,,,,,,,,,,,,,,,,,,,,,,,,,,,,,,,,,,,,,,,,,,,,,,,,,,,,,,,,,,,,,,,,,,2.9,2006-03-03T13:00:00,,,,,,,,,,,,,,,,,,,,,,,,,,,,,,,,,,,,,,,,,,,,,,,,,,,,,,,,,,,,,,,,,,,,,,,,,,,,,,
2006-03-04,992.4,,994.0,2006-03-04T22:00:00,990.7,2006-03-04T14:00:00,16.9,24.3,2006-03-04T13:00:00,11.9,2006-03-04T07:00:00,13.9,84,56,2006-03-04T10:00:00,1.6,247.5,7.0,67.5,2006-03-04T13:00:00,2.0,,,,,4.9,8.12,1.6,,19.3,19.3,19.5,20.2,19.7,,,,,,,,,15.9,2006-03-04T20:00:00,,,,11.0,2006-03-04T06:00:00,,,,,,,,,,,,,,,,,,,,,,,,,100,2006-03-04T19:00:00,,,,,,,,,,,,,,,,,,,,,,,,,,,,,,,,,21.0,,,,,,,,,,,,,,,,,,,,,,,,,,,,,,,,,,,,,,,,,,,,,,,,,,,,,,,,,,,,,,,,,,,,,,,,,,,,,,,,,,,,,,,3.6,2006-03-04T13:00:00,,,,,,,,,,,,,,,,,,,,,,,,,,,,,,,,,,,,,,,,,,,,,,,,,,,,,,,,,,,,,,,,,,,,,,,,,,,,,,
2006-03-05,991.4,,993.1,2006-03-05T09:00:00,989.8,2006-03-05T15:00:00,18.1,24.3,2006-03-05T12:00:00,14.3,2006-03-05T05:00:00,16.3,90,65,2006-03-05T11:00:00,1.4,225.0,5.0,67.5,2006-03-05T12:00:00,0.0,,,,,1.4,4.88,0.5,,19.7,19.7,19.8,20.2,19.9,,,,,,,,,18.3,2006-03-05T16:00:00,,,,14.3,2006-03-05T05:00:00,,,,,,,,,,,,,,,,,,,,,,,,,100,2006-03-05T03:00:00,,,,,,,,,,,,,,,,,,,,,,,,,,,,,,,,,20.8,,,,,,,,,,,,,,,,,,,,,,,,,,,,,,,,,,,,,,,,,,,,,,,,,,,,,,,,,,,,,,,,,,,,,,,,,,,,,,,,,,,,,,,2.2,2006-03-05T23:00:00,,,,,,,,,,,,,,,,,,,,,,,,,,,,,,,,,,,,,,,,,,,,,,,,,,,,,,,,,,,,,,,,,,,,,,,,,,,,,,
2006-03-06,988.3,,990.4,2006-03-06T01:00:00,985.7,2006-03-06T15:00:00,20.3,26.6,2006-03-06T12:00:00,15.4,2006-03-06T05:00:00,18.2,89,62,2006-03-06T12:00:00,1.8,225.0,10.6,45.0,2006-03-06T13:00:00,1.0,,,,,3.2,8.26,1.4,,20.3,20.3,20.2,20.3,20.2,,,,,,,,,20.7,2006-03-06T18:00:00,,,,15.7,2006-03-06T05:00:00,,,,,,,,,,,,,,,,,,,,,,,,,100,2006-03-06T04:00:00,,,,,,,,,,,,,,,,,,,,,,,,,,,,,,,,,20.8,,,,,,,,,,,,,,,,,,,,,,,,,,,,,,,,,,,,,,,,,,,,,,,,,,,,,,,,,,,,,,,,,,,,,,,,,,,,,,,,,,,,,,,4.6,2006-03-06T13:00:00,,,,,,,,,,,,,,,,,,,,,,,,,,,,,,,,,,,,,,,,,,,,,,,,,,,,,,,,,,,,,,,,,,,,,,,,,,,,,,
2006-03-07,987.4,,988.8,2006-03-07T09:00:00,985.2,2006-03-07T15:00:00,20.2,25.5,2006-03-07T12:00:00,17.5,2006-03-07T23:59:59,19.2,94,76,2006-03-07T11:00:00,1.4,225.0,4.6,22.5,2006-03-07T11:00:00,4.0,,,,,0.8,5.37,0.2,,21.1,21.1,20.9,20.7,20.8,,,,,,,,,20.4,2006-03-07T14:00:00,,,,17.9,2006-03-07T23:59:59,,,,,,,,,,,,,,,,,,,,,,,,,100,2006-03-07T01:00:00,,,,,,,,,,,,,,,,,,,,,,,,,,,,,,,,,20.8,,,,,,,,,,,,,,,,,,,,,,,,,,,,,,,,,,,,,,,,,,,,,,,,,,,,,,,,,,,,,,,,,,,,,,,,,,,,,,,,,,,,,,,1.9,2006-03-07T03:00:00,,,,,,,,,,,,,,,,,,,,,,,,,,,,,,,,,,,,,,,,,,,,,,,,,,,,,,,,,,,,,,,,,,,,,,,,,,,,,,
2006-03-08,987.4,,989.1,2006-03-08T08:00:00,985.0,2006-03-08T15:00:00,20.8,27.3,2006-03-08T12:00:00,16.6,2006-03-08T05:00:00,19.5,92,67,2006-03-08T11:00:00,1.6,225.0,6.4,67.5,2006-03-08T11:00:00,0.0,,,,,4.0,7.39,0.2,,21.3,21.3,21.1,20.9,21.1,,,,,,,,,21.7,2006-03-08T16:00:00,,,,17.2,2006-03-08T04:00:00,,,,,,,,,,,,,,,,,,,,,,,,,100,2006-03-08T01:00:00,,,,,,,,,,,,,,,,,,,,,,,,,,,,,,,,,21.0,,,,,,,,,,,,,,,,,,,,,,,,,,,,,,,,,,,,,,,,,,,,,,,,,,,,,,,,,,,,,,,,,,,,,,,,,,,,,,,,,,,,,,,3.1,2006-03-08T11:00:00,,,,,,,,,,,,,,,,,,,,,,,,,,,,,,,,,,,,,,,,,,,,,,,,,,,,,,,,,,,,,,,,,,,,,,,,,,,,,,
2006-03-09,986.3,,988.5,2006-03-09T23:00:00,984.3,2006-03-09T15:00:00,21.7,28.5,2006-03-09T12:00:00,18.0,2006-03-09T05:00:00,20.1,91,71,2006-03-09T12:00:00,1.3,225.0,5.7,315.0,2006-03-09T23:59:59,3.5,,,,,2.6,7.4,1.1,,21.8,21.7,21.5,21.2,21.4,,,,,,,,,21.9,2006-03-09T15:00:00,,,,18.4,2006-03-09T23:59:59,,,,,,,,,,,,,,,,,,,,,,,,,100,2006-03-09T01:00:00,,,,,,,,,,,,,,,,,,,,,,,,,,,,,,,,,21.1,,,,,,,,,,,,,,,,,,,,,,,,,,,,,,,,,,,,,,,,,,,,,,,,,,,,,,,,,,,,,,,,,,,,,,,,,,,,,,,,,,,,,,,2.8,2006-03-09T12:00:00,,,,,,,,,,,,,,,,,,,,,,,,,,,,,,,,,,,,,,,,,,,,,,,,,,,,,,,,,,,,,,,,,,,,,,,,,,,,,,
2006-03-10,988.1,,989.7,2006-03-10T09:00:00,986.3,2006-03-10T16:00:00,19.6,24.6,2006-03-10T10:00:00,17.8,2006-03-10T06:00:00,17.8,90,66,2006-03-10T10:00:00,1.3,225.0,7.5,22.5,2006-03-10T01:00:00,1.0,,,,,1.2,4.17,0.8,,21.8,21.8,21.8,21.5,21.7,,,,,,,,,19.2,2006-03-10T15:00:00,,,,16.4,2006-03-10T03:00:00,,,,,,,,,,,,,,,,,,,,,,,,,100,2006-03-10T21:00:00,,,,,,,,,,,,,,,,,,,,,,,,,,,,,,,,,21.3,,,,,,,,,,,,,,,,,,,,,,,,,,,,,,,,,,,,,,,,,,,,,,,,,,,,,,,,,,,,,,,,,,,,,,,,,,,,,,,,,,,,,,,3.2,2006-03-10T10:00:00,,,,,,,,,,,,,,,,,,,,,,,,,,,,,,,,,,,,,,,,,,,,,,,,,,,,,,,,,,,,,,,,,,,,,,,,,,,,,,
2006-03-11,985.7,,988.2,2006-03-11T08:00:00,983.0,2006-03-11T16:00:00,20.3,25.8,2006-03-11T12:00:00,16.1,2006-03-11T06:00:00,17.6,85,59,2006-03-11T12:00:00,1.8,225.0,8.9,45.0,2006-03-11T13:00:00,0.5,,,,,4.9,9.06,1.9,,21.7,21.7,21.6,21.5,21.6,,,,,,,,,18.8,2006-03-11T18:00:00,,,,16.4,2006-03-11T06:00:00,,,,,,,,,,,,,,,,,,,,,,,,,100,2006-03-11T01:00:00,,,,,,,,,,,,,,,,,,,,,,,,,,,,,,,,,21.4,,,,,,,,,,,,,,,,,,,,,,,,,,,,,,,,,,,,,,,,,,,,,,,,,,,,,,,,,,,,,,,,,,,,,,,,,,,,,,,,,,,,,,,3.7,2006-03-11T13:00:00,,,,,,,,,,,,,,,,,,,,,,,,,,,,,,,,,,,,,,,,,,,,,,,,,,,,,,,,,,,,,,,,,,,,,,,,,,,,,,
2006-03-12,984.8,,991.3,2006-03-12T23:59:59,982.3,2006-03-12T15:00:00,19.6,27.1,2006-03-12T11:00:00,15.2,2006-03-12T23:00:00,16.4,83,54,2006-03-12T09:00:00,2.1,225.0,12.8,360.0,2006-03-12T20:00:00,1.0,,,,,3.1,7.06,1.4,,21.6,21.6,21.6,21.6,21.6,,,,,,,,,21.2,2006-03-12T12:00:00,,,,12.2,2006-03-12T23:59:59,,,,,,,,,,,,,,,,,,,,,,,,,96,2006-03-12T04:00:00,,,,,,,,,,,,,,,,,,,,,,,,,,,,,,,,,21.5,,,,,,,,,,,,,,,,,,,,,,,,,,,,,,,,,,,,,,,,,,,,,,,,,,,,,,,,,,,,,,,,,,,,,,,,,,,,,,,,,,,,,,,3.7,2006-03-12T11:00:00,,,,,,,,,,,,,,,,,,,,,,,,,,,,,,,,,,,,,,,,,,,,,,,,,,,,,,,,,,,,,,,,,,,,,,,,,,,,,,
2006-03-13,991.8,,993.6,2006-03-13T22:00:00,990.1,2006-03-13T03:00:00,14.8,17.5,2006-03-13T15:00:00,13.6,2006-03-13T06:00:00,11.7,82,72,2006-03-13T14:00:00,2.0,22.5,8.1,337.5,2006-03-13T01:00:00,0.5,,,,,0.0,2.84,1.1,,20.6,20.7,21.0,21.5,21.3,,,,,,,,,12.2,2006-03-13T15:00:00,,,,11.2,2006-03-13T06:00:00,,,,,,,,,,,,,,,,,,,,,,,,,87,2006-03-13T04:00:00,,,,,,,,,,,,,,,,,,,,,,,,,,,,,,,,,21.5,,,,,,,,,,,,,,,,,,,,,,,,,,,,,,,,,,,,,,,,,,,,,,,,,,,,,,,,,,,,,,,,,,,,,,,,,,,,,,,,,,,,,,,2.8,2006-03-13T01:00:00,,,,,,,,,,,,,,,,,,,,,,,,,,,,,,,,,,,,,,,,,,,,,,,,,,,,,,,,,,,,,,,,,,,,,,,,,,,,,,
2006-03-14,993.1,,995.2,2006-03-14T10:00:00,991.4,2006-03-14T15:00:00,16.0,20.9,2006-03-14T13:00:00,12.8,2006-03-14T02:00:00,12.6,81,64,2006-03-14T13:00:00,1.6,22.5,7.1,22.5,2006-03-14T12:00:00,0.0,,,,,0.5,6.22,1.7,,20.0,20.0,20.3,21.1,20.6,,,,,,,,,14.0,2006-03-14T23:59:59,,,,11.5,2006-03-14T01:00:00,,,,,,,,,,,,,,,,,,,,,,,,,94,2006-03-14T03:00:00,,,,,,,,,,,,,,,,,,,,,,,,,,,,,,,,,21.4,,,,,,,,,,,,,,,,,,,,,,,,,,,,,,,,,,,,,,,,,,,,,,,,,,,,,,,,,,,,,,,,,,,,,,,,,,,,,,,,,,,,,,,2.6,2006-03-14T09:00:00,,,,,,,,,,,,,,,,,,,,,,,,,,,,,,,,,,,,,,,,,,,,,,,,,,,,,,,,,,,,,,,,,,,,,,,,,,,,,,
2006-03-15,989.2,,992.9,2006-03-15T01:00:00,986.3,2006-03-15T17:00:00,18.3,24.5,2006-03-15T13:00:00,14.9,2006-03-15T03:00:00,16.0,87,63,2006-03-15T12:00:00,1.3,225.0,7.2,45.0,2006-03-15T13:00:00,0.0,,,,,1.8,6.51,1.4,,20.4,20.4,20.4,20.9,20.6,,,,,,,,,18.2,2006-03-15T20:00:00,,,,13.6,2006-03-15T01:00:00,,,,,,,,,,,,,,,,,,,,,,,,,100,2006-03-15T23:00:00,,,,,,,,,,,,,,,,,,,,,,,,,,,,,,,,,21.3,,,,,,,,,,,,,,,,,,,,,,,,,,,,,,,,,,,,,,,,,,,,,,,,,,,,,,,,,,,,,,,,,,,,,,,,,,,,,,,,,,,,,,,3.3,2006-03-15T15:00:00,,,,,,,,,,,,,,,,,,,,,,,,,,,,,,,,,,,,,,,,,,,,,,,,,,,,,,,,,,,,,,,,,,,,,,,,,,,,,,
2006-03-16,984.4,,986.6,2006-03-16T23:59:59,982.1,2006-03-16T15:00:00,21.5,27.5,2006-03-16T12:00:00,17.1,2006-03-16T01:00:00,19.9,91,74,2006-03-16T11:00:00,1.5,45.0,7.2,22.5,2006-03-16T20:00:00,0.5,,,,,1.5,6.78,1.3,,21.2,21.2,21.0,21.0,20.9,,,,,,,,,22.8,2006-03-16T16:00:00,,,,17.1,2006-03-16T23:59:59,,,,,,,,,,,,,,,,,,,,,,,,,100,2006-03-16T03:00:00,,,,,,,,,,,,,,,,,,,,,,,,,,,,,,,,,21.2,,,,,,,,,,,,,,,,,,,,,,,,,,,,,,,,,,,,,,,,,,,,,,,,,,,,,,,,,,,,,,,,,,,,,,,,,,,,,,,,,,,,,,,3.0,2006-03-16T11:00:00,,,,,,,,,,,,,,,,,,,,,,,,,,,,,,,,,,,,,,,,,,,,,,,,,,,,,,,,,,,,,,,,,,,,,,,,,,,,,,
2006-03-17,985.5,,988.0,2006-03-17T09:00:00,983.5,2006-03-17T19:00:00,19.9,22.2,2006-03-17T11:00:00,18.0,2006-03-17T07:00:00,18.1,90,79,2006-03-17T12:00:00,1.4,45.0,6.2,67.5,2006-03-17T01:00:00,0.0,,,,,0.0,4.13,0.5,,21.6,21.6,21.5,21.3,21.4,,,,,,,,,19.2,2006-03-17T20:00:00,,,,17.0,2006-03-17T03:00:00,,,,,,,,,,,,,,,,,,,,,,,,,100,2006-03-17T23:00:00,,,,,,,,,,,,,,,,,,,,,,,,,,,,,,,,,21.3,,,,,,,,,,,,,,,,,,,,,,,,,,,,,,,,,,,,,,,,,,,,,,,,,,,,,,,,,,,,,,,,,,,,,,,,,,,,,,,,,,,,,,,2.7,2006-03-17T02:00:00,,,,,,,,,,,,,,,,,,,,,,,,,,,,,,,,,,,,,,,,,,,,,,,,,,,,,,,,,,,,,,,,,,,,,,,,,,,,,,
2006-03-18,982.4,,984.4,2006-03-18T23:59:59,979.9,2006-03-18T15:00:00,24.1,30.1,2006-03-18T12:00:00,18.5,2006-03-18T03:00:00,21.3,85,68,2006-03-18T11:00:00,1.7,202.5,6.9,67.5,2006-03-18T14:00:00,0.0,,,,,8.6,12.95,3.3,,22.2,22.2,21.9,21.4,21.6,,,,,,,,,23.4,2006-03-18T12:00:00,,,,19.2,2006-03-18T02:00:00,,,,,,,,,,,,,,,,,,,,,,,,,100,2006-03-18T01:00:00,,,,,,,,,,,,,,,,,,,,,,,,,,,,,,,,,21.4,,,,,,,,,,,,,,,,,,,,,,,,,,,,,,,,,,,,,,,,,,,,,,,,,,,,,,,,,,,,,,,,,,,,,,,,,,,,,,,,,,,,,,,2.9,2006-03-18T09:00:00,,,,,,,,,,,,,,,,,,,,,,,,,,,,,,,,,,,,,,,,,,,,,,,,,,,,,,,,,,,,,,,,,,,,,,,,,,,,,,
2006-03-19,988.6,,991.4,2006-03-19T21:00:00,984.4,2006-03-19T01:00:00,18.9,22.4,2006-03-19T03:00:00,16.5,2006-03-19T23:59:59,15.9,83,75,2006-03-19T11:00:00,2.0,22.5,13.7,45.0,2006-03-19T06:00:00,0.0,,,,,0.0,2.01,1.6,,22.1,22.1,22.2,21.9,22.1,,,,,,,,,20.5,2006-03-19T03:00:00,,,,14.2,2006-03-19T23:59:59,,,,,,,,,,,,,,,,,,,,,,,,,96,2006-03-19T03:00:00,,,,,,,,,,,,,,,,,,,,,,,,,,,,,,,,,21.5,,,,,,,,,,,,,,,,,,,,,,,,,,,,,,,,,,,,,,,,,,,,,,,,,,,,,,,,,,,,,,,,,,,,,,,,,,,,,,,,,,,,,,,3.3,2006-03-19T07:00:00,,,,,,,,,,,,,,,,,,,,,,,,,,,,,,,,,,,,,,,,,,,,,,,,,,,,,,,,,,,,,,,,,,,,,,,,,,,,,,
2006-03-20,988.5,,990.7,2006-03-20T09:00:00,986.5,2006-03-20T16:00:00,18.0,20.1,2006-03-20T15:00:00,16.3,2006-03-20T02:00:00,15.2,84,73,2006-03-20T13:00:00,1.1,22.5,4.7,45.0,2006-03-20T01:00:00,0.0,,,,,0.0,3.15,1.3,,21.1,21.1,21.3,21.7,21.5,,,,,,,,,16.5,2006-03-20T23:00:00,,,,14.0,2006-03-20T03:00:00,,,,,,,,,,,,,,,,,,,,,,,,,95,2006-03-20T23:59:59,,,,,,,,,,,,,,,,,,,,,,,,,,,,,,,,,21.7,,,,,,,,,,,,,,,,,,,,,,,,,,,,,,,,,,,,,,,,,,,,,,,,,,,,,,,,,,,,,,,,,,,,,,,,,,,,,,,,,,,,,,,1.6,2006-03-20T02:00:00,,,,,,,,,,,,,,,,,,,,,,,,,,,,,,,,,,,,,,,,,,,,,,,,,,,,,,,,,,,,,,,,,,,,,,,,,,,,,,
2006-03-21,982.9,,986.2,2006-03-21T01:00:00,980.4,2006-03-21T17:00:00,21.2,26.6,2006-03-21T13:00:00,17.2,2006-03-21T06:00:00,18.8,87,64,2006-03-21T12:00:00,1.6,225.0,10.1,45.0,2006-03-21T13:00:00,0.0,,,,,2.9,8.67,2.3,,21.5,21.5,21.4,21.5,21.4,,,,,,,,,21.6,2006-03-21T18:00:00,,,,16.2,2006-03-21T02:00:00,,,,,,,,,,,,,,,,,,,,,,,,,98,2006-03-21T22:00:00,,,,,,,,,,,,,,,,,,,,,,,,,,,,,,,,,21.6,,,,,,,,,,,,,,,,,,,,,,,,,,,,,,,,,,,,,,,,,,,,,,,,,,,,,,,,,,,,,,,,,,,,,,,,,,,,,,,,,,,,,,,4.7,2006-03-21T12:00:00,,,,,,,,,,,,,,,,,,,,,,,,,,,,,,,,,,,,,,,,,,,,,,,,,,,,,,,,,,,,,,,,,,,,,,,,,,,,,,
2006-03-22,981.1,,982.6,2006-03-22T10:00:00,979.8,2006-03-22T16:00:00,21.3,24.7,2006-03-22T10:00:00,18.6,2006-03-22T02:00:00,20.4,94,77,2006-03-22T10:00:00,1.3,225.0,5.0,67.5,2006-03-22T13:00:00,0.5,,,,,0.3,3.53,0.2,,22.0,22.0,21.9,21.7,21.8,,,,,,,,,21.8,2006-03-22T17:00:00,,,,18.5,2006-03-22T02:00:00,,,,,,,,,,,,,,,,,,,,,,,,,100,2006-03-22T17:00:00,,,,,,,,,,,,,,,,,,,,,,,,,,,,,,,,,21.6,,,,,,,,,,,,,,,,,,,,,,,,,,,,,,,,,,,,,,,,,,,,,,,,,,,,,,,,,,,,,,,,,,,,,,,,,,,,,,,,,,,,,,,2.3,2006-03-22T11:00:00,,,,,,,,,,,,,,,,,,,,,,,,,,,,,,,,,,,,,,,,,,,,,,,,,,,,,,,,,,,,,,,,,,,,,,,,,,,,,,
2006-03-23,981.5,,983.7,2006-03-23T23:59:59,979.4,2006-03-23T04:00:00,20.7,24.2,2006-03-23T10:00:00,18.9,2006-03-23T22:00:00,19.6,93,81,2006-03-23T10:00:00,1.2,225.0,6.4,22.5,2006-03-23T13:00:00,0.0,,,,,0.5,3.22,0.3,,22.0,22.0,22.0,21.8,21.9,,,,,,,,,21.3,2006-03-23T01:00:00,,,,18.1,2006-03-23T23:59:59,,,,,,,,,,,,,,,,,,,,,,,,,100,2006-03-23T01:00:00,,,,,,,,,,,,,,,,,,,,,,,,,,,,,,,,,21.7,,,,,,,,,,,,,,,,,,,,,,,,,,,,,,,,,,,,,,,,,,,,,,,,,,,,,,,,,,,,,,,,,,,,,,,,,,,,,,,,,,,,,,,2.6,2006-03-23T23:59:59,,,,,,,,,,,,,,,,,,,,,,,,,,,,,,,,,,,,,,,,,,,,,,,,,,,,,,,,,,,,,,,,,,,,,,,,,,,,,,
2006-03-24,985.3,,988.1,2006-03-24T22:00:00,982.3,2006-03-24T03:00:00,18.1,20.8,2006-03-24T11:00:00,16.9,2006-03-24T07:00:00,17.0,93,83,2006-03-24T03:00:00,1.5,22.5,8.3,45.0,2006-03-24T02:00:00,3.0,,,,,0.0,2.82,0.1,,21.5,21.5,21.6,21.8,21.7,,,,,,,,,17.8,2006-03-24T01:00:00,,,,15.8,2006-03-24T05:00:00,,,,,,,,,,,,,,,,,,,,,,,,,100,2006-03-24T14:00:00,,,,,,,,,,,,,,,,,,,,,,,,,,,,,,,,,21.8,,,,,,,,,,,,,,,,,,,,,,,,,,,,,,,,,,,,,,,,,,,,,,,,,,,,,,,,,,,,,,,,,,,,,,,,,,,,,,,,,,,,,,,3.4,2006-03-24T01:00:00,,,,,,,,,,,,,,,,,,,,,,,,,,,,,,,,,,,,,,,,,,,,,,,,,,,,,,,,,,,,,,,,,,,,,,,,,,,,,,
2006-03-25,985.7,,988.0,2006-03-25T09:00:00,983.1,2006-03-25T16:00:00,20.8,27.4,2006-03-25T12:00:00,16.5,2006-03-25T04:00:00,18.8,89,63,2006-03-25T11:00:00,1.5,225.0,7.4,67.5,2006-03-25T12:00:00,0.0,,,,,3.6,9.11,0.9,,21.7,21.6,21.6,21.7,21.6,,,,,,,,,20.5,2006-03-25T19:00:00,,,,16.9,2006-03-25T04:00:00,,,,,,,,,,,,,,,,,,,,,,,,,100,2006-03-25T01:00:00,,,,,,,,,,,,,,,,,,,,,,,,,,,,,,,,,21.7,,,,,,,,,,,,,,,,,,,,,,,,,,,,,,,,,,,,,,,,,,,,,,,,,,,,,,,,,,,,,,,,,,,,,,,,,,,,,,,,,,,,,,,4.0,2006-03-25T12:00:00,,,,,,,,,,,,,,,,,,,,,,,,,,,,,,,,,,,,,,,,,,,,,,,,,,,,,,,,,,,,,,,,,,,,,,,,,,,,,,
2006-03-26,983.5,,984.8,2006-03-26T21:00:00,981.0,2006-03-26T15:00:00,20.3,23.6,2006-03-26T14:00:00,17.9,2006-03-26T23:59:59,19.4,94,80,2006-03-26T14:00:00,1.0,225.0,4.4,45.0,2006-03-26T15:00:00,3.0,,,,,0.0,2.59,0.8,,21.9,21.9,21.9,21.8,21.9,,,,,,,,,20.5,2006-03-26T15:00:00,,,,18.4,2006-03-26T23:59:59,,,,,,,,,,,,,,,,,,,,,,,,,100,2006-03-26T02:00:00,,,,,,,,,,,,,,,,,,,,,,,,,,,,,,,,,21.7,,,,,,,,,,,,,,,,,,,,,,,,,,,,,,,,,,,,,,,,,,,,,,,,,,,,,,,,,,,,,,,,,,,,,,,,,,,,,,,,,,,,,,,1.9,2006-03-26T06:00:00,,,,,,,,,,,,,,,,,,,,,,,,,,,,,,,,,,,,,,,,,,,,,,,,,,,,,,,,,,,,,,,,,,,,,,,,,,,,,,
2006-03-27,981.1,,983.7,2006-03-27T01:00:00,978.1,2006-03-27T17:00:00,19.2,21.7,2006-03-27T13:00:00,17.4,2006-03-27T06:00:00,19.1,98,92,2006-03-27T12:00:00,1.1,67.5,4.6,67.5,2006-03-27T13:00:00,13.0,,,,,0.0,2.75,0.2,,21.6,21.6,21.7,21.8,21.7,,,,,,,,,20.9,2006-03-27T16:00:00,,,,18.1,2006-03-27T04:00:00,,,,,,,,,,,,,,,,,,,,,,,,,100,2006-03-27T01:00:00,,,,,,,,,,,,,,,,,,,,,,,,,,,,,,,,,21.8,,,,,,,,,,,,,,,,,,,,,,,,,,,,,,,,,,,,,,,,,,,,,,,,,,,,,,,,,,,,,,,,,,,,,,,,,,,,,,,,,,,,,,,2.4,2006-03-27T13:00:00,,,,,,,,,,,,,,,,,,,,,,,,,,,,,,,,,,,,,,,,,,,,,,,,,,,,,,,,,,,,,,,,,,,,,,,,,,,,,,
2006-03-28,985.2,,989.1,2006-03-28T23:00:00,980.3,2006-03-28T03:00:00,18.4,21.3,2006-03-28T15:00:00,15.8,2006-03-28T23:59:59,14.3,80,42,2006-03-28T17:00:00,1.5,225.0,7.9,292.5,2006-03-28T13:00:00,4.0,,,,,0.2,3.97,1.8,,21.3,21.4,21.5,21.8,21.6,,,,,,,,,19.2,2006-03-28T01:00:00,,,,6.8,2006-03-28T17:00:00,,,,,,,,,,,,,,,,,,,,,,,,,100,2006-03-28T01:00:00,,,,,,,,,,,,,,,,,,,,,,,,,,,,,,,,,21.8,,,,,,,,,,,,,,,,,,,,,,,,,,,,,,,,,,,,,,,,,,,,,,,,,,,,,,,,,,,,,,,,,,,,,,,,,,,,,,,,,,,,,,,3.0,2006-03-28T13:00:00,,,,,,,,,,,,,,,,,,,,,,,,,,,,,,,,,,,,,,,,,,,,,,,,,,,,,,,,,,,,,,,,,,,,,,,,,,,,,,
2006-03-29,988.9,,990.6,2006-03-29T10:00:00,987.4,2006-03-29T15:00:00,18.0,23.0,2006-03-29T12:00:00,15.8,2006-03-29T06:00:00,14.3,80,57,2006-03-29T11:00:00,1.2,225.0,5.7,22.5,2006-03-29T10:00:00,0.0,,,,,1.4,5.78,1.9,,21.0,21.0,21.1,21.6,21.3,,,,,,,,,15.8,2006-03-29T16:00:00,,,,11.8,2006-03-29T02:00:00,,,,,,,,,,,,,,,,,,,,,,,,,96,2006-03-29T22:00:00,,,,,,,,,,,,,,,,,,,,,,,,,,,,,,,,,21.8,,,,,,,,,,,,,,,,,,,,,,,,,,,,,,,,,,,,,,,,,,,,,,,,,,,,,,,,,,,,,,,,,,,,,,,,,,,,,,,,,,,,,,,2.7,2006-03-29T10:00:00,,,,,,,,,,,,,,,,,,,,,,,,,,,,,,,,,,,,,,,,,,,,,,,,,,,,,,,,,,,,,,,,,,,,,,,,,,,,,,
2006-03-30,989.3,,991.2,2006-03-30T10:00:00,987.6,2006-03-30T04:00:00,18.5,24.8,2006-03-30T13:00:00,14.4,2006-03-30T06:00:00,15.9,86,64,2006-03-30T10:00:00,1.5,225.0,6.7,67.5,2006-03-30T13:00:00,0.5,,,,,2.5,7.44,1.6,,21.1,21.1,21.2,21.4,21.2,,,,,,,,,18.0,2006-03-30T17:00:00,,,,13.4,2006-03-30T08:00:00,,,,,,,,,,,,,,,,,,,,,,,,,98,2006-03-30T04:00:00,,,,,,,,,,,,,,,,,,,,,,,,,,,,,,,,,21.7,,,,,,,,,,,,,,,,,,,,,,,,,,,,,,,,,,,,,,,,,,,,,,,,,,,,,,,,,,,,,,,,,,,,,,,,,,,,,,,,,,,,,,,3.4,2006-03-30T13:00:00,,,,,,,,,,,,,,,,,,,,,,,,,,,,,,,,,,,,,,,,,,,,,,,,,,,,,,,,,,,,,,,,,,,,,,,,,,,,,,
2006-03-31,988.9,,990.4,2006-03-31T09:00:00,987.0,2006-03-31T15:00:00,20.2,24.7,2006-03-31T14:00:00,16.6,2006-03-31T06:00:00,16.4,80,63,2006-03-31T15:00:00,1.9,225.0,6.5,67.5,2006-03-31T13:00:00,0.5,,,,,2.4,8.29,1.7,,21.8,21.7,21.6,21.5,21.5,,,,,,,,,18.1,2006-03-31T08:00:00,,,,14.9,2006-03-31T16:00:00,,,,,,,,,,,,,,,,,,,,,,,,,98,2006-03-31T05:00:00,,,,,,,,,,,,,,,,,,,,,,,,,,,,,,,,,21.6,,,,,,,,,,,,,,,,,,,,,,,,,,,,,,,,,,,,,,,,,,,,,,,,,,,,,,,,,,,,,,,,,,,,,,,,,,,,,,,,,,,,,,,2.9,2006-03-31T12:00:00,,,,,,,,,,,,,,,,,,,,,,,,,,,,,,,,,,,,,,,,,,,,,,,,,,,,,,,,,,,,,,,,,,,,,,,,,,,,,,
2006-04-01,985.0,,988.1,2006-04-01T01:00:00,982.1,2006-04-01T15:00:00,22.0,26.5,2006-04-01T11:00:00,18.0,2006-04-01T01:00:00,19.5,86,65,2006-04-01T10:00:00,1.7,225.0,9.5,67.5,2006-04-01T10:00:00,0.5,,,,,1.2,5.27,0.6,,22.0,22.0,21.9,21.7,21.8,,,,,,,,,22.5,2006-04-01T18:00:00,,,,16.0,2006-04-01T01:00:00,,,,,,,,,,,,,,,,,,,,,,,,,98,2006-04-01T23:00:00,,,,,,,,,,,,,,,,,,,,,,,,,,,,,,,,,21.7,,,,,,,,,,,,,,,,,,,,,,,,,,,,,,,,,,,,,,,,,,,,,,,,,,,,,,,,,,,,,,,,,,,,,,,,,,,,,,,,,,,,,,,4.8,2006-04-01T10:00:00,,,,,,,,,,,,,,,,,,,,,,,,,,,,,,,,,,,,,,,,,,,,,,,,,,,,,,,,,,,,,,,,,,,,,,,,,,,,,,
2006-04-02,983.2,,985.9,2006-04-02T23:59:59,981.2,2006-04-02T15:00:00,24.9,31.2,2006-04-02T15:00:00,19.4,2006-04-02T07:00:00,20.9,80,55,2006-04-02T10:00:00,1.5,67.5,7.4,45.0,2006-04-02T12:00:00,0.0,,,,,9.7,14.79,4.0,,23.6,23.5,22.8,21.9,22.3,,,,,,,,,23.5,2006-04-02T13:00:00,,,,18.7,2006-04-02T06:00:00,,,,,,,,,,,,,,,,,,,,,,,,,98,2006-04-02T01:00:00,,,,,,,,,,,,,,,,,,,,,,,,,,,,,,,,,21.7,,,,,,,,,,,,,,,,,,,,,,,,,,,,,,,,,,,,,,,,,,,,,,,,,,,,,,,,,,,,,,,,,,,,,,,,,,,,,,,,,,,,,,,3.8,2006-04-02T13:00:00,,,,,,,,,,,,,,,,,,,,,,,,,,,,,,,,,,,,,,,,,,,,,,,,,,,,,,,,,,,,,,,,,,,,,,,,,,,,,,
2006-04-03,985.5,,987.1,2006-04-03T09:00:00,984.4,2006-04-03T15:00:00,24.2,30.1,2006-04-03T11:00:00,21.2,2006-04-03T06:00:00,22.2,89,64,2006-04-03T11:00:00,1.2,225.0,7.1,90.0,2006-04-03T12:00:00,13.0,,,,,1.7,7.7,1.3,,24.5,24.5,24.0,22.7,23.5,,,,,,,,,23.8,2006-04-03T17:00:00,,,,20.7,2006-04-03T06:00:00,,,,,,,,,,,,,,,,,,,,,,,,,100,2006-04-03T19:00:00,,,,,,,,,,,,,,,,,,,,,,,,,,,,,,,,,22.0,,,,,,,,,,,,,,,,,,,,,,,,,,,,,,,,,,,,,,,,,,,,,,,,,,,,,,,,,,,,,,,,,,,,,,,,,,,,,,,,,,,,,,,3.4,2006-04-03T13:00:00,,,,,,,,,,,,,,,,,,,,,,,,,,,,,,,,,,,,,,,,,,,,,,,,,,,,,,,,,,,,,,,,,,,,,,,,,,,,,,
2006-04-04,982.3,,984.9,2006-04-04T08:00:00,979.1,2006-04-04T23:59:59,23.8,28.0,2006-04-04T10:00:00,20.8,2006-04-04T23:59:59,22.3,92,74,2006-04-04T10:00:00,1.9,225.0,8.9,45.0,2006-04-04T10:00:00,0.0,,,,,2.0,5.66,1.3,,24.3,24.3,24.0,23.1,23.7,,,,,,,,,24.0,2006-04-04T18:00:00,,,,18.6,2006-04-04T23:59:59,,,,,,,,,,,,,,,,,,,,,,,,,100,2006-04-04T01:00:00,,,,,,,,,,,,,,,,,,,,,,,,,,,,,,,,,22.4,,,,,,,,,,,,,,,,,,,,,,,,,,,,,,,,,,,,,,,,,,,,,,,,,,,,,,,,,,,,,,,,,,,,,,,,,,,,,,,,,,,,,,,3.7,2006-04-04T10:00:00,,,,,,,,,,,,,,,,,,,,,,,,,,,,,,,,,,,,,,,,,,,,,,,,,,,,,,,,,,,,,,,,,,,,,,,,,,,,,,
2006-04-05,979.9,,984.9,2006-04-05T23:00:00,976.7,2006-04-05T04:00:00,28.4,34.9,2006-04-05T15:00:00,20.2,2006-04-05T01:00:00,18.2,58,29,2006-04-05T07:00:00,2.3,225.0,13.1,225.0,2006-04-05T06:00:00,0.0,,,,,10.6,15.86,5.6,,24.8,24.8,24.2,23.3,23.8,,,,,,,,,22.9,2006-04-05T16:00:00,,,,11.0,2006-04-05T06:00:00,,,,,,,,,,,,,,,,,,,,,,,,,89,2006-04-05T23:00:00,,,,,,,,,,,,,,,,,,,,,,,,,,,,,,,,,22.6,,,,,,,,,,,,,,,,,,,,,,,,,,,,,,,,,,,,,,,,,,,,,,,,,,,,,,,,,,,,,,,,,,,,,,,,,,,,,,,,,,,,,,,4.9,2006-04-05T06:00:00,,,,,,,,,,,,,,,,,,,,,,,,,,,,,,,,,,,,,,,,,,,,,,,,,,,,,,,,,,,,,,,,,,,,,,,,,,,,,,
2006-04-06,984.2,,985.4,2006-04-06T09:00:00,982.3,2006-04-06T15:00:00,22.8,25.3,2006-04-06T11:00:00,21.0,2006-04-06T06:00:00,20.8,89,76,2006-04-06T11:00:00,1.4,45.0,6.3,45.0,2006-04-06T14:00:00,0.0,,,,,0.0,4.58,1.7,,25.1,25.1,24.8,23.8,24.5,,,,,,,,,21.7,2006-04-06T16:00:00,,,,19.8,2006-04-06T05:00:00,,,,,,,,,,,,,,,,,,,,,,,,,97,2006-04-06T22:00:00,,,,,,,,,,,,,,,,,,,,,,,,,,,,,,,,,22.8,,,,,,,,,,,,,,,,,,,,,,,,,,,,,,,,,,,,,,,,,,,,,,,,,,,,,,,,,,,,,,,,,,,,,,,,,,,,,,,,,,,,,,,3.0,2006-04-06T15:00:00,,,,,,,,,,,,,,,,,,,,,,,,,,,,,,,,,,,,,,,,,,,,,,,,,,,,,,,,,,,,,,,,,,,,,,,,,,,,,,
2006-04-07,986.9,,989.4,2006-04-07T21:00:00,984.2,2006-04-07T04:00:00,19.4,21.9,2006-04-07T01:00:00,17.8,2006-04-07T18:00:00,18.9,97,94,2006-04-07T15:00:00,0.9,45.0,5.0,45.0,2006-04-07T13:00:00,3.5,,,,,0.0,2.41,0.1,,24.0,24.0,24.1,23.8,24.0,,,,,,,,,21.0,2006-04-07T01:00:00,,,,17.1,2006-04-07T19:00:00,,,,,,,,,,,,,,,,,,,,,,,,,100,2006-04-07T07:00:00,,,,,,,,,,,,,,,,,,,,,,,,,,,,,,,,,23.1,,,,,,,,,,,,,,,,,,,,,,,,,,,,,,,,,,,,,,,,,,,,,,,,,,,,,,,,,,,,,,,,,,,,,,,,,,,,,,,,,,,,,,,2.7,2006-04-07T12:00:00,,,,,,,,,,,,,,,,,,,,,,,,,,,,,,,,,,,,,,,,,,,,,,,,,,,,,,,,,,,,,,,,,,,,,,,,,,,,,,
2006-04-08,987.3,,988.8,2006-04-08T09:00:00,985.7,2006-04-08T15:00:00,21.3,26.5,2006-04-08T12:00:00,18.1,2006-04-08T01:00:00,18.9,87,66,2006-04-08T12:00:00,1.3,225.0,5.9,22.5,2006-04-08T12:00:00,0.0,,,,,1.3,7.75,1.8,,23.7,23.7,23.6,23.5,23.6,,,,,,,,,20.0,2006-04-08T14:00:00,,,,17.7,2006-04-08T01:00:00,,,,,,,,,,,,,,,,,,,,,,,,,99,2006-04-08T05:00:00,,,,,,,,,,,,,,,,,,,,,,,,,,,,,,,,,23.1,,,,,,,,,,,,,,,,,,,,,,,,,,,,,,,,,,,,,,,,,,,,,,,,,,,,,,,,,,,,,,,,,,,,,,,,,,,,,,,,,,,,,,,2.3,2006-04-08T16:00:00,,,,,,,,,,,,,,,,,,,,,,,,,,,,,,,,,,,,,,,,,,,,,,,,,,,,,,,,,,,,,,,,,,,,,,,,,,,,,,
2006-04-09,985.2,,987.1,2006-04-09T01:00:00,983.1,2006-04-09T15:00:00,22.7,26.9,2006-04-09T12:00:00,18.8,2006-04-09T04:00:00,20.9,90,74,2006-04-09T09:00:00,1.9,225.0,10.3,45.0,2006-04-09T15:00:00,0.0,,,,,0.1,5.16,1.4,,23.9,23.8,23.8,23.5,23.7,,,,,,,,,23.3,2006-04-09T19:00:00,,,,18.4,2006-04-09T04:00:00,,,,,,,,,,,,,,,,,,,,,,,,,99,2006-04-09T23:00:00,,,,,,,,,,,,,,,,,,,,,,,,,,,,,,,,,23.1,,,,,,,,,,,,,,,,,,,,,,,,,,,,,,,,,,,,,,,,,,,,,,,,,,,,,,,,,,,,,,,,,,,,,,,,,,,,,,,,,,,,,,,4.7,2006-04-09T16:00:00,,,,,,,,,,,,,,,,,,,,,,,,,,,,,,,,,,,,,,,,,,,,,,,,,,,,,,,,,,,,,,,,,,,,,,,,,,,,,,
2006-04-10,980.1,,983.0,2006-04-10T01:00:00,976.7,2006-04-10T16:00:00,26.3,32.6,2006-04-10T16:00:00,21.0,2006-04-10T01:00:00,21.0,75,47,2006-04-10T17:00:00,2.2,225.0,10.1,225.0,2006-04-10T19:00:00,0.0,,,,,4.2,10.66,3.2,,24.6,24.5,24.2,23.5,23.9,,,,,,,,,24.8,2006-04-10T10:00:00,,,,17.1,2006-04-10T19:00:00,,,,,,,,,,,,,,,,,,,,,,,,,97,2006-04-10T06:00:00,,,,,,,,,,,,,,,,,,,,,,,,,,,,,,,,,23.1,,,,,,,,,,,,,,,,,,,,,,,,,,,,,,,,,,,,,,,,,,,,,,,,,,,,,,,,,,,,,,,,,,,,,,,,,,,,,,,,,,,,,,,4.5,2006-04-10T09:00:00,,,,,,,,,,,,,,,,,,,,,,,,,,,,,,,,,,,,,,,,,,,,,,,,,,,,,,,,,,,,,,,,,,,,,,,,,,,,,,
2006-04-11,980.0,,981.7,2006-04-11T22:00:00,978.3,2006-04-11T15:00:00,26.5,32.7,2006-04-11T13:00:00,22.4,2006-04-11T03:00:00,22.4,80,60,2006-04-11T12:00:00,2.2,225.0,11.4,67.5,2006-04-11T11:00:00,0.0,,,,,9.7,15.25,5.0,,25.9,25.8,25.1,23.9,24.6,,,,,,,,,23.7,2006-04-11T13:00:00,,,,20.5,2006-04-11T01:00:00,,,,,,,,,,,,,,,,,,,,,,,,,97,2006-04-11T23:59:59,,,,,,,,,,,,,,,,,,,,,,,,,,,,,,,,,23.2,,,,,,,,,,,,,,,,,,,,,,,,,,,,,,,,,,,,,,,,,,,,,,,,,,,,,,,,,,,,,,,,,,,,,,,,,,,,,,,,,,,,,,,5.1,2006-04-11T11:00:00,,,,,,,,,,,,,,,,,,,,,,,,,,,,,,,,,,,,,,,,,,,,,,,,,,,,,,,,,,,,,,,,,,,,,,,,,,,,,,
2006-04-12,979.4,,981.4,2006-04-12T09:00:00,976.3,2006-04-12T16:00:00,26.3,32.0,2006-04-12T15:00:00,21.1,2006-04-12T05:00:00,21.0,75,36,2006-04-12T23:59:59,2.2,225.0,14.0,270.0,2006-04-12T23:59:59,0.0,,,,,6.3,11.27,3.3,,26.2,26.1,25.7,24.5,25.2,,,,,,,,,24.4,2006-04-12T13:00:00,,,,13.6,2006-04-12T23:59:59,,,,,,,,,,,,,,,,,,,,,,,,,98,2006-04-12T02:00:00,,,,,,,,,,,,,,,,,,,,,,,,,,,,,,,,,23.5,,,,,,,,,,,,,,,,,,,,,,,,,,,,,,,,,,,,,,,,,,,,,,,,,,,,,,,,,,,,,,,,,,,,,,,,,,,,,,,,,,,,,,,6.3,2006-04-12T23:59:59,,,,,,,,,,,,,,,,,,,,,,,,,,,,,,,,,,,,,,,,,,,,,,,,,,,,,,,,,,,,,,,,,,,,,,,,,,,,,,
2006-04-13,984.0,,988.8,2006-04-13T23:00:00,979.7,2006-04-13T03:00:00,23.2,30.4,2006-04-13T01:00:00,18.9,2006-04-13T23:59:59,19.9,83,34,2006-04-13T01:00:00,1.5,270.0,13.2,292.5,2006-04-13T01:00:00,4.0,,,,,0.3,5.38,1.5,,25.4,25.4,25.3,24.7,25.2,,,,,,,,,24.1,2006-04-13T10:00:00,,,,12.2,2006-04-13T01:00:00,,,,,,,,,,,,,,,,,,,,,,,,,99,2006-04-13T15:00:00,,,,,,,,,,,,,,,,,,,,,,,,,,,,,,,,,23.7,,,,,,,,,,,,,,,,,,,,,,,,,,,,,,,,,,,,,,,,,,,,,,,,,,,,,,,,,,,,,,,,,,,,,,,,,,,,,,,,,,,,,,,4.2,2006-04-13T10:00:00,,,,,,,,,,,,,,,,,,,,,,,,,,,,,,,,,,,,,,,,,,,,,,,,,,,,,,,,,,,,,,,,,,,,,,,,,,,,,,
2006-04-14,987.6,,989.2,2006-04-14T09:00:00,985.9,2006-04-14T16:00:00,20.2,22.8,2006-04-14T16:00:00,17.9,2006-04-14T06:00:00,18.6,90,81,2006-04-14T15:00:00,1.0,45.0,4.6,67.5,2006-04-14T10:00:00,0.0,,,,,0.0,3.71,0.9,,24.2,24.3,24.4,24.5,24.5,,,,,,,,,20.0,2006-04-14T18:00:00,,,,17.1,2006-04-14T01:00:00,,,,,,,,,,,,,,,,,,,,,,,,,98,2006-04-14T05:00:00,,,,,,,,,,,,,,,,,,,,,,,,,,,,,,,,,23.8,,,,,,,,,,,,,,,,,,,,,,,,,,,,,,,,,,,,,,,,,,,,,,,,,,,,,,,,,,,,,,,,,,,,,,,,,,,,,,,,,,,,,,,2.3,2006-04-14T11:00:00,,,,,,,,,,,,,,,,,,,,,,,,,,,,,,,,,,,,,,,,,,,,,,,,,,,,,,,,,,,,,,,,,,,,,,,,,,,,,,
2006-04-15,985.8,,987.4,2006-04-15T22:00:00,984.2,2006-04-15T15:00:00,20.0,22.5,2006-04-15T11:00:00,17.6,2006-04-15T23:59:59,19.5,97,87,2006-04-15T09:00:00,0.8,45.0,6.5,67.5,2006-04-15T16:00:00,29.0,,,,,0.0,1.9,0.1,,23.6,23.7,23.9,24.1,24.0,,,,,,,,,21.0,2006-04-15T14:00:00,,,,17.7,2006-04-15T23:00:00,,,,,,,,,,,,,,,,,,,,,,,,,100,2006-04-15T13:00:00,,,,,,,,,,,,,,,,,,,,,,,,,,,,,,,,,23.8,,,,,,,,,,,,,,,,,,,,,,,,,,,,,,,,,,,,,,,,,,,,,,,,,,,,,,,,,,,,,,,,,,,,,,,,,,,,,,,,,,,,,,,2.3,2006-04-15T14:00:00,,,,,,,,,,,,,,,,,,,,,,,,,,,,,,,,,,,,,,,,,,,,,,,,,,,,,,,,,,,,,,,,,,,,,,,,,,,,,,
2006-04-16,987.5,,989.4,2006-04-16T21:00:00,985.4,2006-04-16T03:00:00,16.7,18.8,2006-04-16T13:00:00,15.1,2006-04-16T23:00:00,16.1,96,88,2006-04-16T22:00:00,1.6,22.5,7.4,45.0,2006-04-16T16:00:00,34.0,,,,,0.0,2.23,0.0,,21.9,22.0,22.5,23.6,23.0,,,,,,,,,17.7,2006-04-16T01:00:00,,,,13.6,2006-04-16T22:00:00,,,,,,,,,,,,,,,,,,,,,,,,,100,2006-04-16T01:00:00,,,,,,,,,,,,,,,,,,,,,,,,,,,,,,,,,23.7,,,,,,,,,,,,,,,,,,,,,,,,,,,,,,,,,,,,,,,,,,,,,,,,,,,,,,,,,,,,,,,,,,,,,,,,,,,,,,,,,,,,,,,2.9,2006-04-16T16:00:00,,,,,,,,,,,,,,,,,,,,,,,,,,,,,,,,,,,,,,,,,,,,,,,,,,,,,,,,,,,,,,,,,,,,,,,,,,,,,,
2006-04-17,987.6,,988.5,2006-04-17T22:00:00,986.4,2006-04-17T14:00:00,17.8,21.2,2006-04-17T15:00:00,15.0,2006-04-17T01:00:00,16.2,91,75,2006-04-17T12:00:00,1.0,225.0,5.2,337.5,2006-04-17T01:00:00,0.0,,,,,0.0,3.07,0.4,,21.4,21.4,21.8,22.9,22.2,,,,,,,,,17.8,2006-04-17T23:59:59,,,,13.8,2006-04-17T02:00:00,,,,,,,,,,,,,,,,,,,,,,,,,99,2006-04-17T21:00:00,,,,,,,,,,,,,,,,,,,,,,,,,,,,,,,,,23.3,,,,,,,,,,,,,,,,,,,,,,,,,,,,,,,,,,,,,,,,,,,,,,,,,,,,,,,,,,,,,,,,,,,,,,,,,,,,,,,,,,,,,,,2.4,2006-04-17T13:00:00,,,,,,,,,,,,,,,,,,,,,,,,,,,,,,,,,,,,,,,,,,,,,,,,,,,,,,,,,,,,,,,,,,,,,,,,,,,,,,
2006-04-18,987.1,,988.1,2006-04-18T09:00:00,986.3,2006-04-18T16:00:00,21.0,27.5,2006-04-18T11:00:00,16.7,2006-04-18T05:00:00,19.9,94,67,2006-04-18T11:00:00,1.3,225.0,7.2,67.5,2006-04-18T12:00:00,3.0,,,,,1.3,6.16,0.6,,22.0,22.0,22.0,22.5,22.2,,,,,,,,,22.4,2006-04-18T16:00:00,,,,17.1,2006-04-18T04:00:00,,,,,,,,,,,,,,,,,,,,,,,,,100,2006-04-18T01:00:00,,,,,,,,,,,,,,,,,,,,,,,,,,,,,,,,,23.0,,,,,,,,,,,,,,,,,,,,,,,,,,,,,,,,,,,,,,,,,,,,,,,,,,,,,,,,,,,,,,,,,,,,,,,,,,,,,,,,,,,,,,,3.4,2006-04-18T11:00:00,,,,,,,,,,,,,,,,,,,,,,,,,,,,,,,,,,,,,,,,,,,,,,,,,,,,,,,,,,,,,,,,,,,,,,,,,,,,,,
2006-04-19,985.6,,987.0,2006-04-19T23:00:00,983.5,2006-04-19T16:00:00,23.1,26.5,2006-04-19T10:00:00,19.2,2006-04-19T03:00:00,21.8,93,76,2006-04-19T09:00:00,1.1,225.0,6.2,315.0,2006-04-19T21:00:00,1.0,,,,,1.8,4.93,0.3,,22.7,22.7,22.6,22.6,22.6,,,,,,,,,24.9,2006-04-19T15:00:00,,,,19.6,2006-04-19T03:00:00,,,,,,,,,,,,,,,,,,,,,,,,,100,2006-04-19T02:00:00,,,,,,,,,,,,,,,,,,,,,,,,,,,,,,,,,22.9,,,,,,,,,,,,,,,,,,,,,,,,,,,,,,,,,,,,,,,,,,,,,,,,,,,,,,,,,,,,,,,,,,,,,,,,,,,,,,,,,,,,,,,1.9,2006-04-19T18:00:00,,,,,,,,,,,,,,,,,,,,,,,,,,,,,,,,,,,,,,,,,,,,,,,,,,,,,,,,,,,,,,,,,,,,,,,,,,,,,,
2006-04-20,987.7,,989.5,2006-04-20T22:00:00,985.7,2006-04-20T03:00:00,22.1,27.4,2006-04-20T10:00:00,19.2,2006-04-20T23:00:00,19.2,84,71,2006-04-20T10:00:00,1.9,45.0,12.4,45.0,2006-04-20T12:00:00,0.0,,,,,2.0,7.9,2.4,,23.5,23.5,23.3,22.9,23.1,,,,,,,,,21.6,2006-04-20T10:00:00,,,,16.5,2006-04-20T19:00:00,,,,,,,,,,,,,,,,,,,,,,,,,98,2006-04-20T03:00:00,,,,,,,,,,,,,,,,,,,,,,,,,,,,,,,,,22.9,,,,,,,,,,,,,,,,,,,,,,,,,,,,,,,,,,,,,,,,,,,,,,,,,,,,,,,,,,,,,,,,,,,,,,,,,,,,,,,,,,,,,,,5.8,2006-04-20T12:00:00,,,,,,,,,,,,,,,,,,,,,,,,,,,,,,,,,,,,,,,,,,,,,,,,,,,,,,,,,,,,,,,,,,,,,,,,,,,,,,
2006-04-21,985.0,,987.6,2006-04-21T01:00:00,982.2,2006-04-21T23:59:59,21.1,26.2,2006-04-21T10:00:00,18.8,2006-04-21T05:00:00,19.6,91,72,2006-04-21T09:00:00,0.7,247.5,4.2,112.5,2006-04-21T10:00:00,0.0,,,,,1.3,4.15,0.3,,23.2,23.2,23.2,23.1,23.2,,,,,,,,,21.4,2006-04-21T18:00:00,,,,17.5,2006-04-21T01:00:00,,,,,,,,,,,,,,,,,,,,,,,,,100,2006-04-21T18:00:00,,,,,,,,,,,,,,,,,,,,,,,,,,,,,,,,,23.0,,,,,,,,,,,,,,,,,,,,,,,,,,,,,,,,,,,,,,,,,,,,,,,,,,,,,,,,,,,,,,,,,,,,,,,,,,,,,,,,,,,,,,,1.5,2006-04-21T09:00:00,,,,,,,,,,,,,,,,,,,,,,,,,,,,,,,,,,,,,,,,,,,,,,,,,,,,,,,,,,,,,,,,,,,,,,,,,,,,,,
2006-04-22,978.2,,981.2,2006-04-22T01:00:00,974.2,2006-04-22T15:00:00,26.3,35.6,2006-04-22T16:00:00,19.3,2006-04-22T01:00:00,20.5,75,32,2006-04-22T15:00:00,1.9,225.0,14.4,360.0,2006-04-22T16:00:00,0.0,,,,,10.8,17.09,5.2,,24.2,24.2,23.7,23.1,23.4,,,,,,,,,24.2,2006-04-22T10:00:00,,,,16.0,2006-04-22T16:00:00,,,,,,,,,,,,,,,,,,,,,,,,,100,2006-04-22T01:00:00,,,,,,,,,,,,,,,,,,,,,,,,,,,,,,,,,23.0,,,,,,,,,,,,,,,,,,,,,,,,,,,,,,,,,,,,,,,,,,,,,,,,,,,,,,,,,,,,,,,,,,,,,,,,,,,,,,,,,,,,,,,3.8,2006-04-22T13:00:00,,,,,,,,,,,,,,,,,,,,,,,,,,,,,,,,,,,,,,,,,,,,,,,,,,,,,,,,,,,,,,,,,,,,,,,,,,,,,,
2006-04-23,981.6,,984.2,2006-04-23T22:00:00,978.2,2006-04-23T03:00:00,23.9,30.0,2006-04-23T10:00:00,19.9,2006-04-23T04:00:00,22.2,91,61,2006-04-23T08:00:00,1.1,225.0,5.5,90.0,2006-04-23T11:00:00,4.5,,,,,2.9,5.96,0.3,,24.6,24.6,24.4,23.7,24.2,,,,,,,,,24.6,2006-04-23T12:00:00,,,,18.5,2006-04-23T07:00:00,,,,,,,,,,,,,,,,,,,,,,,,,100,2006-04-23T17:00:00,,,,,,,,,,,,,,,,,,,,,,,,,,,,,,,,,23.1,,,,,,,,,,,,,,,,,,,,,,,,,,,,,,,,,,,,,,,,,,,,,,,,,,,,,,,,,,,,,,,,,,,,,,,,,,,,,,,,,,,,,,,2.2,2006-04-23T11:00:00,,,,,,,,,,,,,,,,,,,,,,,,,,,,,,,,,,,,,,,,,,,,,,,,,,,,,,,,,,,,,,,,,,,,,,,,,,,,,,
2006-04-24,984.8,,986.7,2006-04-24T21:00:00,982.7,2006-04-24T03:00:00,21.9,24.1,2006-04-24T10:00:00,20.0,2006-04-24T23:00:00,21.4,96,88,2006-04-24T10:00:00,1.1,45.0,6.9,337.5,2006-04-24T19:00:00,14.5,,,,,0.0,2.1,0.0,,24.3,24.2,24.2,23.8,24.1,,,,,,,,,22.9,2006-04-24T01:00:00,,,,19.6,2006-04-24T20:00:00,,,,,,,,,,,,,,,,,,,,,,,,,100,2006-04-24T01:00:00,,,,,,,,,,,,,,,,,,,,,,,,,,,,,,,,,23.3,,,,,,,,,,,,,,,,,,,,,,,,,,,,,,,,,,,,,,,,,,,,,,,,,,,,,,,,,,,,,,,,,,,,,,,,,,,,,,,,,,,,,,,2.4,2006-04-24T08:00:00,,,,,,,,,,,,,,,,,,,,,,,,,,,,,,,,,,,,,,,,,,,,,,,,,,,,,,,,,,,,,,,,,,,,,,,,,,,,,,
2006-04-25,984.1,,986.0,2006-04-25T08:00:00,982.2,2006-04-25T16:00:00,22.0,27.0,2006-04-25T11:00:00,19.9,2006-04-25T05:00:00,21.1,95,76,2006-04-25T11:00:00,1.0,225.0,5.2,90.0,2006-04-25T13:00:00,0.5,,,,,0.3,5.65,0.8,,24.0,24.0,23.9,23.8,23.9,,,,,,,,,22.2,2006-04-25T10:00:00,,,,19.7,2006-04-25T01:00:00,,,,,,,,,,,,,,,,,,,,,,,,,100,2006-04-25T02:00:00,,,,,,,,,,,,,,,,,,,,,,,,,,,,,,,,,23.4,,,,,,,,,,,,,,,,,,,,,,,,,,,,,,,,,,,,,,,,,,,,,,,,,,,,,,,,,,,,,,,,,,,,,,,,,,,,,,,,,,,,,,,2.7,2006-04-25T09:00:00,,,,,,,,,,,,,,,,,,,,,,,,,,,,,,,,,,,,,,,,,,,,,,,,,,,,,,,,,,,,,,,,,,,,,,,,,,,,,,
2006-04-26,979.6,,982.8,2006-04-26T23:00:00,976.0,2006-04-26T15:00:00,24.7,33.9,2006-04-26T15:00:00,20.3,2006-04-26T04:00:00,21.1,83,37,2006-04-26T14:00:00,1.5,247.5,14.0,270.0,2006-04-26T14:00:00,0.0,,,,,3.8,8.99,2.7,,24.2,24.2,24.0,23.8,23.9,,,,,,,,,23.1,2006-04-26T19:00:00,,,,17.2,2006-04-26T14:00:00,,,,,,,,,,,,,,,,,,,,,,,,,100,2006-04-26T01:00:00,,,,,,,,,,,,,,,,,,,,,,,,,,,,,,,,,23.5,,,,,,,,,,,,,,,,,,,,,,,,,,,,,,,,,,,,,,,,,,,,,,,,,,,,,,,,,,,,,,,,,,,,,,,,,,,,,,,,,,,,,,,4.7,2006-04-26T13:00:00,,,,,,,,,,,,,,,,,,,,,,,,,,,,,,,,,,,,,,,,,,,,,,,,,,,,,,,,,,,,,,,,,,,,,,,,,,,,,,
2006-04-27,983.6,,984.9,2006-04-27T10:00:00,982.1,2006-04-27T02:00:00,22.1,25.7,2006-04-27T09:00:00,19.5,2006-04-27T23:59:59,21.4,96,89,2006-04-27T08:00:00,1.2,247.5,6.6,112.5,2006-04-27T10:00:00,8.0,,,,,0.1,2.79,0.6,,24.3,24.3,24.3,24.0,24.2,,,,,,,,,23.3,2006-04-27T08:00:00,,,,19.7,2006-04-27T21:00:00,,,,,,,,,,,,,,,,,,,,,,,,,100,2006-04-27T15:00:00,,,,,,,,,,,,,,,,,,,,,,,,,,,,,,,,,23.5,,,,,,,,,,,,,,,,,,,,,,,,,,,,,,,,,,,,,,,,,,,,,,,,,,,,,,,,,,,,,,,,,,,,,,,,,,,,,,,,,,,,,,,2.8,2006-04-27T09:00:00,,,,,,,,,,,,,,,,,,,,,,,,,,,,,,,,,,,,,,,,,,,,,,,,,,,,,,,,,,,,,,,,,,,,,,,,,,,,,,
2006-04-28,982.6,,984.7,2006-04-28T08:00:00,980.8,2006-04-28T18:00:00,20.6,22.6,2006-04-28T12:00:00,19.1,2006-04-28T06:00:00,20.3,98,90,2006-04-28T12:00:00,0.8,247.5,4.7,67.5,2006-04-28T09:00:00,6.0,,,,,0.0,2.52,0.0,,23.5,23.5,23.7,23.9,23.8,,,,,,,,,21.1,2006-04-28T15:00:00,,,,19.4,2006-04-28T08:00:00,,,,,,,,,,,,,,,,,,,,,,,,,100,2006-04-28T01:00:00,,,,,,,,,,,,,,,,,,,,,,,,,,,,,,,,,23.6,,,,,,,,,,,,,,,,,,,,,,,,,,,,,,,,,,,,,,,,,,,,,,,,,,,,,,,,,,,,,,,,,,,,,,,,,,,,,,,,,,,,,,,1.7,2006-04-28T10:00:00,,,,,,,,,,,,,,,,,,,,,,,,,,,,,,,,,,,,,,,,,,,,,,,,,,,,,,,,,,,,,,,,,,,,,,,,,,,,,,
2006-04-29,982.0,,984.1,2006-04-29T22:00:00,979.8,2006-04-29T03:00:00,21.9,24.1,2006-04-29T11:00:00,20.5,2006-04-29T01:00:00,21.4,97,88,2006-04-29T11:00:00,0.5,225.0,4.4,90.0,2006-04-29T12:00:00,0.0,,,,,0.0,2.72,0.1,,23.5,23.5,23.5,23.6,23.6,,,,,,,,,22.1,2006-04-29T10:00:00,,,,20.6,2006-04-29T04:00:00,,,,,,,,,,,,,,,,,,,,,,,,,100,2006-04-29T01:00:00,,,,,,,,,,,,,,,,,,,,,,,,,,,,,,,,,23.5,,,,,,,,,,,,,,,,,,,,,,,,,,,,,,,,,,,,,,,,,,,,,,,,,,,,,,,,,,,,,,,,,,,,,,,,,,,,,,,,,,,,,,,1.7,2006-04-29T11:00:00,,,,,,,,,,,,,,,,,,,,,,,,,,,,,,,,,,,,,,,,,,,,,,,,,,,,,,,,,,,,,,,,,,,,,,,,,,,,,,
2006-04-30,982.7,,984.6,2006-04-30T09:00:00,980.9,2006-04-30T17:00:00,23.6,27.9,2006-04-30T11:00:00,20.8,2006-04-30T05:00:00,22.2,92,75,2006-04-30T10:00:00,1.0,247.5,4.3,45.0,2006-04-30T13:00:00,0.5,,,,,1.0,7.4,0.7,,24.1,24.0,23.8,23.6,23.7,,,,,,,,,24.0,2006-04-30T17:00:00,,,,21.1,2006-04-30T05:00:00,,,,,,,,,,,,,,,,,,,,,,,,,100,2006-04-30T01:00:00,,,,,,,,,,,,,,,,,,,,,,,,,,,,,,,,,23.5,,,,,,,,,,,,,,,,,,,,,,,,,,,,,,,,,,,,,,,,,,,,,,,,,,,,,,,,,,,,,,,,,,,,,,,,,,,,,,,,,,,,,,,2.2,2006-04-30T10:00:00,,,,,,,,,,,,,,,,,,,,,,,,,,,,,,,,,,,,,,,,,,,,,,,,,,,,,,,,,,,,,,,,,,,,,,,,,,,,,,
2006-05-01,979.4,,981.2,2006-05-01T09:00:00,977.2,2006-05-01T17:00:00,26.0,30.5,2006-05-01T11:00:00,21.0,2006-05-01T06:00:00,22.6,83,54,2006-05-01T19:00:00,2.0,90.0,9.3,90.0,2006-05-01T14:00:00,0.0,,,,,8.0,14.37,4.4,,25.0,25.0,24.5,23.8,24.2,,,,,,,,,25.6,2006-05-01T15:00:00,,,,17.8,2006-05-01T23:59:59,,,,,,,,,,,,,,,,,,,,,,,,,99,2006-05-01T01:00:00,,,,,,,,,,,,,,,,,,,,,,,,,,,,,,,,,23.5,,,,,,,,,,,,,,,,,,,,,,,,,,,,,,,,,,,,,,,,,,,,,,,,,,,,,,,,,,,,,,,,,,,,,,,,,,,,,,,,,,,,,,,4.5,2006-05-01T14:00:00,,,,,,,,,,,,,,,,,,,,,,,,,,,,,,,,,,,,,,,,,,,,,,,,,,,,,,,,,,,,,,,,,,,,,,,,,,,,,,
2006-05-02,981.5,,985.3,2006-05-02T22:00:00,977.5,2006-05-02T04:00:00,25.9,31.2,2006-05-02T01:00:00,22.6,2006-05-02T23:59:59,22.4,84,41,2006-05-02T01:00:00,1.7,247.5,14.8,45.0,2006-05-02T03:00:00,4.0,,,,,2.0,4.76,0.8,,25.3,25.3,25.1,24.3,24.8,,,,,,,,,25.6,2006-05-02T14:00:00,,,,15.4,2006-05-02T01:00:00,,,,,,,,,,,,,,,,,,,,,,,,,100,2006-05-02T14:00:00,,,,,,,,,,,,,,,,,,,,,,,,,,,,,,,,,23.7,,,,,,,,,,,,,,,,,,,,,,,,,,,,,,,,,,,,,,,,,,,,,,,,,,,,,,,,,,,,,,,,,,,,,,,,,,,,,,,,,,,,,,,4.6,2006-05-02T03:00:00,,,,,,,,,,,,,,,,,,,,,,,,,,,,,,,,,,,,,,,,,,,,,,,,,,,,,,,,,,,,,,,,,,,,,,,,,,,,,,
2006-05-03,985.8,,987.3,2006-05-03T10:00:00,984.0,2006-05-03T01:00:00,23.2,25.8,2006-05-03T16:00:00,21.7,2006-05-03T07:00:00,21.8,92,75,2006-05-03T13:00:00,1.0,247.5,3.5,247.5,2006-05-03T06:00:00,2.0,,,,,0.0,4.63,0.0,,24.9,24.9,24.8,24.4,24.7,,,,,,,,,22.7,2006-05-03T02:00:00,,,,20.5,2006-05-03T13:00:00,,,,,,,,,,,,,,,,,,,,,,,,,100,2006-05-03T01:00:00,,,,,,,,,,,,,,,,,,,,,,,,,,,,,,,,,23.9,,,,,,,,,,,,,,,,,,,,,,,,,,,,,,,,,,,,,,,,,,,,,,,,,,,,,,,,,,,,,,,,,,,,,,,,,,,,,,,,,,,,,,,2.0,2006-05-03T17:00:00,,,,,,,,,,,,,,,,,,,,,,,,,,,,,,,,,,,,,,,,,,,,,,,,,,,,,,,,,,,,,,,,,,,,,,,,,,,,,,
2006-05-04,987.4,,988.9,2006-05-04T09:00:00,985.7,2006-05-04T03:00:00,22.7,24.5,2006-05-04T15:00:00,20.9,2006-05-04T05:00:00,22.1,97,90,2006-05-04T14:00:00,0.9,247.5,3.3,90.0,2006-05-04T10:00:00,1.5,,,,,0.0,3.76,0.2,,24.6,24.6,24.6,24.4,24.6,,,,,,,,,23.4,2006-05-04T17:00:00,,,,21.0,2006-05-04T05:00:00,,,,,,,,,,,,,,,,,,,,,,,,,100,2006-05-04T05:00:00,,,,,,,,,,,,,,,,,,,,,,,,,,,,,,,,,24.0,,,,,,,,,,,,,,,,,,,,,,,,,,,,,,,,,,,,,,,,,,,,,,,,,,,,,,,,,,,,,,,,,,,,,,,,,,,,,,,,,,,,,,,1.9,2006-05-04T22:00:00,,,,,,,,,,,,,,,,,,,,,,,,,,,,,,,,,,,,,,,,,,,,,,,,,,,,,,,,,,,,,,,,,,,,,,,,,,,,,,
2006-05-05,986.7,,988.3,2006-05-05T09:00:00,985.0,2006-05-05T16:00:00,23.7,27.2,2006-05-05T11:00:00,20.8,2006-05-05T06:00:00,22.2,92,79,2006-05-05T08:00:00,1.3,90.0,5.9,90.0,2006-05-05T14:00:00,0.0,,,,,0.5,5.89,0.4,,24.7,24.7,24.6,24.3,24.5,,,,,,,,,23.5,2006-05-05T11:00:00,,,,20.4,2006-05-05T07:00:00,,,,,,,,,,,,,,,,,,,,,,,,,100,2006-05-05T01:00:00,,,,,,,,,,,,,,,,,,,,,,,,,,,,,,,,,24.0,,,,,,,,,,,,,,,,,,,,,,,,,,,,,,,,,,,,,,,,,,,,,,,,,,,,,,,,,,,,,,,,,,,,,,,,,,,,,,,,,,,,,,,3.0,2006-05-05T13:00:00,,,,,,,,,,,,,,,,,,,,,,,,,,,,,,,,,,,,,,,,,,,,,,,,,,,,,,,,,,,,,,,,,,,,,,,,,,,,,,
2006-05-06,982.1,,984.4,2006-05-06T01:00:00,979.1,2006-05-06T17:00:00,25.5,31.0,2006-05-06T16:00:00,21.7,2006-05-06T05:00:00,23.0,86,70,2006-05-06T16:00:00,1.6,247.5,7.2,67.5,2006-05-06T11:00:00,0.0,,,,,0.9,8.11,0.0,,25.2,25.2,24.9,24.4,24.7,,,,,,,,,24.8,2006-05-06T12:00:00,,,,21.0,2006-05-06T05:00:00,,,,,,,,,,,,,,,,,,,,,,,,,98,2006-05-06T01:00:00,,,,,,,,,,,,,,,,,,,,,,,,,,,,,,,,,24.0,,,,,,,,,,,,,,,,,,,,,,,,,,,,,,,,,,,,,,,,,,,,,,,,,,,,,,,,,,,,,,,,,,,,,,,,,,,,,,,,,,,,,,,4.0,2006-05-06T10:00:00,,,,,,,,,,,,,,,,,,,,,,,,,,,,,,,,,,,,,,,,,,,,,,,,,,,,,,,,,,,,,,,,,,,,,,,,,,,,,,
2006-05-07,982.5,,984.6,2006-05-07T21:00:00,980.5,2006-05-07T04:00:00,25.5,31.4,2006-05-07T11:00:00,22.1,2006-05-07T04:00:00,23.2,88,67,2006-05-07T09:00:00,1.3,247.5,6.9,90.0,2006-05-07T14:00:00,1.0,,,,,3.9,8.72,0.0,,26.0,25.9,25.6,24.7,25.2,,,,,,,,,25.4,2006-05-07T16:00:00,,,,21.6,2006-05-07T01:00:00,,,,,,,,,,,,,,,,,,,,,,,,,99,2006-05-07T19:00:00,,,,,,,,,,,,,,,,,,,,,,,,,,,,,,,,,24.1,,,,,,,,,,,,,,,,,,,,,,,,,,,,,,,,,,,,,,,,,,,,,,,,,,,,,,,,,,,,,,,,,,,,,,,,,,,,,,,,,,,,,,,2.8,2006-05-07T13:00:00,,,,,,,,,,,,,,,,,,,,,,,,,,,,,,,,,,,,,,,,,,,,,,,,,,,,,,,,,,,,,,,,,,,,,,,,,,,,,,
2006-05-08,984.2,,985.4,2006-05-08T09:00:00,982.6,2006-05-08T16:00:00,25.3,30.2,2006-05-08T12:00:00,22.9,2006-05-08T04:00:00,23.8,92,73,2006-05-08T09:00:00,1.2,247.5,5.7,90.0,2006-05-08T13:00:00,3.0,,,,,1.9,7.37,0.9,,26.2,26.2,25.8,25.0,25.5,,,,,,,,,25.0,2006-05-08T12:00:00,,,,22.7,2006-05-08T08:00:00,,,,,,,,,,,,,,,,,,,,,,,,,100,2006-05-08T19:00:00,,,,,,,,,,,,,,,,,,,,,,,,,,,,,,,,,24.2,,,,,,,,,,,,,,,,,,,,,,,,,,,,,,,,,,,,,,,,,,,,,,,,,,,,,,,,,,,,,,,,,,,,,,,,,,,,,,,,,,,,,,,2.6,2006-05-08T10:00:00,,,,,,,,,,,,,,,,,,,,,,,,,,,,,,,,,,,,,,,,,,,,,,,,,,,,,,,,,,,,,,,,,,,,,,,,,,,,,,
2006-05-09,982.9,,984.0,2006-05-09T09:00:00,981.4,2006-05-09T16:00:00,25.4,30.4,2006-05-09T10:00:00,22.6,2006-05-09T06:00:00,24.3,94,76,2006-05-09T09:00:00,1.4,247.5,6.6,90.0,2006-05-09T11:00:00,0.0,,,,,2.6,6.18,1.4,,26.3,26.3,26.0,25.2,25.7,,,,,,,,,25.0,2006-05-09T13:00:00,,,,22.8,2006-05-09T05:00:00,,,,,,,,,,,,,,,,,,,,,,,,,100,2006-05-09T01:00:00,,,,,,,,,,,,,,,,,,,,,,,,,,,,,,,,,24.4,,,,,,,,,,,,,,,,,,,,,,,,,,,,,,,,,,,,,,,,,,,,,,,,,,,,,,,,,,,,,,,,,,,,,,,,,,,,,,,,,,,,,,,2.8,2006-05-09T12:00:00,,,,,,,,,,,,,,,,,,,,,,,,,,,,,,,,,,,,,,,,,,,,,,,,,,,,,,,,,,,,,,,,,,,,,,,,,,,,,,
2006-05-10,983.2,,985.7,2006-05-10T23:00:00,981.6,2006-05-10T16:00:00,26.1,30.6,2006-05-10T11:00:00,23.5,2006-05-10T06:00:00,24.6,92,74,2006-05-10T09:00:00,1.4,247.5,8.3,90.0,2006-05-10T12:00:00,14.5,,,,,2.5,7.24,0.9,,26.5,26.5,26.2,25.4,25.9,,,,,,,,,25.8,2006-05-10T17:00:00,,,,23.5,2006-05-10T05:00:00,,,,,,,,,,,,,,,,,,,,,,,,,100,2006-05-10T18:00:00,,,,,,,,,,,,,,,,,,,,,,,,,,,,,,,,,24.6,,,,,,,,,,,,,,,,,,,,,,,,,,,,,,,,,,,,,,,,,,,,,,,,,,,,,,,,,,,,,,,,,,,,,,,,,,,,,,,,,,,,,,,3.4,2006-05-10T11:00:00,,,,,,,,,,,,,,,,,,,,,,,,,,,,,,,,,,,,,,,,,,,,,,,,,,,,,,,,,,,,,,,,,,,,,,,,,,,,,,
2006-05-11,986.3,,988.6,2006-05-11T23:00:00,984.7,2006-05-11T03:00:00,25.0,28.1,2006-05-11T13:00:00,23.5,2006-05-11T22:00:00,24.2,95,82,2006-05-11T13:00:00,1.2,247.5,5.6,90.0,2006-05-11T10:00:00,10.0,,,,,0.6,5.72,0.3,,26.5,26.5,26.3,25.6,26.0,,,,,,,,,25.4,2006-05-11T12:00:00,,,,22.6,2006-05-11T23:00:00,,,,,,,,,,,,,,,,,,,,,,,,,100,2006-05-11T01:00:00,,,,,,,,,,,,,,,,,,,,,,,,,,,,,,,,,24.7,,,,,,,,,,,,,,,,,,,,,,,,,,,,,,,,,,,,,,,,,,,,,,,,,,,,,,,,,,,,,,,,,,,,,,,,,,,,,,,,,,,,,,,2.3,2006-05-11T13:00:00,,,,,,,,,,,,,,,,,,,,,,,,,,,,,,,,,,,,,,,,,,,,,,,,,,,,,,,,,,,,,,,,,,,,,,,,,,,,,,
2006-05-12,986.3,,988.1,2006-05-12T08:00:00,984.3,2006-05-12T16:00:00,26.0,30.7,2006-05-12T12:00:00,23.2,2006-05-12T05:00:00,23.6,88,62,2006-05-12T12:00:00,1.5,247.5,6.3,112.5,2006-05-12T14:00:00,0.0,,,,,4.4,12.52,3.8,,27.3,27.2,26.7,25.7,26.3,,,,,,,,,24.5,2006-05-12T21:00:00,,,,22.2,2006-05-12T12:00:00,,,,,,,,,,,,,,,,,,,,,,,,,100,2006-05-12T06:00:00,,,,,,,,,,,,,,,,,,,,,,,,,,,,,,,,,24.9,,,,,,,,,,,,,,,,,,,,,,,,,,,,,,,,,,,,,,,,,,,,,,,,,,,,,,,,,,,,,,,,,,,,,,,,,,,,,,,,,,,,,,,3.2,2006-05-12T14:00:00,,,,,,,,,,,,,,,,,,,,,,,,,,,,,,,,,,,,,,,,,,,,,,,,,,,,,,,,,,,,,,,,,,,,,,,,,,,,,,
2006-05-13,984.9,,987.0,2006-05-13T22:00:00,982.9,2006-05-13T16:00:00,25.5,30.7,2006-05-13T11:00:00,22.2,2006-05-13T03:00:00,22.8,85,68,2006-05-13T09:00:00,1.8,112.5,6.9,112.5,2006-05-13T11:00:00,0.0,,,,,3.8,10.18,3.4,,27.5,27.5,27.1,26.1,26.8,,,,,,,,,25.1,2006-05-13T11:00:00,,,,19.8,2006-05-13T23:59:59,,,,,,,,,,,,,,,,,,,,,,,,,100,2006-05-13T03:00:00,,,,,,,,,,,,,,,,,,,,,,,,,,,,,,,,,25.1,,,,,,,,,,,,,,,,,,,,,,,,,,,,,,,,,,,,,,,,,,,,,,,,,,,,,,,,,,,,,,,,,,,,,,,,,,,,,,,,,,,,,,,3.0,2006-05-13T13:00:00,,,,,,,,,,,,,,,,,,,,,,,,,,,,,,,,,,,,,,,,,,,,,,,,,,,,,,,,,,,,,,,,,,,,,,,,,,,,,,
2006-05-14,985.7,,987.2,2006-05-14T10:00:00,984.5,2006-05-14T04:00:00,22.3,25.9,2006-05-14T13:00:00,20.3,2006-05-14T23:59:59,18.7,80,68,2006-05-14T13:00:00,2.6,45.0,10.6,45.0,2006-05-14T14:00:00,0.0,,,,,1.6,8.75,3.5,,26.4,26.5,26.5,26.2,26.5,,,,,,,,,19.8,2006-05-14T02:00:00,,,,17.5,2006-05-14T17:00:00,,,,,,,,,,,,,,,,,,,,,,,,,89,2006-05-14T02:00:00,,,,,,,,,,,,,,,,,,,,,,,,,,,,,,,,,25.3,,,,,,,,,,,,,,,,,,,,,,,,,,,,,,,,,,,,,,,,,,,,,,,,,,,,,,,,,,,,,,,,,,,,,,,,,,,,,,,,,,,,,,,4.4,2006-05-14T08:00:00,,,,,,,,,,,,,,,,,,,,,,,,,,,,,,,,,,,,,,,,,,,,,,,,,,,,,,,,,,,,,,,,,,,,,,,,,,,,,,
2006-05-15,983.7,,985.4,2006-05-15T01:00:00,981.5,2006-05-15T16:00:00,23.6,29.6,2006-05-15T14:00:00,19.8,2006-05-15T01:00:00,21.9,91,71,2006-05-15T14:00:00,1.2,67.5,7.2,22.5,2006-05-15T02:00:00,3.0,,,,,0.3,8.18,0.8,,26.0,26.0,26.0,25.8,25.9,,,,,,,,,24.0,2006-05-15T18:00:00,,,,18.7,2006-05-15T01:00:00,,,,,,,,,,,,,,,,,,,,,,,,,100,2006-05-15T20:00:00,,,,,,,,,,,,,,,,,,,,,,,,,,,,,,,,,25.3,,,,,,,,,,,,,,,,,,,,,,,,,,,,,,,,,,,,,,,,,,,,,,,,,,,,,,,,,,,,,,,,,,,,,,,,,,,,,,,,,,,,,,,2.2,2006-05-15T02:00:00,,,,,,,,,,,,,,,,,,,,,,,,,,,,,,,,,,,,,,,,,,,,,,,,,,,,,,,,,,,,,,,,,,,,,,,,,,,,,,
2006-05-16,983.4,,984.9,2006-05-16T10:00:00,982.3,2006-05-16T03:00:00,23.2,25.7,2006-05-16T15:00:00,22.2,2006-05-16T23:59:59,23.0,98,88,2006-05-16T15:00:00,1.3,247.5,7.1,315.0,2006-05-16T22:00:00,64.0,,,,,0.1,4.2,0.1,,25.9,26.0,26.0,25.8,26.0,,,,,,,,,24.3,2006-05-16T09:00:00,,,,22.0,2006-05-16T22:00:00,,,,,,,,,,,,,,,,,,,,,,,,,100,2006-05-16T01:00:00,,,,,,,,,,,,,,,,,,,,,,,,,,,,,,,,,25.3,,,,,,,,,,,,,,,,,,,,,,,,,,,,,,,,,,,,,,,,,,,,,,,,,,,,,,,,,,,,,,,,,,,,,,,,,,,,,,,,,,,,,,,2.8,2006-05-16T14:00:00,,,,,,,,,,,,,,,,,,,,,,,,,,,,,,,,,,,,,,,,,,,,,,,,,,,,,,,,,,,,,,,,,,,,,,,,,,,,,,
2006-05-17,980.6,,982.9,2006-05-17T01:00:00,978.7,2006-05-17T17:00:00,24.2,27.1,2006-05-17T14:00:00,21.7,2006-05-17T03:00:00,24.0,98,90,2006-05-17T23:59:59,4.1,112.5,17.8,112.5,2006-05-17T10:00:00,172.5,,,,,0.0,2.63,6.1,,24.3,24.3,24.5,25.0,24.7,,,,,,,,,26.2,2006-05-17T12:00:00,,,,21.8,2006-05-17T05:00:00,,,,,,,,,,,,,,,,,,,,,,,,,100,2006-05-17T01:00:00,,,,,,,,,,,,,,,,,,,,,,,,,,,,,,,,,25.2,,,,,,,,,,,,,,,,,,,,,,,,,,,,,,,,,,,,,,,,,,,,,,,,,,,,,,,,,,,,,,,,,,,,,,,,,,,,,,,,,,,,,,,9.6,2006-05-17T12:00:00,,,,,,,,,,,,,,,,,,,,,,,,,,,,,,,,,,,,,,,,,,,,,,,,,,,,,,,,,,,,,,,,,,,,,,,,,,,,,,
2006-05-18,975.8,,978.9,2006-05-18T01:00:00,973.3,2006-05-18T15:00:00,27.0,33.4,2006-05-18T16:00:00,22.1,2006-05-18T02:00:00,21.1,73,44,2006-05-18T16:00:00,1.9,270.0,9.8,67.5,2006-05-18T12:00:00,22.0,,,,,5.4,14.24,5.1,,25.0,24.9,24.5,24.4,24.4,,,,,,,,,24.7,2006-05-18T10:00:00,,,,16.7,2006-05-18T23:59:59,,,,,,,,,,,,,,,,,,,,,,,,,100,2006-05-18T01:00:00,,,,,,,,,,,,,,,,,,,,,,,,,,,,,,,,,24.7,,,,,,,,,,,,,,,,,,,,,,,,,,,,,,,,,,,,,,,,,,,,,,,,,,,,,,,,,,,,,,,,,,,,,,,,,,,,,,,,,,,,,,,4.4,2006-05-18T10:00:00,,,,,,,,,,,,,,,,,,,,,,,,,,,,,,,,,,,,,,,,,,,,,,,,,,,,,,,,,,,,,,,,,,,,,,,,,,,,,,
2006-05-19,979.6,,985.0,2006-05-19T23:00:00,975.0,2006-05-19T03:00:00,25.8,31.6,2006-05-19T08:00:00,21.5,2006-05-19T23:59:59,20.3,73,39,2006-05-19T08:00:00,2.1,135.0,9.0,315.0,2006-05-19T01:00:00,0.0,,,,,6.1,13.14,4.7,,26.1,26.0,25.7,25.1,25.4,,,,,,,,,23.9,2006-05-19T12:00:00,,,,15.9,2006-05-19T08:00:00,,,,,,,,,,,,,,,,,,,,,,,,,92,2006-05-19T23:59:59,,,,,,,,,,,,,,,,,,,,,,,,,,,,,,,,,24.9,,,,,,,,,,,,,,,,,,,,,,,,,,,,,,,,,,,,,,,,,,,,,,,,,,,,,,,,,,,,,,,,,,,,,,,,,,,,,,,,,,,,,,,4.1,2006-05-19T12:00:00,,,,,,,,,,,,,,,,,,,,,,,,,,,,,,,,,,,,,,,,,,,,,,,,,,,,,,,,,,,,,,,,,,,,,,,,,,,,,,
2006-05-20,985.1,,987.6,2006-05-20T22:00:00,983.3,2006-05-20T03:00:00,23.4,28.1,2006-05-20T11:00:00,19.4,2006-05-20T05:00:00,20.8,87,63,2006-05-20T10:00:00,1.3,270.0,5.9,90.0,2006-05-20T09:00:00,0.0,,,,,3.6,9.99,3.1,,26.0,26.0,25.9,25.4,25.8,,,,,,,,,22.4,2006-05-20T21:00:00,,,,19.2,2006-05-20T05:00:00,,,,,,,,,,,,,,,,,,,,,,,,,100,2006-05-20T21:00:00,,,,,,,,,,,,,,,,,,,,,,,,,,,,,,,,,25.1,,,,,,,,,,,,,,,,,,,,,,,,,,,,,,,,,,,,,,,,,,,,,,,,,,,,,,,,,,,,,,,,,,,,,,,,,,,,,,,,,,,,,,,2.8,2006-05-20T11:00:00,,,,,,,,,,,,,,,,,,,,,,,,,,,,,,,,,,,,,,,,,,,,,,,,,,,,,,,,,,,,,,,,,,,,,,,,,,,,,,
2006-05-21,985.7,,987.1,2006-05-21T21:00:00,984.3,2006-05-21T16:00:00,23.8,28.1,2006-05-21T11:00:00,20.9,2006-05-21T04:00:00,22.7,94,76,2006-05-21T09:00:00,1.4,270.0,5.4,112.5,2006-05-21T11:00:00,12.5,,,,,0.5,6.19,0.9,,25.9,25.9,25.8,25.6,25.8,,,,,,,,,24.3,2006-05-21T17:00:00,,,,20.8,2006-05-21T04:00:00,,,,,,,,,,,,,,,,,,,,,,,,,100,2006-05-21T17:00:00,,,,,,,,,,,,,,,,,,,,,,,,,,,,,,,,,25.2,,,,,,,,,,,,,,,,,,,,,,,,,,,,,,,,,,,,,,,,,,,,,,,,,,,,,,,,,,,,,,,,,,,,,,,,,,,,,,,,,,,,,,,2.3,2006-05-21T10:00:00,,,,,,,,,,,,,,,,,,,,,,,,,,,,,,,,,,,,,,,,,,,,,,,,,,,,,,,,,,,,,,,,,,,,,,,,,,,,,,
2006-05-22,983.7,,985.3,2006-05-22T01:00:00,981.8,2006-05-22T16:00:00,26.1,30.8,2006-05-22T12:00:00,22.6,2006-05-22T06:00:00,24.3,91,75,2006-05-22T11:00:00,1.8,90.0,14.0,112.5,2006-05-22T10:00:00,0.0,,,,,3.3,12.46,2.2,,26.7,26.6,26.2,25.6,25.9,,,,,,,,,25.9,2006-05-22T19:00:00,,,,22.8,2006-05-22T01:00:00,,,,,,,,,,,,,,,,,,,,,,,,,100,2006-05-22T01:00:00,,,,,,,,,,,,,,,,,,,,,,,,,,,,,,,,,25.3,,,,,,,,,,,,,,,,,,,,,,,,,,,,,,,,,,,,,,,,,,,,,,,,,,,,,,,,,,,,,,,,,,,,,,,,,,,,,,,,,,,,,,,4.8,2006-05-22T12:00:00,,,,,,,,,,,,,,,,,,,,,,,,,,,,,,,,,,,,,,,,,,,,,,,,,,,,,,,,,,,,,,,,,,,,,,,,,,,,,,
2006-05-23,982.6,,984.0,2006-05-23T07:00:00,980.7,2006-05-23T15:00:00,25.2,28.8,2006-05-23T09:00:00,22.9,2006-05-23T06:00:00,24.2,94,77,2006-05-23T09:00:00,1.7,270.0,9.8,112.5,2006-05-23T15:00:00,26.5,,,,,1.2,5.53,0.8,,26.8,26.7,26.6,26.0,26.5,,,,,,,,,25.6,2006-05-23T13:00:00,,,,22.7,2006-05-23T23:59:59,,,,,,,,,,,,,,,,,,,,,,,,,100,2006-05-23T15:00:00,,,,,,,,,,,,,,,,,,,,,,,,,,,,,,,,,25.4,,,,,,,,,,,,,,,,,,,,,,,,,,,,,,,,,,,,,,,,,,,,,,,,,,,,,,,,,,,,,,,,,,,,,,,,,,,,,,,,,,,,,,,3.5,2006-05-23T11:00:00,,,,,,,,,,,,,,,,,,,,,,,,,,,,,,,,,,,,,,,,,,,,,,,,,,,,,,,,,,,,,,,,,,,,,,,,,,,,,,
2006-05-24,982.9,,984.1,2006-05-24T09:00:00,981.3,2006-05-24T16:00:00,24.4,29.1,2006-05-24T13:00:00,22.0,2006-05-24T05:00:00,23.4,94,79,2006-05-24T13:00:00,0.8,270.0,5.1,112.5,2006-05-24T10:00:00,3.5,,,,,1.2,6.76,0.9,,26.5,26.5,26.4,26.1,26.3,,,,,,,,,25.1,2006-05-24T13:00:00,,,,22.0,2006-05-24T04:00:00,,,,,,,,,,,,,,,,,,,,,,,,,100,2006-05-24T05:00:00,,,,,,,,,,,,,,,,,,,,,,,,,,,,,,,,,25.6,,,,,,,,,,,,,,,,,,,,,,,,,,,,,,,,,,,,,,,,,,,,,,,,,,,,,,,,,,,,,,,,,,,,,,,,,,,,,,,,,,,,,,,2.4,2006-05-24T10:00:00,,,,,,,,,,,,,,,,,,,,,,,,,,,,,,,,,,,,,,,,,,,,,,,,,,,,,,,,,,,,,,,,,,,,,,,,,,,,,,
2006-05-25,982.4,,984.1,2006-05-25T09:00:00,980.4,2006-05-25T16:00:00,24.9,29.6,2006-05-25T13:00:00,22.9,2006-05-25T03:00:00,23.9,94,81,2006-05-25T12:00:00,1.1,270.0,8.1,112.5,2006-05-25T14:00:00,0.0,,,,,0.1,6.66,1.9,,26.6,26.6,26.5,26.1,26.3,,,,,,,,,25.1,2006-05-25T13:00:00,,,,23.1,2006-05-25T03:00:00,,,,,,,,,,,,,,,,,,,,,,,,,100,2006-05-25T01:00:00,,,,,,,,,,,,,,,,,,,,,,,,,,,,,,,,,25.6,,,,,,,,,,,,,,,,,,,,,,,,,,,,,,,,,,,,,,,,,,,,,,,,,,,,,,,,,,,,,,,,,,,,,,,,,,,,,,,,,,,,,,,3.0,2006-05-25T13:00:00,,,,,,,,,,,,,,,,,,,,,,,,,,,,,,,,,,,,,,,,,,,,,,,,,,,,,,,,,,,,,,,,,,,,,,,,,,,,,,
2006-05-26,980.9,,982.7,2006-05-26T01:00:00,978.0,2006-05-26T16:00:00,27.0,34.8,2006-05-26T15:00:00,22.0,2006-05-26T06:00:00,23.3,82,44,2006-05-26T19:00:00,1.8,270.0,11.3,225.0,2006-05-26T19:00:00,0.0,,,,,11.1,17.42,5.5,,27.4,27.3,26.9,26.2,26.6,,,,,,,,,26.4,2006-05-26T12:00:00,,,,16.7,2006-05-26T19:00:00,,,,,,,,,,,,,,,,,,,,,,,,,100,2006-05-26T01:00:00,,,,,,,,,,,,,,,,,,,,,,,,,,,,,,,,,25.7,,,,,,,,,,,,,,,,,,,,,,,,,,,,,,,,,,,,,,,,,,,,,,,,,,,,,,,,,,,,,,,,,,,,,,,,,,,,,,,,,,,,,,,3.1,2006-05-26T17:00:00,,,,,,,,,,,,,,,,,,,,,,,,,,,,,,,,,,,,,,,,,,,,,,,,,,,,,,,,,,,,,,,,,,,,,,,,,,,,,,
2006-05-27,980.7,,982.6,2006-05-27T22:00:00,979.7,2006-05-27T15:00:00,26.0,30.9,2006-05-27T11:00:00,22.2,2006-05-27T06:00:00,23.9,89,71,2006-05-27T09:00:00,1.4,270.0,5.8,90.0,2006-05-27T15:00:00,0.0,,,,,3.5,8.72,2.3,,27.4,27.4,27.2,26.5,27.0,,,,,,,,,25.6,2006-05-27T12:00:00,,,,22.2,2006-05-27T07:00:00,,,,,,,,,,,,,,,,,,,,,,,,,99,2006-05-27T05:00:00,,,,,,,,,,,,,,,,,,,,,,,,,,,,,,,,,25.8,,,,,,,,,,,,,,,,,,,,,,,,,,,,,,,,,,,,,,,,,,,,,,,,,,,,,,,,,,,,,,,,,,,,,,,,,,,,,,,,,,,,,,,3.5,2006-05-27T15:00:00,,,,,,,,,,,,,,,,,,,,,,,,,,,,,,,,,,,,,,,,,,,,,,,,,,,,,,,,,,,,,,,,,,,,,,,,,,,,,,
2006-05-28,980.5,,983.0,2006-05-28T22:00:00,978.6,2006-05-28T05:00:00,24.9,31.1,2006-05-28T13:00:00,20.7,2006-05-28T23:00:00,22.3,86,72,2006-05-28T12:00:00,1.4,270.0,7.1,112.5,2006-05-28T10:00:00,0.0,,,,,2.1,10.58,3.3,,27.3,27.3,27.2,26.6,27.0,,,,,,,,,25.9,2006-05-28T11:00:00,,,,19.3,2006-05-28T19:00:00,,,,,,,,,,,,,,,,,,,,,,,,,96,2006-05-28T03:00:00,,,,,,,,,,,,,,,,,,,,,,,,,,,,,,,,,25.9,,,,,,,,,,,,,,,,,,,,,,,,,,,,,,,,,,,,,,,,,,,,,,,,,,,,,,,,,,,,,,,,,,,,,,,,,,,,,,,,,,,,,,,2.7,2006-05-28T11:00:00,,,,,,,,,,,,,,,,,,,,,,,,,,,,,,,,,,,,,,,,,,,,,,,,,,,,,,,,,,,,,,,,,,,,,,,,,,,,,,
2006-05-29,980.7,,983.3,2006-05-29T23:00:00,979.4,2006-05-29T15:00:00,20.4,21.5,2006-05-29T18:00:00,19.6,2006-05-29T10:00:00,20.3,99,91,2006-05-29T18:00:00,0.7,270.0,5.6,67.5,2006-05-29T16:00:00,47.0,,,,,0.0,1.13,0.0,,25.4,25.4,25.9,26.5,26.3,,,,,,,,,20.9,2006-05-29T13:00:00,,,,19.9,2006-05-29T02:00:00,,,,,,,,,,,,,,,,,,,,,,,,,100,2006-05-29T04:00:00,,,,,,,,,,,,,,,,,,,,,,,,,,,,,,,,,26.1,,,,,,,,,,,,,,,,,,,,,,,,,,,,,,,,,,,,,,,,,,,,,,,,,,,,,,,,,,,,,,,,,,,,,,,,,,,,,,,,,,,,,,,2.2,2006-05-29T16:00:00,,,,,,,,,,,,,,,,,,,,,,,,,,,,,,,,,,,,,,,,,,,,,,,,,,,,,,,,,,,,,,,,,,,,,,,,,,,,,,
2006-05-30,983.1,,984.7,2006-05-30T22:00:00,981.0,2006-05-30T03:00:00,21.6,24.2,2006-05-30T10:00:00,19.8,2006-05-30T02:00:00,21.1,97,89,2006-05-30T15:00:00,0.8,90.0,5.4,90.0,2006-05-30T11:00:00,1.5,,,,,0.0,4.63,0.0,,24.8,24.8,25.0,25.8,25.3,,,,,,,,,22.3,2006-05-30T11:00:00,,,,19.9,2006-05-30T03:00:00,,,,,,,,,,,,,,,,,,,,,,,,,100,2006-05-30T01:00:00,,,,,,,,,,,,,,,,,,,,,,,,,,,,,,,,,25.9,,,,,,,,,,,,,,,,,,,,,,,,,,,,,,,,,,,,,,,,,,,,,,,,,,,,,,,,,,,,,,,,,,,,,,,,,,,,,,,,,,,,,,,2.7,2006-05-30T10:00:00,,,,,,,,,,,,,,,,,,,,,,,,,,,,,,,,,,,,,,,,,,,,,,,,,,,,,,,,,,,,,,,,,,,,,,,,,,,,,,
2006-05-31,981.8,,983.6,2006-05-31T23:00:00,979.9,2006-05-31T15:00:00,24.0,28.6,2006-05-31T13:00:00,20.7,2006-05-31T01:00:00,23.2,95,83,2006-05-31T11:00:00,1.1,270.0,4.7,157.5,2006-05-31T17:00:00,0.0,,,,,0.0,7.72,3.6,,25.7,25.6,25.5,25.5,25.4,,,,,,,,,25.3,2006-05-31T15:00:00,,,,21.1,2006-05-31T01:00:00,,,,,,,,,,,,,,,,,,,,,,,,,100,2006-05-31T01:00:00,,,,,,,,,,,,,,,,,,,,,,,,,,,,,,,,,25.6,,,,,,,,,,,,,,,,,,,,,,,,,,,,,,,,,,,,,,,,,,,,,,,,,,,,,,,,,,,,,,,,,,,,,,,,,,,,,,,,,,,,,,,2.5,2006-05-31T15:00:00,,,,,,,,,,,,,,,,,,,,,,,,,,,,,,,,,,,,,,,,,,,,,,,,,,,,,,,,,,,,,,,,,,,,,,,,,,,,,,
2006-06-01,979.4,,982.2,2006-06-01T01:00:00,976.7,2006-06-01T17:00:00,27.4,33.9,2006-06-01T13:00:00,21.8,2006-06-01T06:00:00,22.0,75,43,2006-06-01T17:00:00,1.7,270.0,13.8,292.5,2006-06-01T17:00:00,0.0,,,,,4.2,12.13,3.7,,26.7,26.7,26.3,25.8,26.1,,,,,,,,,25.2,2006-06-01T11:00:00,,,,17.9,2006-06-01T19:00:00,,,,,,,,,,,,,,,,,,,,,,,,,100,2006-06-01T01:00:00,,,,,,,,,,,,,,,,,,,,,,,,,,,,,,,,,25.5,,,,,,,,,,,,,,,,,,,,,,,,,,,,,,,,,,,,,,,,,,,,,,,,,,,,,,,,,,,,,,,,,,,,,,,,,,,,,,,,,,,,,,,4.4,2006-06-01T17:00:00,,,,,,,,,,,,,,,,,,,,,,,,,,,,,,,,,,,,,,,,,,,,,,,,,,,,,,,,,,,,,,,,,,,,,,,,,,,,,,
2006-06-02,980.4,,983.6,2006-06-02T22:00:00,977.7,2006-06-02T03:00:00,24.2,27.0,2006-06-02T13:00:00,22.3,2006-06-02T23:59:59,23.3,95,81,2006-06-02T03:00:00,1.0,247.5,4.8,112.5,2006-06-02T18:00:00,3.5,,,,,0.0,3.44,0.3,,26.3,26.3,26.4,26.1,26.3,,,,,,,,,25.7,2006-06-02T15:00:00,,,,20.9,2006-06-02T03:00:00,,,,,,,,,,,,,,,,,,,,,,,,,100,2006-06-02T15:00:00,,,,,,,,,,,,,,,,,,,,,,,,,,,,,,,,,25.6,,,,,,,,,,,,,,,,,,,,,,,,,,,,,,,,,,,,,,,,,,,,,,,,,,,,,,,,,,,,,,,,,,,,,,,,,,,,,,,,,,,,,,,1.5,2006-06-02T13:00:00,,,,,,,,,,,,,,,,,,,,,,,,,,,,,,,,,,,,,,,,,,,,,,,,,,,,,,,,,,,,,,,,,,,,,,,,,,,,,,
2006-06-03,982.4,,983.5,2006-06-03T09:00:00,981.5,2006-06-03T04:00:00,21.6,22.6,2006-06-03T12:00:00,21.0,2006-06-03T06:00:00,21.8,100,96,2006-06-03T12:00:00,0.7,90.0,2.9,67.5,2006-06-03T08:00:00,5.5,,,,,0.0,2.24,0.0,,25.6,25.6,25.8,25.9,25.9,,,,,,,,,22.5,2006-06-03T01:00:00,,,,21.3,2006-06-03T08:00:00,,,,,,,,,,,,,,,,,,,,,,,,,100,2006-06-03T01:00:00,,,,,,,,,,,,,,,,,,,,,,,,,,,,,,,,,25.7,,,,,,,,,,,,,,,,,,,,,,,,,,,,,,,,,,,,,,,,,,,,,,,,,,,,,,,,,,,,,,,,,,,,,,,,,,,,,,,,,,,,,,,1.6,2006-06-03T08:00:00,,,,,,,,,,,,,,,,,,,,,,,,,,,,,,,,,,,,,,,,,,,,,,,,,,,,,,,,,,,,,,,,,,,,,,,,,,,,,,
2006-06-04,979.2,,981.4,2006-06-04T01:00:00,976.1,2006-06-04T16:00:00,24.1,30.0,2006-06-04T17:00:00,21.3,2006-06-04T01:00:00,22.7,92,78,2006-06-04T16:00:00,1.1,247.5,8.1,135.0,2006-06-04T16:00:00,0.0,,,,,1.1,7.16,1.0,,25.7,25.7,25.6,25.7,25.6,,,,,,,,,24.4,2006-06-04T14:00:00,,,,20.9,2006-06-04T23:00:00,,,,,,,,,,,,,,,,,,,,,,,,,100,2006-06-04T01:00:00,,,,,,,,,,,,,,,,,,,,,,,,,,,,,,,,,25.6,,,,,,,,,,,,,,,,,,,,,,,,,,,,,,,,,,,,,,,,,,,,,,,,,,,,,,,,,,,,,,,,,,,,,,,,,,,,,,,,,,,,,,,3.2,2006-06-04T16:00:00,,,,,,,,,,,,,,,,,,,,,,,,,,,,,,,,,,,,,,,,,,,,,,,,,,,,,,,,,,,,,,,,,,,,,,,,,,,,,,
2006-06-05,976.7,,978.2,2006-06-05T22:00:00,975.3,2006-06-05T16:00:00,29.4,35.5,2006-06-05T14:00:00,22.3,2006-06-05T01:00:00,18.6,55,36,2006-06-05T11:00:00,2.5,247.5,14.4,157.5,2006-06-05T11:00:00,0.0,,,,,4.6,12.37,4.3,,26.6,26.5,26.2,25.8,26.0,,,,,,,,,21.9,2006-06-05T17:00:00,,,,16.3,2006-06-05T04:00:00,,,,,,,,,,,,,,,,,,,,,,,,,90,2006-06-05T23:59:59,,,,,,,,,,,,,,,,,,,,,,,,,,,,,,,,,25.6,,,,,,,,,,,,,,,,,,,,,,,,,,,,,,,,,,,,,,,,,,,,,,,,,,,,,,,,,,,,,,,,,,,,,,,,,,,,,,,,,,,,,,,5.2,2006-06-05T16:00:00,,,,,,,,,,,,,,,,,,,,,,,,,,,,,,,,,,,,,,,,,,,,,,,,,,,,,,,,,,,,,,,,,,,,,,,,,,,,,,
2006-06-06,976.8,,979.6,2006-06-06T22:00:00,974.8,2006-06-06T03:00:00,26.1,31.3,2006-06-06T08:00:00,23.0,2006-06-06T23:59:59,22.8,83,56,2006-06-06T08:00:00,1.6,247.5,8.2,202.5,2006-06-06T05:00:00,2.0,,,,,1.1,5.71,2.7,,26.2,26.2,26.2,26.0,26.2,,,,,,,,,25.2,2006-06-06T12:00:00,,,,19.7,2006-06-06T06:00:00,,,,,,,,,,,,,,,,,,,,,,,,,100,2006-06-06T20:00:00,,,,,,,,,,,,,,,,,,,,,,,,,,,,,,,,,25.6,,,,,,,,,,,,,,,,,,,,,,,,,,,,,,,,,,,,,,,,,,,,,,,,,,,,,,,,,,,,,,,,,,,,,,,,,,,,,,,,,,,,,,,2.5,2006-06-06T11:00:00,,,,,,,,,,,,,,,,,,,,,,,,,,,,,,,,,,,,,,,,,,,,,,,,,,,,,,,,,,,,,,,,,,,,,,,,,,,,,,
2006-06-07,976.5,,978.3,2006-06-07T01:00:00,974.7,2006-06-07T15:00:00,26.5,32.3,2006-06-07T13:00:00,22.8,2006-06-07T01:00:00,22.9,81,54,2006-06-07T14:00:00,1.6,247.5,9.1,225.0,2006-06-07T14:00:00,0.0,,,,,0.5,6.75,1.6,,26.2,26.2,26.1,26.0,26.1,,,,,,,,,25.6,2006-06-07T10:00:00,,,,20.1,2006-06-07T11:00:00,,,,,,,,,,,,,,,,,,,,,,,,,100,2006-06-07T01:00:00,,,,,,,,,,,,,,,,,,,,,,,,,,,,,,,,,25.7,,,,,,,,,,,,,,,,,,,,,,,,,,,,,,,,,,,,,,,,,,,,,,,,,,,,,,,,,,,,,,,,,,,,,,,,,,,,,,,,,,,,,,,2.7,2006-06-07T12:00:00,,,,,,,,,,,,,,,,,,,,,,,,,,,,,,,,,,,,,,,,,,,,,,,,,,,,,,,,,,,,,,,,,,,,,,,,,,,,,,
2006-06-08,973.2,,975.5,2006-06-08T01:00:00,971.1,2006-06-08T14:00:00,27.8,33.8,2006-06-08T13:00:00,23.7,2006-06-08T23:59:59,23.2,77,54,2006-06-08T13:00:00,1.5,247.5,8.1,135.0,2006-06-08T12:00:00,0.0,,,,,1.2,9.13,3.2,,26.8,26.7,26.5,26.0,26.3,,,,,,,,,24.8,2006-06-08T10:00:00,,,,21.9,2006-06-08T13:00:00,,,,,,,,,,,,,,,,,,,,,,,,,100,2006-06-08T22:00:00,,,,,,,,,,,,,,,,,,,,,,,,,,,,,,,,,25.7,,,,,,,,,,,,,,,,,,,,,,,,,,,,,,,,,,,,,,,,,,,,,,,,,,,,,,,,,,,,,,,,,,,,,,,,,,,,,,,,,,,,,,,2.5,2006-06-08T07:00:00,,,,,,,,,,,,,,,,,,,,,,,,,,,,,,,,,,,,,,,,,,,,,,,,,,,,,,,,,,,,,,,,,,,,,,,,,,,,,,
2006-06-09,973.1,,975.6,2006-06-09T23:00:00,970.7,2006-06-09T05:00:00,23.0,23.9,2006-06-09T01:00:00,22.6,2006-06-09T16:00:00,24.5,100,100,2006-06-09T01:00:00,0.8,247.5,5.0,225.0,2006-06-09T06:00:00,57.5,,,,,0.0,1.0,0.2,,25.8,25.9,26.1,26.2,26.3,,,,,,,,,24.9,2006-06-09T17:00:00,,,,24.1,2006-06-09T08:00:00,,,,,,,,,,,,,,,,,,,,,,,,,100,2006-06-09T01:00:00,,,,,,,,,,,,,,,,,,,,,,,,,,,,,,,,,25.8,,,,,,,,,,,,,,,,,,,,,,,,,,,,,,,,,,,,,,,,,,,,,,,,,,,,,,,,,,,,,,,,,,,,,,,,,,,,,,,,,,,,,,,2.1,2006-06-09T08:00:00,,,,,,,,,,,,,,,,,,,,,,,,,,,,,,,,,,,,,,,,,,,,,,,,,,,,,,,,,,,,,,,,,,,,,,,,,,,,,,
2006-06-10,975.0,,978.8,2006-06-10T23:00:00,972.1,2006-06-10T04:00:00,21.9,23.7,2006-06-10T07:00:00,20.8,2006-06-10T23:00:00,23.4,100,100,2006-06-10T01:00:00,0.8,90.0,5.5,157.5,2006-06-10T06:00:00,69.0,,,,,0.0,0.31,0.3,,24.3,24.4,24.8,25.6,25.2,,,,,,,,,24.2,2006-06-10T15:00:00,,,,22.3,2006-06-10T21:00:00,,,,,,,,,,,,,,,,,,,,,,,,,100,2006-06-10T01:00:00,,,,,,,,,,,,,,,,,,,,,,,,,,,,,,,,,25.8,,,,,,,,,,,,,,,,,,,,,,,,,,,,,,,,,,,,,,,,,,,,,,,,,,,,,,,,,,,,,,,,,,,,,,,,,,,,,,,,,,,,,,,1.5,2006-06-10T06:00:00,,,,,,,,,,,,,,,,,,,,,,,,,,,,,,,,,,,,,,,,,,,,,,,,,,,,,,,,,,,,,,,,,,,,,,,,,,,,,,
2006-06-11,980.3,,983.0,2006-06-11T21:00:00,977.8,2006-06-11T02:00:00,20.7,21.8,2006-06-11T08:00:00,19.4,2006-06-11T13:00:00,21.8,100,99,2006-06-11T11:00:00,1.1,45.0,7.7,360.0,2006-06-11T09:00:00,61.5,,,,,0.0,2.26,0.3,,23.5,23.6,23.9,24.9,24.4,,,,,,,,,22.9,2006-06-11T06:00:00,,,,20.7,2006-06-11T11:00:00,,,,,,,,,,,,,,,,,,,,,,,,,100,2006-06-11T01:00:00,,,,,,,,,,,,,,,,,,,,,,,,,,,,,,,,,25.5,,,,,,,,,,,,,,,,,,,,,,,,,,,,,,,,,,,,,,,,,,,,,,,,,,,,,,,,,,,,,,,,,,,,,,,,,,,,,,,,,,,,,,,2.2,2006-06-11T09:00:00,,,,,,,,,,,,,,,,,,,,,,,,,,,,,,,,,,,,,,,,,,,,,,,,,,,,,,,,,,,,,,,,,,,,,,,,,,,,,,
2006-06-12,982.1,,984.1,2006-06-12T23:00:00,981.0,2006-06-12T03:00:00,24.2,27.9,2006-06-12T13:00:00,20.5,2006-06-12T03:00:00,24.7,98,88,2006-06-12T12:00:00,1.0,247.5,4.8,90.0,2006-06-12T14:00:00,0.0,,,,,0.0,6.29,0.3,,24.2,24.2,24.1,24.5,24.2,,,,,,,,,27.1,2006-06-12T15:00:00,,,,22.1,2006-06-12T04:00:00,,,,,,,,,,,,,,,,,,,,,,,,,100,2006-06-12T01:00:00,,,,,,,,,,,,,,,,,,,,,,,,,,,,,,,,,25.1,,,,,,,,,,,,,,,,,,,,,,,,,,,,,,,,,,,,,,,,,,,,,,,,,,,,,,,,,,,,,,,,,,,,,,,,,,,,,,,,,,,,,,,2.2,2006-06-12T14:00:00,,,,,,,,,,,,,,,,,,,,,,,,,,,,,,,,,,,,,,,,,,,,,,,,,,,,,,,,,,,,,,,,,,,,,,,,,,,,,,
2006-06-13,981.8,,983.2,2006-06-13T01:00:00,980.8,2006-06-13T16:00:00,24.8,29.5,2006-06-13T11:00:00,22.1,2006-06-13T04:00:00,25.0,97,85,2006-06-13T11:00:00,1.3,247.5,7.0,67.5,2006-06-13T11:00:00,1.5,,,,,0.0,7.02,1.1,,25.4,25.3,25.1,24.8,24.9,,,,,,,,,26.9,2006-06-13T16:00:00,,,,23.1,2006-06-13T05:00:00,,,,,,,,,,,,,,,,,,,,,,,,,100,2006-06-13T01:00:00,,,,,,,,,,,,,,,,,,,,,,,,,,,,,,,,,24.9,,,,,,,,,,,,,,,,,,,,,,,,,,,,,,,,,,,,,,,,,,,,,,,,,,,,,,,,,,,,,,,,,,,,,,,,,,,,,,,,,,,,,,,3.4,2006-06-13T15:00:00,,,,,,,,,,,,,,,,,,,,,,,,,,,,,,,,,,,,,,,,,,,,,,,,,,,,,,,,,,,,,,,,,,,,,,,,,,,,,,
2006-06-14,978.3,,980.7,2006-06-14T01:00:00,975.5,2006-06-14T16:00:00,27.0,35.1,2006-06-14T14:00:00,22.6,2006-06-14T04:00:00,23.9,85,43,2006-06-14T14:00:00,1.6,247.5,11.0,270.0,2006-06-14T18:00:00,0.0,,,,,2.0,10.74,3.4,,26.1,26.1,25.8,25.2,25.5,,,,,,,,,26.4,2006-06-14T12:00:00,,,,20.7,2006-06-14T14:00:00,,,,,,,,,,,,,,,,,,,,,,,,,100,2006-06-14T01:00:00,,,,,,,,,,,,,,,,,,,,,,,,,,,,,,,,,25.0,,,,,,,,,,,,,,,,,,,,,,,,,,,,,,,,,,,,,,,,,,,,,,,,,,,,,,,,,,,,,,,,,,,,,,,,,,,,,,,,,,,,,,,2.7,2006-06-14T05:00:00,,,,,,,,,,,,,,,,,,,,,,,,,,,,,,,,,,,,,,,,,,,,,,,,,,,,,,,,,,,,,,,,,,,,,,,,,,,,,,
2006-06-15,977.3,,980.2,2006-06-15T23:00:00,974.7,2006-06-15T15:00:00,27.3,35.3,2006-06-15T16:00:00,23.4,2006-06-15T06:00:00,25.5,90,43,2006-06-15T15:00:00,1.5,247.5,10.2,292.5,2006-06-15T16:00:00,0.0,,,,,4.1,13.49,4.3,,27.1,27.1,26.6,25.6,26.1,,,,,,,,,28.6,2006-06-15T13:00:00,,,,20.8,2006-06-15T15:00:00,,,,,,,,,,,,,,,,,,,,,,,,,100,2006-06-15T01:00:00,,,,,,,,,,,,,,,,,,,,,,,,,,,,,,,,,25.2,,,,,,,,,,,,,,,,,,,,,,,,,,,,,,,,,,,,,,,,,,,,,,,,,,,,,,,,,,,,,,,,,,,,,,,,,,,,,,,,,,,,,,,3.5,2006-06-15T13:00:00,,,,,,,,,,,,,,,,,,,,,,,,,,,,,,,,,,,,,,,,,,,,,,,,,,,,,,,,,,,,,,,,,,,,,,,,,,,,,,
2006-06-16,979.1,,981.8,2006-06-16T23:00:00,977.4,2006-06-16T14:00:00,27.0,32.6,2006-06-16T15:00:00,22.4,2006-06-16T06:00:00,25.2,90,74,2006-06-16T13:00:00,1.6,247.5,5.5,90.0,2006-06-16T13:00:00,0.0,,,,,9.6,16.23,4.7,,28.0,27.9,27.4,26.2,26.9,,,,,,,,,27.3,2006-06-16T12:00:00,,,,22.4,2006-06-16T07:00:00,,,,,,,,,,,,,,,,,,,,,,,,,100,2006-06-16T01:00:00,,,,,,,,,,,,,,,,,,,,,,,,,,,,,,,,,25.5,,,,,,,,,,,,,,,,,,,,,,,,,,,,,,,,,,,,,,,,,,,,,,,,,,,,,,,,,,,,,,,,,,,,,,,,,,,,,,,,,,,,,,,2.5,2006-06-16T15:00:00,,,,,,,,,,,,,,,,,,,,,,,,,,,,,,,,,,,,,,,,,,,,,,,,,,,,,,,,,,,,,,,,,,,,,,,,,,,,,,
2006-06-17,980.8,,982.5,2006-06-17T22:00:00,979.4,2006-06-17T16:00:00,27.4,31.8,2006-06-17T14:00:00,22.4,2006-06-17T05:00:00,25.3,89,73,2006-06-17T10:00:00,2.0,247.5,12.2,67.5,2006-06-17T12:00:00,0.0,,,,,8.6,16.18,5.0,,28.6,28.5,28.0,26.7,27.5,,,,,,,,,27.0,2006-06-17T17:00:00,,,,23.2,2006-06-17T05:00:00,,,,,,,,,,,,,,,,,,,,,,,,,100,2006-06-17T01:00:00,,,,,,,,,,,,,,,,,,,,,,,,,,,,,,,,,25.8,,,,,,,,,,,,,,,,,,,,,,,,,,,,,,,,,,,,,,,,,,,,,,,,,,,,,,,,,,,,,,,,,,,,,,,,,,,,,,,,,,,,,,,4.7,2006-06-17T14:00:00,,,,,,,,,,,,,,,,,,,,,,,,,,,,,,,,,,,,,,,,,,,,,,,,,,,,,,,,,,,,,,,,,,,,,,,,,,,,,,
2006-06-18,981.8,,983.8,2006-06-18T22:00:00,980.9,2006-06-18T04:00:00,26.7,31.7,2006-06-18T12:00:00,23.8,2006-06-18T23:59:59,25.5,92,72,2006-06-18T12:00:00,1.5,247.5,7.0,90.0,2006-06-18T13:00:00,0.0,,,,,3.2,9.73,2.4,,28.6,28.5,28.3,27.1,27.9,,,,,,,,,27.0,2006-06-18T16:00:00,,,,24.3,2006-06-18T12:00:00,,,,,,,,,,,,,,,,,,,,,,,,,100,2006-06-18T02:00:00,,,,,,,,,,,,,,,,,,,,,,,,,,,,,,,,,26.1,,,,,,,,,,,,,,,,,,,,,,,,,,,,,,,,,,,,,,,,,,,,,,,,,,,,,,,,,,,,,,,,,,,,,,,,,,,,,,,,,,,,,,,3.4,2006-06-18T13:00:00,,,,,,,,,,,,,,,,,,,,,,,,,,,,,,,,,,,,,,,,,,,,,,,,,,,,,,,,,,,,,,,,,,,,,,,,,,,,,,
2006-06-19,983.9,,985.8,2006-06-19T21:00:00,982.3,2006-06-19T03:00:00,24.6,28.6,2006-06-19T12:00:00,21.9,2006-06-19T23:59:59,24.5,96,89,2006-06-19T14:00:00,1.5,247.5,7.2,270.0,2006-06-19T21:00:00,23.5,,,,,0.1,4.19,0.8,,27.7,27.7,27.7,27.2,27.6,,,,,,,,,33.6,2006-06-19T13:00:00,,,,21.0,2006-06-19T23:00:00,,,,,,,,,,,,,,,,,,,,,,,,,100,2006-06-19T01:00:00,,,,,,,,,,,,,,,,,,,,,,,,,,,,,,,,,26.4,,,,,,,,,,,,,,,,,,,,,,,,,,,,,,,,,,,,,,,,,,,,,,,,,,,,,,,,,,,,,,,,,,,,,,,,,,,,,,,,,,,,,,,2.6,2006-06-19T09:00:00,,,,,,,,,,,,,,,,,,,,,,,,,,,,,,,,,,,,,,,,,,,,,,,,,,,,,,,,,,,,,,,,,,,,,,,,,,,,,,
2006-06-20,984.0,,985.0,2006-06-20T09:00:00,982.6,2006-06-20T02:00:00,25.3,30.9,2006-06-20T13:00:00,21.6,2006-06-20T02:00:00,22.0,83,65,2006-06-20T09:00:00,1.6,247.5,6.7,90.0,2006-06-20T13:00:00,0.0,,,,,5.8,14.95,3.0,,27.5,27.5,27.3,27.0,27.2,,,,,,,,,24.3,2006-06-20T12:00:00,,,,20.1,2006-06-20T05:00:00,,,,,,,,,,,,,,,,,,,,,,,,,94,2006-06-20T03:00:00,,,,,,,,,,,,,,,,,,,,,,,,,,,,,,,,,26.4,,,,,,,,,,,,,,,,,,,,,,,,,,,,,,,,,,,,,,,,,,,,,,,,,,,,,,,,,,,,,,,,,,,,,,,,,,,,,,,,,,,,,,,3.3,2006-06-20T13:00:00,,,,,,,,,,,,,,,,,,,,,,,,,,,,,,,,,,,,,,,,,,,,,,,,,,,,,,,,,,,,,,,,,,,,,,,,,,,,,,
2006-06-21,983.4,,984.9,2006-06-21T09:00:00,981.7,2006-06-21T16:00:00,25.2,30.4,2006-06-21T17:00:00,21.9,2006-06-21T02:00:00,22.3,85,64,2006-06-21T16:00:00,1.4,247.5,7.8,90.0,2006-06-21T13:00:00,1.0,,,,,1.9,10.02,2.0,,27.7,27.7,27.6,27.1,27.4,,,,,,,,,23.4,2006-06-21T14:00:00,,,,21.0,2006-06-21T02:00:00,,,,,,,,,,,,,,,,,,,,,,,,,96,2006-06-21T04:00:00,,,,,,,,,,,,,,,,,,,,,,,,,,,,,,,,,26.4,,,,,,,,,,,,,,,,,,,,,,,,,,,,,,,,,,,,,,,,,,,,,,,,,,,,,,,,,,,,,,,,,,,,,,,,,,,,,,,,,,,,,,,2.8,2006-06-21T12:00:00,,,,,,,,,,,,,,,,,,,,,,,,,,,,,,,,,,,,,,,,,,,,,,,,,,,,,,,,,,,,,,,,,,,,,,,,,,,,,,
2006-06-22,981.8,,983.1,2006-06-22T23:00:00,980.3,2006-06-22T17:00:00,26.3,30.9,2006-06-22T10:00:00,23.4,2006-06-22T01:00:00,23.6,86,65,2006-06-22T10:00:00,1.6,247.5,8.1,90.0,2006-06-22T10:00:00,0.5,,,,,2.1,10.01,2.2,,27.9,27.9,27.7,27.1,27.5,,,,,,,,,25.1,2006-06-22T17:00:00,,,,22.2,2006-06-22T05:00:00,,,,,,,,,,,,,,,,,,,,,,,,,95,2006-06-22T23:59:59,,,,,,,,,,,,,,,,,,,,,,,,,,,,,,,,,26.5,,,,,,,,,,,,,,,,,,,,,,,,,,,,,,,,,,,,,,,,,,,,,,,,,,,,,,,,,,,,,,,,,,,,,,,,,,,,,,,,,,,,,,,4.2,2006-06-22T10:00:00,,,,,,,,,,,,,,,,,,,,,,,,,,,,,,,,,,,,,,,,,,,,,,,,,,,,,,,,,,,,,,,,,,,,,,,,,,,,,,
2006-06-23,981.7,,983.6,2006-06-23T23:00:00,979.9,2006-06-23T17:00:00,26.5,31.2,2006-06-23T11:00:00,23.2,2006-06-23T05:00:00,24.1,87,69,2006-06-23T09:00:00,1.6,247.5,8.0,67.5,2006-06-23T11:00:00,1.0,,,,,4.2,9.04,2.0,,28.0,28.0,27.8,27.2,27.6,,,,,,,,,25.4,2006-06-23T15:00:00,,,,22.3,2006-06-23T05:00:00,,,,,,,,,,,,,,,,,,,,,,,,,97,2006-06-23T19:00:00,,,,,,,,,,,,,,,,,,,,,,,,,,,,,,,,,26.5,,,,,,,,,,,,,,,,,,,,,,,,,,,,,,,,,,,,,,,,,,,,,,,,,,,,,,,,,,,,,,,,,,,,,,,,,,,,,,,,,,,,,,,3.7,2006-06-23T10:00:00,,,,,,,,,,,,,,,,,,,,,,,,,,,,,,,,,,,,,,,,,,,,,,,,,,,,,,,,,,,,,,,,,,,,,,,,,,,,,,
2006-06-24,982.6,,984.2,2006-06-24T22:00:00,981.5,2006-06-24T17:00:00,27.0,31.5,2006-06-24T13:00:00,24.1,2006-06-24T05:00:00,23.7,83,67,2006-06-24T13:00:00,1.8,247.5,7.7,45.0,2006-06-24T12:00:00,0.0,,,,,3.6,12.13,3.6,,28.4,28.3,28.0,27.3,27.7,,,,,,,,,25.5,2006-06-24T09:00:00,,,,22.4,2006-06-24T16:00:00,,,,,,,,,,,,,,,,,,,,,,,,,95,2006-06-24T04:00:00,,,,,,,,,,,,,,,,,,,,,,,,,,,,,,,,,26.6,,,,,,,,,,,,,,,,,,,,,,,,,,,,,,,,,,,,,,,,,,,,,,,,,,,,,,,,,,,,,,,,,,,,,,,,,,,,,,,,,,,,,,,3.2,2006-06-24T09:00:00,,,,,,,,,,,,,,,,,,,,,,,,,,,,,,,,,,,,,,,,,,,,,,,,,,,,,,,,,,,,,,,,,,,,,,,,,,,,,,
2006-06-25,983.0,,984.6,2006-06-25T23:00:00,981.0,2006-06-25T16:00:00,27.2,31.7,2006-06-25T15:00:00,22.8,2006-06-25T05:00:00,23.8,83,68,2006-06-25T14:00:00,1.9,247.5,8.0,67.5,2006-06-25T14:00:00,0.0,,,,,5.0,12.78,3.5,,28.6,28.5,28.2,27.5,28.0,,,,,,,,,25.7,2006-06-25T13:00:00,,,,21.7,2006-06-25T05:00:00,,,,,,,,,,,,,,,,,,,,,,,,,93,2006-06-25T04:00:00,,,,,,,,,,,,,,,,,,,,,,,,,,,,,,,,,26.7,,,,,,,,,,,,,,,,,,,,,,,,,,,,,,,,,,,,,,,,,,,,,,,,,,,,,,,,,,,,,,,,,,,,,,,,,,,,,,,,,,,,,,,4.2,2006-06-25T14:00:00,,,,,,,,,,,,,,,,,,,,,,,,,,,,,,,,,,,,,,,,,,,,,,,,,,,,,,,,,,,,,,,,,,,,,,,,,,,,,,
2006-06-26,983.2,,984.2,2006-06-26T22:00:00,981.6,2006-06-26T16:00:00,27.1,31.6,2006-06-26T11:00:00,23.7,2006-06-26T06:00:00,23.6,82,70,2006-06-26T10:00:00,2.1,247.5,7.0,90.0,2006-06-26T13:00:00,0.0,,,,,5.1,11.37,3.4,,28.6,28.6,28.4,27.6,28.1,,,,,,,,,24.9,2006-06-26T11:00:00,,,,22.3,2006-06-26T05:00:00,,,,,,,,,,,,,,,,,,,,,,,,,91,2006-06-26T02:00:00,,,,,,,,,,,,,,,,,,,,,,,,,,,,,,,,,26.8,,,,,,,,,,,,,,,,,,,,,,,,,,,,,,,,,,,,,,,,,,,,,,,,,,,,,,,,,,,,,,,,,,,,,,,,,,,,,,,,,,,,,,,3.8,2006-06-26T10:00:00,,,,,,,,,,,,,,,,,,,,,,,,,,,,,,,,,,,,,,,,,,,,,,,,,,,,,,,,,,,,,,,,,,,,,,,,,,,,,,
2006-06-27,982.8,,984.4,2006-06-27T23:00:00,981.0,2006-06-27T16:00:00,27.1,31.8,2006-06-27T13:00:00,23.5,2006-06-27T06:00:00,23.4,81,66,2006-06-27T12:00:00,2.0,247.5,8.8,67.5,2006-06-27T13:00:00,0.0,,,,,6.1,12.89,3.9,,28.7,28.6,28.4,27.7,28.1,,,,,,,,,24.8,2006-06-27T13:00:00,,,,21.8,2006-06-27T05:00:00,,,,,,,,,,,,,,,,,,,,,,,,,90,2006-06-27T20:00:00,,,,,,,,,,,,,,,,,,,,,,,,,,,,,,,,,26.9,,,,,,,,,,,,,,,,,,,,,,,,,,,,,,,,,,,,,,,,,,,,,,,,,,,,,,,,,,,,,,,,,,,,,,,,,,,,,,,,,,,,,,,3.9,2006-06-27T13:00:00,,,,,,,,,,,,,,,,,,,,,,,,,,,,,,,,,,,,,,,,,,,,,,,,,,,,,,,,,,,,,,,,,,,,,,,,,,,,,,
2006-06-28,983.0,,984.1,2006-06-28T22:00:00,981.7,2006-06-28T16:00:00,27.6,32.3,2006-06-28T12:00:00,23.4,2006-06-28T06:00:00,22.6,75,58,2006-06-28T14:00:00,2.3,247.5,8.1,67.5,2006-06-28T12:00:00,0.0,,,,,8.9,16.96,4.9,,29.0,29.0,28.6,27.8,28.3,,,,,,,,,23.6,2006-06-28T11:00:00,,,,20.7,2006-06-28T04:00:00,,,,,,,,,,,,,,,,,,,,,,,,,88,2006-06-28T21:00:00,,,,,,,,,,,,,,,,,,,,,,,,,,,,,,,,,27.0,,,,,,,,,,,,,,,,,,,,,,,,,,,,,,,,,,,,,,,,,,,,,,,,,,,,,,,,,,,,,,,,,,,,,,,,,,,,,,,,,,,,,,,3.6,2006-06-28T11:00:00,,,,,,,,,,,,,,,,,,,,,,,,,,,,,,,,,,,,,,,,,,,,,,,,,,,,,,,,,,,,,,,,,,,,,,,,,,,,,,
2006-06-29,983.7,,985.3,2006-06-29T22:00:00,982.6,2006-06-29T04:00:00,26.9,31.4,2006-06-29T13:00:00,23.5,2006-06-29T06:00:00,23.1,80,69,2006-06-29T09:00:00,1.9,247.5,7.7,90.0,2006-06-29T13:00:00,0.0,,,,,2.0,11.1,3.8,,29.0,29.0,28.8,28.0,28.6,,,,,,,,,24.4,2006-06-29T10:00:00,,,,22.2,2006-06-29T22:00:00,,,,,,,,,,,,,,,,,,,,,,,,,91,2006-06-29T04:00:00,,,,,,,,,,,,,,,,,,,,,,,,,,,,,,,,,27.1,,,,,,,,,,,,,,,,,,,,,,,,,,,,,,,,,,,,,,,,,,,,,,,,,,,,,,,,,,,,,,,,,,,,,,,,,,,,,,,,,,,,,,,3.7,2006-06-29T12:00:00,,,,,,,,,,,,,,,,,,,,,,,,,,,,,,,,,,,,,,,,,,,,,,,,,,,,,,,,,,,,,,,,,,,,,,,,,,,,,,
2006-06-30,984.8,,985.8,2006-06-30T08:00:00,983.3,2006-06-30T16:00:00,27.3,32.5,2006-06-30T13:00:00,23.5,2006-06-30T05:00:00,23.2,80,62,2006-06-30T14:00:00,1.8,247.5,7.9,90.0,2006-06-30T14:00:00,0.0,,,,,6.6,15.24,4.8,,29.2,29.1,28.8,28.1,28.5,,,,,,,,,24.6,2006-06-30T20:00:00,,,,21.8,2006-06-30T01:00:00,,,,,,,,,,,,,,,,,,,,,,,,,91,2006-06-30T05:00:00,,,,,,,,,,,,,,,,,,,,,,,,,,,,,,,,,27.2,,,,,,,,,,,,,,,,,,,,,,,,,,,,,,,,,,,,,,,,,,,,,,,,,,,,,,,,,,,,,,,,,,,,,,,,,,,,,,,,,,,,,,,3.9,2006-06-30T14:00:00,,,,,,,,,,,,,,,,,,,,,,,,,,,,,,,,,,,,,,,,,,,,,,,,,,,,,,,,,,,,,,,,,,,,,,,,,,,,,,
2006-07-01,983.8,,984.9,2006-07-01T01:00:00,982.2,2006-07-01T15:00:00,27.2,32.1,2006-07-01T13:00:00,23.0,2006-07-01T06:00:00,23.1,80,59,2006-07-01T10:00:00,1.9,247.5,7.9,112.5,2006-07-01T12:00:00,0.0,,,,,7.1,13.82,4.1,,29.3,29.3,29.0,28.2,28.8,,,,,,,,,24.5,2006-07-01T11:00:00,,,,21.7,2006-07-01T06:00:00,,,,,,,,,,,,,,,,,,,,,,,,,91,2006-07-01T05:00:00,,,,,,,,,,,,,,,,,,,,,,,,,,,,,,,,,27.3,,,,,,,,,,,,,,,,,,,,,,,,,,,,,,,,,,,,,,,,,,,,,,,,,,,,,,,,,,,,,,,,,,,,,,,,,,,,,,,,,,,,,,,3.8,2006-07-01T14:00:00,,,,,,,,,,,,,,,,,,,,,,,,,,,,,,,,,,,,,,,,,,,,,,,,,,,,,,,,,,,,,,,,,,,,,,,,,,,,,,
2006-07-02,982.7,,984.0,2006-07-02T22:00:00,981.6,2006-07-02T17:00:00,27.8,32.8,2006-07-02T12:00:00,23.9,2006-07-02T02:00:00,23.5,79,62,2006-07-02T12:00:00,1.9,247.5,9.0,90.0,2006-07-02T13:00:00,0.0,,,,,8.3,15.54,3.1,,29.4,29.4,29.1,28.3,28.8,,,,,,,,,25.3,2006-07-02T13:00:00,,,,21.5,2006-07-02T05:00:00,,,,,,,,,,,,,,,,,,,,,,,,,94,2006-07-02T23:59:59,,,,,,,,,,,,,,,,,,,,,,,,,,,,,,,,,27.4,,,,,,,,,,,,,,,,,,,,,,,,,,,,,,,,,,,,,,,,,,,,,,,,,,,,,,,,,,,,,,,,,,,,,,,,,,,,,,,,,,,,,,,3.9,2006-07-02T12:00:00,,,,,,,,,,,,,,,,,,,,,,,,,,,,,,,,,,,,,,,,,,,,,,,,,,,,,,,,,,,,,,,,,,,,,,,,,,,,,,
2006-07-03,981.6,,982.6,2006-07-03T01:00:00,980.2,2006-07-03T17:00:00,27.5,32.0,2006-07-03T11:00:00,23.8,2006-07-03T05:00:00,24.2,83,68,2006-07-03T08:00:00,2.4,247.5,10.1,67.5,2006-07-03T11:00:00,0.0,,,,,4.4,10.52,0.7,,29.2,29.2,29.0,28.4,28.9,,,,,,,,,26.2,2006-07-03T14:00:00,,,,21.3,2006-07-03T05:00:00,,,,,,,,,,,,,,,,,,,,,,,,,94,2006-07-03T23:00:00,,,,,,,,,,,,,,,,,,,,,,,,,,,,,,,,,27.5,,,,,,,,,,,,,,,,,,,,,,,,,,,,,,,,,,,,,,,,,,,,,,,,,,,,,,,,,,,,,,,,,,,,,,,,,,,,,,,,,,,,,,,4.9,2006-07-03T10:00:00,,,,,,,,,,,,,,,,,,,,,,,,,,,,,,,,,,,,,,,,,,,,,,,,,,,,,,,,,,,,,,,,,,,,,,,,,,,,,,
2006-07-04,979.0,,980.4,2006-07-04T01:00:00,977.4,2006-07-04T16:00:00,28.3,33.4,2006-07-04T15:00:00,23.8,2006-07-04T05:00:00,23.9,78,60,2006-07-04T09:00:00,1.8,247.5,7.0,112.5,2006-07-04T12:00:00,0.0,,,,,10.8,17.13,5.3,,29.5,29.5,29.1,28.4,28.8,,,,,,,,,26.1,2006-07-04T12:00:00,,,,21.4,2006-07-04T09:00:00,,,,,,,,,,,,,,,,,,,,,,,,,91,2006-07-04T05:00:00,,,,,,,,,,,,,,,,,,,,,,,,,,,,,,,,,27.6,,,,,,,,,,,,,,,,,,,,,,,,,,,,,,,,,,,,,,,,,,,,,,,,,,,,,,,,,,,,,,,,,,,,,,,,,,,,,,,,,,,,,,,3.6,2006-07-04T12:00:00,,,,,,,,,,,,,,,,,,,,,,,,,,,,,,,,,,,,,,,,,,,,,,,,,,,,,,,,,,,,,,,,,,,,,,,,,,,,,,
2006-07-05,977.8,,979.1,2006-07-05T08:00:00,975.8,2006-07-05T16:00:00,28.4,33.8,2006-07-05T13:00:00,23.5,2006-07-05T06:00:00,24.0,78,61,2006-07-05T09:00:00,1.9,247.5,7.2,90.0,2006-07-05T11:00:00,0.0,,,,,10.0,16.63,5.1,,30.1,30.0,29.6,28.6,29.2,,,,,,,,,25.7,2006-07-05T11:00:00,,,,22.0,2006-07-05T06:00:00,,,,,,,,,,,,,,,,,,,,,,,,,91,2006-07-05T01:00:00,,,,,,,,,,,,,,,,,,,,,,,,,,,,,,,,,27.6,,,,,,,,,,,,,,,,,,,,,,,,,,,,,,,,,,,,,,,,,,,,,,,,,,,,,,,,,,,,,,,,,,,,,,,,,,,,,,,,,,,,,,,3.7,2006-07-05T11:00:00,,,,,,,,,,,,,,,,,,,,,,,,,,,,,,,,,,,,,,,,,,,,,,,,,,,,,,,,,,,,,,,,,,,,,,,,,,,,,,
2006-07-06,975.6,,977.2,2006-07-06T22:00:00,974.2,2006-07-06T17:00:00,28.8,34.3,2006-07-06T11:00:00,23.5,2006-07-06T06:00:00,24.0,77,53,2006-07-06T10:00:00,1.7,247.5,7.8,90.0,2006-07-06T12:00:00,0.0,,,,,9.8,16.31,5.8,,30.4,30.3,30.0,28.9,29.5,,,,,,,,,26.1,2006-07-06T14:00:00,,,,20.9,2006-07-06T05:00:00,,,,,,,,,,,,,,,,,,,,,,,,,93,2006-07-06T23:59:59,,,,,,,,,,,,,,,,,,,,,,,,,,,,,,,,,27.8,,,,,,,,,,,,,,,,,,,,,,,,,,,,,,,,,,,,,,,,,,,,,,,,,,,,,,,,,,,,,,,,,,,,,,,,,,,,,,,,,,,,,,,3.6,2006-07-06T13:00:00,,,,,,,,,,,,,,,,,,,,,,,,,,,,,,,,,,,,,,,,,,,,,,,,,,,,,,,,,,,,,,,,,,,,,,,,,,,,,,
2006-07-07,974.5,,975.8,2006-07-07T01:00:00,973.0,2006-07-07T13:00:00,27.8,33.1,2006-07-07T13:00:00,24.4,2006-07-07T06:00:00,23.6,79,56,2006-07-07T13:00:00,1.5,247.5,6.4,90.0,2006-07-07T15:00:00,0.0,,,,,4.9,11.88,4.3,,30.5,30.5,30.2,29.1,29.8,,,,,,,,,25.4,2006-07-07T15:00:00,,,,22.0,2006-07-07T22:00:00,,,,,,,,,,,,,,,,,,,,,,,,,94,2006-07-07T02:00:00,,,,,,,,,,,,,,,,,,,,,,,,,,,,,,,,,28.0,,,,,,,,,,,,,,,,,,,,,,,,,,,,,,,,,,,,,,,,,,,,,,,,,,,,,,,,,,,,,,,,,,,,,,,,,,,,,,,,,,,,,,,3.2,2006-07-07T11:00:00,,,,,,,,,,,,,,,,,,,,,,,,,,,,,,,,,,,,,,,,,,,,,,,,,,,,,,,,,,,,,,,,,,,,,,,,,,,,,,
2006-07-08,971.5,,974.1,2006-07-08T01:00:00,967.8,2006-07-08T17:00:00,28.4,34.8,2006-07-08T18:00:00,23.6,2006-07-08T06:00:00,22.5,72,44,2006-07-08T17:00:00,1.8,247.5,14.9,292.5,2006-07-08T19:00:00,0.0,,,,,4.9,12.26,4.7,,30.3,30.3,30.1,29.2,29.8,,,,,,,,,24.3,2006-07-08T22:00:00,,,,20.4,2006-07-08T17:00:00,,,,,,,,,,,,,,,,,,,,,,,,,88,2006-07-08T23:59:59,,,,,,,,,,,,,,,,,,,,,,,,,,,,,,,,,28.1,,,,,,,,,,,,,,,,,,,,,,,,,,,,,,,,,,,,,,,,,,,,,,,,,,,,,,,,,,,,,,,,,,,,,,,,,,,,,,,,,,,,,,,4.4,2006-07-08T14:00:00,,,,,,,,,,,,,,,,,,,,,,,,,,,,,,,,,,,,,,,,,,,,,,,,,,,,,,,,,,,,,,,,,,,,,,,,,,,,,,
2006-07-09,972.4,,975.6,2006-07-09T23:59:59,970.1,2006-07-09T02:00:00,25.8,28.1,2006-07-09T12:00:00,24.6,2006-07-09T23:00:00,23.9,89,85,2006-07-09T21:00:00,1.4,247.5,7.1,270.0,2006-07-09T14:00:00,4.0,,,,,0.0,3.5,0.0,,29.4,29.4,29.6,29.2,29.6,,,,,,,,,25.6,2006-07-09T10:00:00,,,,22.6,2006-07-09T21:00:00,,,,,,,,,,,,,,,,,,,,,,,,,94,2006-07-09T10:00:00,,,,,,,,,,,,,,,,,,,,,,,,,,,,,,,,,28.2,,,,,,,,,,,,,,,,,,,,,,,,,,,,,,,,,,,,,,,,,,,,,,,,,,,,,,,,,,,,,,,,,,,,,,,,,,,,,,,,,,,,,,,2.4,2006-07-09T11:00:00,,,,,,,,,,,,,,,,,,,,,,,,,,,,,,,,,,,,,,,,,,,,,,,,,,,,,,,,,,,,,,,,,,,,,,,,,,,,,,
2006-07-10,975.8,,977.7,2006-07-10T22:00:00,974.4,2006-07-10T16:00:00,28.6,34.0,2006-07-10T13:00:00,24.0,2006-07-10T06:00:00,24.4,79,63,2006-07-10T13:00:00,1.5,247.5,6.1,112.5,2006-07-10T13:00:00,0.0,,,,,6.8,15.24,5.0,,29.6,29.6,29.3,28.8,29.1,,,,,,,,,25.9,2006-07-10T13:00:00,,,,22.8,2006-07-10T02:00:00,,,,,,,,,,,,,,,,,,,,,,,,,94,2006-07-10T06:00:00,,,,,,,,,,,,,,,,,,,,,,,,,,,,,,,,,28.2,,,,,,,,,,,,,,,,,,,,,,,,,,,,,,,,,,,,,,,,,,,,,,,,,,,,,,,,,,,,,,,,,,,,,,,,,,,,,,,,,,,,,,,3.1,2006-07-10T14:00:00,,,,,,,,,,,,,,,,,,,,,,,,,,,,,,,,,,,,,,,,,,,,,,,,,,,,,,,,,,,,,,,,,,,,,,,,,,,,,,
2006-07-11,976.1,,977.6,2006-07-11T08:00:00,974.8,2006-07-11T17:00:00,27.6,32.9,2006-07-11T13:00:00,24.7,2006-07-11T06:00:00,24.4,83,68,2006-07-11T09:00:00,1.7,247.5,9.0,292.5,2006-07-11T23:59:59,1.0,,,,,3.8,11.41,2.8,,30.2,30.1,30.0,29.1,29.7,,,,,,,,,26.3,2006-07-11T13:00:00,,,,22.7,2006-07-11T05:00:00,,,,,,,,,,,,,,,,,,,,,,,,,94,2006-07-11T21:00:00,,,,,,,,,,,,,,,,,,,,,,,,,,,,,,,,,28.1,,,,,,,,,,,,,,,,,,,,,,,,,,,,,,,,,,,,,,,,,,,,,,,,,,,,,,,,,,,,,,,,,,,,,,,,,,,,,,,,,,,,,,,3.5,2006-07-11T14:00:00,,,,,,,,,,,,,,,,,,,,,,,,,,,,,,,,,,,,,,,,,,,,,,,,,,,,,,,,,,,,,,,,,,,,,,,,,,,,,,
2006-07-12,968.1,,973.4,2006-07-12T01:00:00,963.7,2006-07-12T23:59:59,28.5,34.3,2006-07-12T12:00:00,24.2,2006-07-12T05:00:00,23.0,73,57,2006-07-12T11:00:00,2.1,45.0,14.9,45.0,2006-07-12T23:00:00,0.0,,,,,5.1,12.2,4.6,,29.8,29.8,29.7,29.1,29.6,,,,,,,,,24.5,2006-07-12T14:00:00,,,,21.7,2006-07-12T06:00:00,,,,,,,,,,,,,,,,,,,,,,,,,89,2006-07-12T01:00:00,,,,,,,,,,,,,,,,,,,,,,,,,,,,,,,,,28.2,,,,,,,,,,,,,,,,,,,,,,,,,,,,,,,,,,,,,,,,,,,,,,,,,,,,,,,,,,,,,,,,,,,,,,,,,,,,,,,,,,,,,,,3.9,2006-07-12T10:00:00,,,,,,,,,,,,,,,,,,,,,,,,,,,,,,,,,,,,,,,,,,,,,,,,,,,,,,,,,,,,,,,,,,,,,,,,,,,,,,
2006-07-13,956.6,,962.6,2006-07-13T01:00:00,951.7,2006-07-13T18:00:00,26.3,28.3,2006-07-13T15:00:00,24.9,2006-07-13T03:00:00,24.1,88,79,2006-07-13T14:00:00,1.3,247.5,7.9,22.5,2006-07-13T03:00:00,2.0,,,,,0.1,2.99,0.7,,29.0,29.0,29.2,29.1,29.3,,,,,,,,,25.0,2006-07-13T17:00:00,,,,22.7,2006-07-13T01:00:00,,,,,,,,,,,,,,,,,,,,,,,,,97,2006-07-13T21:00:00,,,,,,,,,,,,,,,,,,,,,,,,,,,,,,,,,28.3,,,,,,,,,,,,,,,,,,,,,,,,,,,,,,,,,,,,,,,,,,,,,,,,,,,,,,,,,,,,,,,,,,,,,,,,,,,,,,,,,,,,,,,2.2,2006-07-13T12:00:00,,,,,,,,,,,,,,,,,,,,,,,,,,,,,,,,,,,,,,,,,,,,,,,,,,,,,,,,,,,,,,,,,,,,,,,,,,,,,,
2006-07-14,963.8,,974.3,2006-07-14T23:59:59,953.5,2006-07-14T01:00:00,24.6,28.1,2006-07-14T07:00:00,23.1,2006-07-14T22:00:00,23.3,93,76,2006-07-14T07:00:00,1.3,247.5,8.9,292.5,2006-07-14T15:00:00,83.5,,,,,0.0,1.9,0.0,,27.5,27.6,28.0,28.6,28.4,,,,,,,,,24.7,2006-07-14T01:00:00,,,,22.3,2006-07-14T07:00:00,,,,,,,,,,,,,,,,,,,,,,,,,98,2006-07-14T20:00:00,,,,,,,,,,,,,,,,,,,,,,,,,,,,,,,,,28.2,,,,,,,,,,,,,,,,,,,,,,,,,,,,,,,,,,,,,,,,,,,,,,,,,,,,,,,,,,,,,,,,,,,,,,,,,,,,,,,,,,,,,,,2.4,2006-07-14T07:00:00,,,,,,,,,,,,,,,,,,,,,,,,,,,,,,,,,,,,,,,,,,,,,,,,,,,,,,,,,,,,,,,,,,,,,,,,,,,,,,
2006-07-15,977.4,,979.9,2006-07-15T21:00:00,973.5,2006-07-15T02:00:00,24.6,27.2,2006-07-15T14:00:00,23.3,2006-07-15T23:59:59,23.9,96,90,2006-07-15T13:00:00,1.5,247.5,8.2,22.5,2006-07-15T13:00:00,29.5,,,,,0.0,2.9,6.0,,26.6,26.7,26.9,27.7,27.2,,,,,,,,,25.2,2006-07-15T08:00:00,,,,22.7,2006-07-15T23:59:59,,,,,,,,,,,,,,,,,,,,,,,,,98,2006-07-15T01:00:00,,,,,,,,,,,,,,,,,,,,,,,,,,,,,,,,,28.0,,,,,,,,,,,,,,,,,,,,,,,,,,,,,,,,,,,,,,,,,,,,,,,,,,,,,,,,,,,,,,,,,,,,,,,,,,,,,,,,,,,,,,,3.8,2006-07-15T14:00:00,,,,,,,,,,,,,,,,,,,,,,,,,,,,,,,,,,,,,,,,,,,,,,,,,,,,,,,,,,,,,,,,,,,,,,,,,,,,,,
2006-07-16,981.2,,984.3,2006-07-16T22:00:00,979.0,2006-07-16T01:00:00,25.3,29.7,2006-07-16T14:00:00,22.6,2006-07-16T23:59:59,23.9,92,71,2006-07-16T14:00:00,1.4,247.5,7.2,67.5,2006-07-16T18:00:00,35.5,,,,,0.1,7.15,3.9,,27.1,27.1,27.1,27.4,27.2,,,,,,,,,25.4,2006-07-16T15:00:00,,,,21.7,2006-07-16T23:59:59,,,,,,,,,,,,,,,,,,,,,,,,,98,2006-07-16T07:00:00,,,,,,,,,,,,,,,,,,,,,,,,,,,,,,,,,27.6,,,,,,,,,,,,,,,,,,,,,,,,,,,,,,,,,,,,,,,,,,,,,,,,,,,,,,,,,,,,,,,,,,,,,,,,,,,,,,,,,,,,,,,3.3,2006-07-16T18:00:00,,,,,,,,,,,,,,,,,,,,,,,,,,,,,,,,,,,,,,,,,,,,,,,,,,,,,,,,,,,,,,,,,,,,,,,,,,,,,,
2006-07-17,982.3,,985.5,2006-07-17T22:00:00,979.6,2006-07-17T05:00:00,25.7,30.7,2006-07-17T11:00:00,22.2,2006-07-17T01:00:00,23.6,89,79,2006-07-17T11:00:00,1.7,247.5,8.8,67.5,2006-07-17T14:00:00,0.0,,,,,0.3,7.41,1.3,,27.5,27.5,27.5,27.5,27.5,,,,,,,,,25.4,2006-07-17T18:00:00,,,,21.2,2006-07-17T02:00:00,,,,,,,,,,,,,,,,,,,,,,,,,97,2006-07-17T23:00:00,,,,,,,,,,,,,,,,,,,,,,,,,,,,,,,,,27.4,,,,,,,,,,,,,,,,,,,,,,,,,,,,,,,,,,,,,,,,,,,,,,,,,,,,,,,,,,,,,,,,,,,,,,,,,,,,,,,,,,,,,,,3.9,2006-07-17T11:00:00,,,,,,,,,,,,,,,,,,,,,,,,,,,,,,,,,,,,,,,,,,,,,,,,,,,,,,,,,,,,,,,,,,,,,,,,,,,,,,
2006-07-18,983.3,,984.2,2006-07-18T22:00:00,982.5,2006-07-18T16:00:00,25.8,30.9,2006-07-18T11:00:00,22.3,2006-07-18T05:00:00,23.4,87,70,2006-07-18T10:00:00,1.5,247.5,7.5,90.0,2006-07-18T13:00:00,0.0,,,,,4.5,9.36,2.5,,27.8,27.8,27.7,27.6,27.7,,,,,,,,,25.0,2006-07-18T16:00:00,,,,21.8,2006-07-18T05:00:00,,,,,,,,,,,,,,,,,,,,,,,,,97,2006-07-18T02:00:00,,,,,,,,,,,,,,,,,,,,,,,,,,,,,,,,,27.4,,,,,,,,,,,,,,,,,,,,,,,,,,,,,,,,,,,,,,,,,,,,,,,,,,,,,,,,,,,,,,,,,,,,,,,,,,,,,,,,,,,,,,,3.5,2006-07-18T13:00:00,,,,,,,,,,,,,,,,,,,,,,,,,,,,,,,,,,,,,,,,,,,,,,,,,,,,,,,,,,,,,,,,,,,,,,,,,,,,,,
2006-07-19,981.6,,982.8,2006-07-19T01:00:00,980.3,2006-07-19T16:00:00,26.4,31.4,2006-07-19T13:00:00,22.9,2006-07-19T06:00:00,23.3,84,70,2006-07-19T14:00:00,2.0,247.5,8.3,90.0,2006-07-19T13:00:00,0.0,,,,,8.7,16.07,4.8,,28.4,28.4,28.1,27.7,27.9,,,,,,,,,25.0,2006-07-19T12:00:00,,,,22.1,2006-07-19T22:00:00,,,,,,,,,,,,,,,,,,,,,,,,,95,2006-07-19T04:00:00,,,,,,,,,,,,,,,,,,,,,,,,,,,,,,,,,27.4,,,,,,,,,,,,,,,,,,,,,,,,,,,,,,,,,,,,,,,,,,,,,,,,,,,,,,,,,,,,,,,,,,,,,,,,,,,,,,,,,,,,,,,3.5,2006-07-19T12:00:00,,,,,,,,,,,,,,,,,,,,,,,,,,,,,,,,,,,,,,,,,,,,,,,,,,,,,,,,,,,,,,,,,,,,,,,,,,,,,,
2006-07-20,980.3,,981.5,2006-07-20T22:00:00,978.7,2006-07-20T16:00:00,26.8,31.4,2006-07-20T13:00:00,22.7,2006-07-20T06:00:00,23.1,81,62,2006-07-20T11:00:00,2.0,247.5,8.7,67.5,2006-07-20T12:00:00,0.0,,,,,9.2,16.26,4.5,,29.1,29.0,28.8,28.0,28.5,,,,,,,,,24.0,2006-07-20T13:00:00,,,,21.6,2006-07-20T03:00:00,,,,,,,,,,,,,,,,,,,,,,,,,94,2006-07-20T04:00:00,,,,,,,,,,,,,,,,,,,,,,,,,,,,,,,,,27.5,,,,,,,,,,,,,,,,,,,,,,,,,,,,,,,,,,,,,,,,,,,,,,,,,,,,,,,,,,,,,,,,,,,,,,,,,,,,,,,,,,,,,,,3.7,2006-07-20T11:00:00,,,,,,,,,,,,,,,,,,,,,,,,,,,,,,,,,,,,,,,,,,,,,,,,,,,,,,,,,,,,,,,,,,,,,,,,,,,,,,
2006-07-21,979.5,,981.3,2006-07-21T23:00:00,978.4,2006-07-21T16:00:00,26.9,32.1,2006-07-21T14:00:00,22.5,2006-07-21T04:00:00,23.1,81,60,2006-07-21T09:00:00,2.0,247.5,8.3,67.5,2006-07-21T12:00:00,0.0,,,,,7.1,14.02,3.7,,29.3,29.2,29.1,28.4,28.8,,,,,,,,,24.7,2006-07-21T16:00:00,,,,21.0,2006-07-21T05:00:00,,,,,,,,,,,,,,,,,,,,,,,,,94,2006-07-21T04:00:00,,,,,,,,,,,,,,,,,,,,,,,,,,,,,,,,,27.7,,,,,,,,,,,,,,,,,,,,,,,,,,,,,,,,,,,,,,,,,,,,,,,,,,,,,,,,,,,,,,,,,,,,,,,,,,,,,,,,,,,,,,,3.5,2006-07-21T11:00:00,,,,,,,,,,,,,,,,,,,,,,,,,,,,,,,,,,,,,,,,,,,,,,,,,,,,,,,,,,,,,,,,,,,,,,,,,,,,,,
2006-07-22,979.0,,980.4,2006-07-22T22:00:00,977.6,2006-07-22T16:00:00,27.3,31.8,2006-07-22T11:00:00,23.4,2006-07-22T06:00:00,24.0,83,70,2006-07-22T10:00:00,2.0,247.5,8.2,67.5,2006-07-22T11:00:00,0.0,,,,,6.1,13.38,3.8,,29.3,29.3,29.2,28.5,29.0,,,,,,,,,25.7,2006-07-22T14:00:00,,,,21.9,2006-07-22T03:00:00,,,,,,,,,,,,,,,,,,,,,,,,,93,2006-07-22T23:00:00,,,,,,,,,,,,,,,,,,,,,,,,,,,,,,,,,27.9,,,,,,,,,,,,,,,,,,,,,,,,,,,,,,,,,,,,,,,,,,,,,,,,,,,,,,,,,,,,,,,,,,,,,,,,,,,,,,,,,,,,,,,4.0,2006-07-22T14:00:00,,,,,,,,,,,,,,,,,,,,,,,,,,,,,,,,,,,,,,,,,,,,,,,,,,,,,,,,,,,,,,,,,,,,,,,,,,,,,,
2006-07-23,976.8,,978.5,2006-07-23T01:00:00,975.3,2006-07-23T16:00:00,27.5,32.7,2006-07-23T12:00:00,24.0,2006-07-23T06:00:00,24.1,82,64,2006-07-23T11:00:00,1.5,247.5,7.9,67.5,2006-07-23T13:00:00,0.0,,,,,6.7,12.91,3.8,,29.5,29.5,29.3,28.7,29.1,,,,,,,,,26.2,2006-07-23T12:00:00,,,,22.5,2006-07-23T08:00:00,,,,,,,,,,,,,,,,,,,,,,,,,94,2006-07-23T03:00:00,,,,,,,,,,,,,,,,,,,,,,,,,,,,,,,,,28.0,,,,,,,,,,,,,,,,,,,,,,,,,,,,,,,,,,,,,,,,,,,,,,,,,,,,,,,,,,,,,,,,,,,,,,,,,,,,,,,,,,,,,,,3.8,2006-07-23T12:00:00,,,,,,,,,,,,,,,,,,,,,,,,,,,,,,,,,,,,,,,,,,,,,,,,,,,,,,,,,,,,,,,,,,,,,,,,,,,,,,
2006-07-24,968.8,,975.1,2006-07-24T01:00:00,953.6,2006-07-24T23:00:00,27.7,32.2,2006-07-24T13:00:00,24.4,2006-07-24T05:00:00,23.1,77,61,2006-07-24T11:00:00,2.7,67.5,15.4,67.5,2006-07-24T18:00:00,20.5,,,,,3.1,12.06,4.6,,29.4,29.4,29.3,28.8,29.2,,,,,,,,,23.9,2006-07-24T14:00:00,,,,22.3,2006-07-24T09:00:00,,,,,,,,,,,,,,,,,,,,,,,,,91,2006-07-24T04:00:00,,,,,,,,,,,,,,,,,,,,,,,,,,,,,,,,,28.1,,,,,,,,,,,,,,,,,,,,,,,,,,,,,,,,,,,,,,,,,,,,,,,,,,,,,,,,,,,,,,,,,,,,,,,,,,,,,,,,,,,,,,,5.6,2006-07-24T23:59:59,,,,,,,,,,,,,,,,,,,,,,,,,,,,,,,,,,,,,,,,,,,,,,,,,,,,,,,,,,,,,,,,,,,,,,,,,,,,,,
2006-07-25,970.5,,976.8,2006-07-25T23:00:00,960.1,2006-07-25T01:00:00,25.0,26.3,2006-07-25T09:00:00,24.0,2006-07-25T23:00:00,24.4,97,91,2006-07-25T23:00:00,3.0,112.5,24.7,90.0,2006-07-25T01:00:00,75.5,,,,,0.0,1.99,0.4,,27.5,27.6,28.0,28.6,28.4,,,,,,,,,25.5,2006-07-25T09:00:00,,,,23.0,2006-07-25T23:00:00,,,,,,,,,,,,,,,,,,,,,,,,,99,2006-07-25T06:00:00,,,,,,,,,,,,,,,,,,,,,,,,,,,,,,,,,28.3,,,,,,,,,,,,,,,,,,,,,,,,,,,,,,,,,,,,,,,,,,,,,,,,,,,,,,,,,,,,,,,,,,,,,,,,,,,,,,,,,,,,,,,14.0,2006-07-25T01:00:00,,,,,,,,,,,,,,,,,,,,,,,,,,,,,,,,,,,,,,,,,,,,,,,,,,,,,,,,,,,,,,,,,,,,,,,,,,,,,,
2006-07-26,980.3,,982.6,2006-07-26T23:00:00,976.8,2006-07-26T01:00:00,23.2,24.5,2006-07-26T01:00:00,22.6,2006-07-26T23:59:59,22.7,97,95,2006-07-26T01:00:00,0.3,292.5,5.4,135.0,2006-07-26T02:00:00,122.5,,,,,0.0,1.38,0.4,,26.3,26.3,26.7,27.7,27.2,,,,,,,,,23.4,2006-07-26T01:00:00,,,,22.0,2006-07-26T23:00:00,,,,,,,,,,,,,,,,,,,,,,,,,98,2006-07-26T02:00:00,,,,,,,,,,,,,,,,,,,,,,,,,,,,,,,,,28.0,,,,,,,,,,,,,,,,,,,,,,,,,,,,,,,,,,,,,,,,,,,,,,,,,,,,,,,,,,,,,,,,,,,,,,,,,,,,,,,,,,,,,,,1.9,2006-07-26T15:00:00,,,,,,,,,,,,,,,,,,,,,,,,,,,,,,,,,,,,,,,,,,,,,,,,,,,,,,,,,,,,,,,,,,,,,,,,,,,,,,
2006-07-27,981.9,,983.1,2006-07-27T23:59:59,980.7,2006-07-27T16:00:00,23.4,25.9,2006-07-27T09:00:00,22.4,2006-07-27T01:00:00,22.5,95,90,2006-07-27T19:00:00,0.7,292.5,4.1,315.0,2006-07-27T05:00:00,55.5,,,,,0.0,3.78,0.2,,25.4,25.4,25.6,26.6,26.0,,,,,,,,,23.8,2006-07-27T11:00:00,,,,21.5,2006-07-27T19:00:00,,,,,,,,,,,,,,,,,,,,,,,,,98,2006-07-27T03:00:00,,,,,,,,,,,,,,,,,,,,,,,,,,,,,,,,,27.4,,,,,,,,,,,,,,,,,,,,,,,,,,,,,,,,,,,,,,,,,,,,,,,,,,,,,,,,,,,,,,,,,,,,,,,,,,,,,,,,,,,,,,,2.2,2006-07-27T19:00:00,,,,,,,,,,,,,,,,,,,,,,,,,,,,,,,,,,,,,,,,,,,,,,,,,,,,,,,,,,,,,,,,,,,,,,,,,,,,,,
2006-07-28,982.4,,984.1,2006-07-28T22:00:00,981.2,2006-07-28T16:00:00,25.5,30.3,2006-07-28T14:00:00,21.9,2006-07-28T05:00:00,22.8,85,72,2006-07-28T10:00:00,1.4,292.5,5.8,135.0,2006-07-28T15:00:00,0.0,,,,,5.5,13.88,4.4,,26.5,26.5,26.3,26.4,26.3,,,,,,,,,24.7,2006-07-28T12:00:00,,,,21.2,2006-07-28T05:00:00,,,,,,,,,,,,,,,,,,,,,,,,,96,2006-07-28T02:00:00,,,,,,,,,,,,,,,,,,,,,,,,,,,,,,,,,27.0,,,,,,,,,,,,,,,,,,,,,,,,,,,,,,,,,,,,,,,,,,,,,,,,,,,,,,,,,,,,,,,,,,,,,,,,,,,,,,,,,,,,,,,2.7,2006-07-28T22:00:00,,,,,,,,,,,,,,,,,,,,,,,,,,,,,,,,,,,,,,,,,,,,,,,,,,,,,,,,,,,,,,,,,,,,,,,,,,,,,,
2006-07-29,983.9,,985.7,2006-07-29T22:00:00,982.3,2006-07-29T04:00:00,26.3,31.0,2006-07-29T11:00:00,21.5,2006-07-29T06:00:00,23.0,83,70,2006-07-29T09:00:00,1.2,292.5,6.9,135.0,2006-07-29T12:00:00,0.0,,,,,9.3,16.19,4.4,,27.7,27.7,27.4,26.9,27.2,,,,,,,,,24.7,2006-07-29T12:00:00,,,,20.3,2006-07-29T05:00:00,,,,,,,,,,,,,,,,,,,,,,,,,94,2006-07-29T22:00:00,,,,,,,,,,,,,,,,,,,,,,,,,,,,,,,,,27.0,,,,,,,,,,,,,,,,,,,,,,,,,,,,,,,,,,,,,,,,,,,,,,,,,,,,,,,,,,,,,,,,,,,,,,,,,,,,,,,,,,,,,,,3.1,2006-07-29T13:00:00,,,,,,,,,,,,,,,,,,,,,,,,,,,,,,,,,,,,,,,,,,,,,,,,,,,,,,,,,,,,,,,,,,,,,,,,,,,,,,
2006-07-30,984.5,,986.2,2006-07-30T09:00:00,983.2,2006-07-30T17:00:00,25.4,28.3,2006-07-30T17:00:00,22.4,2006-07-30T06:00:00,22.2,83,71,2006-07-30T06:00:00,1.0,292.5,7.2,90.0,2006-07-30T11:00:00,1.0,,,,,0.0,6.84,1.3,,27.7,27.7,27.7,27.3,27.6,,,,,,,,,23.8,2006-07-30T16:00:00,,,,19.4,2006-07-30T06:00:00,,,,,,,,,,,,,,,,,,,,,,,,,92,2006-07-30T02:00:00,,,,,,,,,,,,,,,,,,,,,,,,,,,,,,,,,27.1,,,,,,,,,,,,,,,,,,,,,,,,,,,,,,,,,,,,,,,,,,,,,,,,,,,,,,,,,,,,,,,,,,,,,,,,,,,,,,,,,,,,,,,3.0,2006-07-30T11:00:00,,,,,,,,,,,,,,,,,,,,,,,,,,,,,,,,,,,,,,,,,,,,,,,,,,,,,,,,,,,,,,,,,,,,,,,,,,,,,,
2006-07-31,983.4,,984.4,2006-07-31T01:00:00,981.8,2006-07-31T16:00:00,26.6,30.9,2006-07-31T11:00:00,22.4,2006-07-31T06:00:00,23.0,81,67,2006-07-31T10:00:00,1.4,292.5,7.3,135.0,2006-07-31T14:00:00,0.0,,,,,7.1,13.8,3.7,,28.0,28.0,27.8,27.4,27.6,,,,,,,,,25.2,2006-07-31T11:00:00,,,,21.4,2006-07-31T23:59:59,,,,,,,,,,,,,,,,,,,,,,,,,93,2006-07-31T05:00:00,,,,,,,,,,,,,,,,,,,,,,,,,,,,,,,,,27.3,,,,,,,,,,,,,,,,,,,,,,,,,,,,,,,,,,,,,,,,,,,,,,,,,,,,,,,,,,,,,,,,,,,,,,,,,,,,,,,,,,,,,,,3.3,2006-07-31T12:00:00,,,,,,,,,,,,,,,,,,,,,,,,,,,,,,,,,,,,,,,,,,,,,,,,,,,,,,,,,,,,,,,,,,,,,,,,,,,,,,
2006-08-01,981.6,,982.4,2006-08-01T06:00:00,980.4,2006-08-01T16:00:00,25.3,28.3,2006-08-01T12:00:00,23.2,2006-08-01T03:00:00,22.7,86,73,2006-08-01T11:00:00,1.0,270.0,4.9,292.5,2006-08-01T08:00:00,3.0,,,,,0.5,5.08,1.4,,27.8,27.8,27.8,27.6,27.8,,,,,,,,,24.8,2006-08-01T14:00:00,,,,20.9,2006-08-01T06:00:00,,,,,,,,,,,,,,,,,,,,,,,,,93,2006-08-01T14:00:00,,,,,,,,,,,,,,,,,,,,,,,,,,,,,,,,,27.4,,,,,,,,,,,,,,,,,,,,,,,,,,,,,,,,,,,,,,,,,,,,,,,,,,,,,,,,,,,,,,,,,,,,,,,,,,,,,,,,,,,,,,,2.3,2006-08-01T21:00:00,,,,,,,,,,,,,,,,,,,,,,,,,,,,,,,,,,,,,,,,,,,,,,,,,,,,,,,,,,,,,,,,,,,,,,,,,,,,,,
2006-08-02,981.4,,982.2,2006-08-02T22:00:00,979.8,2006-08-02T06:00:00,25.3,30.9,2006-08-02T13:00:00,23.0,2006-08-02T06:00:00,23.2,89,70,2006-08-02T13:00:00,1.4,270.0,7.5,135.0,2006-08-02T14:00:00,20.0,,,,,3.1,9.18,1.0,,27.6,27.6,27.5,27.5,27.6,,,,,,,,,25.2,2006-08-02T14:00:00,,,,22.0,2006-08-02T23:00:00,,,,,,,,,,,,,,,,,,,,,,,,,96,2006-08-02T03:00:00,,,,,,,,,,,,,,,,,,,,,,,,,,,,,,,,,27.4,,,,,,,,,,,,,,,,,,,,,,,,,,,,,,,,,,,,,,,,,,,,,,,,,,,,,,,,,,,,,,,,,,,,,,,,,,,,,,,,,,,,,,,3.0,2006-08-02T13:00:00,,,,,,,,,,,,,,,,,,,,,,,,,,,,,,,,,,,,,,,,,,,,,,,,,,,,,,,,,,,,,,,,,,,,,,,,,,,,,,
2006-08-03,982.1,,983.4,2006-08-03T19:00:00,980.6,2006-08-03T14:00:00,25.7,31.6,2006-08-03T15:00:00,22.5,2006-08-03T06:00:00,22.5,83,66,2006-08-03T14:00:00,1.5,270.0,9.5,202.5,2006-08-03T20:00:00,8.5,,,,,6.2,12.6,3.7,,28.0,28.0,27.8,27.6,27.7,,,,,,,,,24.3,2006-08-03T15:00:00,,,,20.5,2006-08-03T23:59:59,,,,,,,,,,,,,,,,,,,,,,,,,95,2006-08-03T06:00:00,,,,,,,,,,,,,,,,,,,,,,,,,,,,,,,,,27.4,,,,,,,,,,,,,,,,,,,,,,,,,,,,,,,,,,,,,,,,,,,,,,,,,,,,,,,,,,,,,,,,,,,,,,,,,,,,,,,,,,,,,,,3.1,2006-08-03T12:00:00,,,,,,,,,,,,,,,,,,,,,,,,,,,,,,,,,,,,,,,,,,,,,,,,,,,,,,,,,,,,,,,,,,,,,,,,,,,,,,
2006-08-04,982.7,,984.4,2006-08-04T22:00:00,981.6,2006-08-04T03:00:00,24.6,30.1,2006-08-04T12:00:00,22.0,2006-08-04T06:00:00,22.1,87,66,2006-08-04T11:00:00,1.7,270.0,6.6,315.0,2006-08-04T17:00:00,65.0,,,,,0.3,8.17,0.7,,27.2,27.3,27.5,27.7,27.7,,,,,,,,,25.2,2006-08-04T15:00:00,,,,20.6,2006-08-04T01:00:00,,,,,,,,,,,,,,,,,,,,,,,,,95,2006-08-04T22:00:00,,,,,,,,,,,,,,,,,,,,,,,,,,,,,,,,,27.5,,,,,,,,,,,,,,,,,,,,,,,,,,,,,,,,,,,,,,,,,,,,,,,,,,,,,,,,,,,,,,,,,,,,,,,,,,,,,,,,,,,,,,,3.1,2006-08-04T16:00:00,,,,,,,,,,,,,,,,,,,,,,,,,,,,,,,,,,,,,,,,,,,,,,,,,,,,,,,,,,,,,,,,,,,,,,,,,,,,,,
2006-08-05,981.4,,983.3,2006-08-05T01:00:00,980.3,2006-08-05T16:00:00,25.8,31.2,2006-08-05T15:00:00,21.9,2006-08-05T05:00:00,22.7,84,68,2006-08-05T11:00:00,1.1,270.0,6.6,135.0,2006-08-05T13:00:00,0.0,,,,,6.0,13.37,3.6,,27.5,27.4,27.2,27.4,27.2,,,,,,,,,24.3,2006-08-05T14:00:00,,,,21.2,2006-08-05T05:00:00,,,,,,,,,,,,,,,,,,,,,,,,,96,2006-08-05T05:00:00,,,,,,,,,,,,,,,,,,,,,,,,,,,,,,,,,27.5,,,,,,,,,,,,,,,,,,,,,,,,,,,,,,,,,,,,,,,,,,,,,,,,,,,,,,,,,,,,,,,,,,,,,,,,,,,,,,,,,,,,,,,3.0,2006-08-05T10:00:00,,,,,,,,,,,,,,,,,,,,,,,,,,,,,,,,,,,,,,,,,,,,,,,,,,,,,,,,,,,,,,,,,,,,,,,,,,,,,,
2006-08-06,978.8,,980.2,2006-08-06T01:00:00,977.5,2006-08-06T18:00:00,26.1,31.7,2006-08-06T13:00:00,21.8,2006-08-06T06:00:00,22.2,80,64,2006-08-06T15:00:00,1.2,270.0,7.7,90.0,2006-08-06T13:00:00,0.0,,,,,8.7,15.41,4.9,,28.6,28.5,28.2,27.6,28.0,,,,,,,,,23.8,2006-08-06T14:00:00,,,,20.6,2006-08-06T05:00:00,,,,,,,,,,,,,,,,,,,,,,,,,92,2006-08-06T02:00:00,,,,,,,,,,,,,,,,,,,,,,,,,,,,,,,,,27.4,,,,,,,,,,,,,,,,,,,,,,,,,,,,,,,,,,,,,,,,,,,,,,,,,,,,,,,,,,,,,,,,,,,,,,,,,,,,,,,,,,,,,,,3.0,2006-08-06T15:00:00,,,,,,,,,,,,,,,,,,,,,,,,,,,,,,,,,,,,,,,,,,,,,,,,,,,,,,,,,,,,,,,,,,,,,,,,,,,,,,
2006-08-07,976.1,,977.5,2006-08-07T01:00:00,974.4,2006-08-07T15:00:00,26.9,32.8,2006-08-07T14:00:00,22.0,2006-08-07T06:00:00,22.1,76,57,2006-08-07T15:00:00,1.5,270.0,8.5,112.5,2006-08-07T13:00:00,0.0,,,,,9.9,16.35,5.0,,29.2,29.1,28.8,28.0,28.5,,,,,,,,,23.3,2006-08-07T13:00:00,,,,21.0,2006-08-07T06:00:00,,,,,,,,,,,,,,,,,,,,,,,,,93,2006-08-07T05:00:00,,,,,,,,,,,,,,,,,,,,,,,,,,,,,,,,,27.5,,,,,,,,,,,,,,,,,,,,,,,,,,,,,,,,,,,,,,,,,,,,,,,,,,,,,,,,,,,,,,,,,,,,,,,,,,,,,,,,,,,,,,,3.9,2006-08-07T15:00:00,,,,,,,,,,,,,,,,,,,,,,,,,,,,,,,,,,,,,,,,,,,,,,,,,,,,,,,,,,,,,,,,,,,,,,,,,,,,,,
2006-08-08,973.5,,975.8,2006-08-08T01:00:00,970.7,2006-08-08T23:59:59,26.3,32.0,2006-08-08T11:00:00,23.0,2006-08-08T06:00:00,23.1,83,64,2006-08-08T11:00:00,1.4,270.0,6.2,135.0,2006-08-08T13:00:00,15.5,,,,,4.1,11.44,2.6,,29.2,29.2,29.0,28.3,28.8,,,,,,,,,24.5,2006-08-08T13:00:00,,,,21.2,2006-08-08T05:00:00,,,,,,,,,,,,,,,,,,,,,,,,,97,2006-08-08T23:00:00,,,,,,,,,,,,,,,,,,,,,,,,,,,,,,,,,27.7,,,,,,,,,,,,,,,,,,,,,,,,,,,,,,,,,,,,,,,,,,,,,,,,,,,,,,,,,,,,,,,,,,,,,,,,,,,,,,,,,,,,,,,3.5,2006-08-08T11:00:00,,,,,,,,,,,,,,,,,,,,,,,,,,,,,,,,,,,,,,,,,,,,,,,,,,,,,,,,,,,,,,,,,,,,,,,,,,,,,,
2006-08-09,972.2,,975.0,2006-08-09T22:00:00,965.0,2006-08-09T03:00:00,24.6,28.9,2006-08-09T15:00:00,22.5,2006-08-09T04:00:00,22.8,90,74,2006-08-09T14:00:00,1.8,270.0,13.1,45.0,2006-08-09T09:00:00,159.5,,,,,0.4,4.51,2.8,,25.4,25.5,25.8,26.5,26.2,,,,,,,,,23.6,2006-08-09T15:00:00,,,,21.7,2006-08-09T03:00:00,,,,,,,,,,,,,,,,,,,,,,,,,98,2006-08-09T04:00:00,,,,,,,,,,,,,,,,,,,,,,,,,,,,,,,,,27.3,,,,,,,,,,,,,,,,,,,,,,,,,,,,,,,,,,,,,,,,,,,,,,,,,,,,,,,,,,,,,,,,,,,,,,,,,,,,,,,,,,,,,,,3.4,2006-08-09T04:00:00,,,,,,,,,,,,,,,,,,,,,,,,,,,,,,,,,,,,,,,,,,,,,,,,,,,,,,,,,,,,,,,,,,,,,,,,,,,,,,
2006-08-10,974.4,,978.1,2006-08-10T23:59:59,972.7,2006-08-10T04:00:00,26.1,29.3,2006-08-10T12:00:00,23.0,2006-08-10T05:00:00,24.1,89,78,2006-08-10T08:00:00,2.6,112.5,9.4,112.5,2006-08-10T16:00:00,0.0,,,,,2.7,6.34,2.0,,26.2,26.2,26.1,26.5,26.2,,,,,,,,,25.5,2006-08-10T14:00:00,,,,21.8,2006-08-10T04:00:00,,,,,,,,,,,,,,,,,,,,,,,,,96,2006-08-10T22:00:00,,,,,,,,,,,,,,,,,,,,,,,,,,,,,,,,,27.2,,,,,,,,,,,,,,,,,,,,,,,,,,,,,,,,,,,,,,,,,,,,,,,,,,,,,,,,,,,,,,,,,,,,,,,,,,,,,,,,,,,,,,,4.5,2006-08-10T12:00:00,,,,,,,,,,,,,,,,,,,,,,,,,,,,,,,,,,,,,,,,,,,,,,,,,,,,,,,,,,,,,,,,,,,,,,,,,,,,,,
2006-08-11,978.4,,980.0,2006-08-11T22:00:00,977.2,2006-08-11T03:00:00,27.7,32.2,2006-08-11T13:00:00,23.8,2006-08-11T03:00:00,23.4,78,61,2006-08-11T14:00:00,1.4,135.0,7.5,315.0,2006-08-11T23:00:00,0.0,,,,,9.5,16.49,5.1,,28.0,27.8,27.4,26.9,27.1,,,,,,,,,25.3,2006-08-11T11:00:00,,,,21.9,2006-08-11T15:00:00,,,,,,,,,,,,,,,,,,,,,,,,,94,2006-08-11T02:00:00,,,,,,,,,,,,,,,,,,,,,,,,,,,,,,,,,27.1,,,,,,,,,,,,,,,,,,,,,,,,,,,,,,,,,,,,,,,,,,,,,,,,,,,,,,,,,,,,,,,,,,,,,,,,,,,,,,,,,,,,,,,3.0,2006-08-11T15:00:00,,,,,,,,,,,,,,,,,,,,,,,,,,,,,,,,,,,,,,,,,,,,,,,,,,,,,,,,,,,,,,,,,,,,,,,,,,,,,,
2006-08-12,978.7,,979.8,2006-08-12T22:00:00,977.3,2006-08-12T15:00:00,27.4,32.1,2006-08-12T12:00:00,23.7,2006-08-12T04:00:00,23.6,81,65,2006-08-12T13:00:00,1.3,135.0,6.6,135.0,2006-08-12T14:00:00,0.5,,,,,6.8,14.74,4.9,,29.1,29.0,28.6,27.6,28.2,,,,,,,,,25.6,2006-08-12T11:00:00,,,,21.6,2006-08-12T03:00:00,,,,,,,,,,,,,,,,,,,,,,,,,94,2006-08-12T23:59:59,,,,,,,,,,,,,,,,,,,,,,,,,,,,,,,,,27.2,,,,,,,,,,,,,,,,,,,,,,,,,,,,,,,,,,,,,,,,,,,,,,,,,,,,,,,,,,,,,,,,,,,,,,,,,,,,,,,,,,,,,,,3.0,2006-08-12T12:00:00,,,,,,,,,,,,,,,,,,,,,,,,,,,,,,,,,,,,,,,,,,,,,,,,,,,,,,,,,,,,,,,,,,,,,,,,,,,,,,
2006-08-13,977.8,,978.7,2006-08-13T22:00:00,976.6,2006-08-13T15:00:00,26.5,31.3,2006-08-13T11:00:00,23.0,2006-08-13T06:00:00,23.4,84,62,2006-08-13T10:00:00,1.4,135.0,6.7,135.0,2006-08-13T13:00:00,0.0,,,,,6.4,12.43,4.2,,29.3,29.2,29.0,28.1,28.7,,,,,,,,,25.2,2006-08-13T11:00:00,,,,22.1,2006-08-13T05:00:00,,,,,,,,,,,,,,,,,,,,,,,,,94,2006-08-13T01:00:00,,,,,,,,,,,,,,,,,,,,,,,,,,,,,,,,,27.5,,,,,,,,,,,,,,,,,,,,,,,,,,,,,,,,,,,,,,,,,,,,,,,,,,,,,,,,,,,,,,,,,,,,,,,,,,,,,,,,,,,,,,,3.2,2006-08-13T11:00:00,,,,,,,,,,,,,,,,,,,,,,,,,,,,,,,,,,,,,,,,,,,,,,,,,,,,,,,,,,,,,,,,,,,,,,,,,,,,,,
2006-08-14,976.9,,977.8,2006-08-14T09:00:00,975.0,2006-08-14T16:00:00,26.4,31.3,2006-08-14T12:00:00,22.3,2006-08-14T05:00:00,22.5,80,65,2006-08-14T10:00:00,1.5,270.0,7.4,112.5,2006-08-14T14:00:00,0.0,,,,,9.8,15.97,5.3,,29.3,29.2,29.0,28.3,28.7,,,,,,,,,24.6,2006-08-14T12:00:00,,,,20.7,2006-08-14T07:00:00,,,,,,,,,,,,,,,,,,,,,,,,,94,2006-08-14T05:00:00,,,,,,,,,,,,,,,,,,,,,,,,,,,,,,,,,27.8,,,,,,,,,,,,,,,,,,,,,,,,,,,,,,,,,,,,,,,,,,,,,,,,,,,,,,,,,,,,,,,,,,,,,,,,,,,,,,,,,,,,,,,3.7,2006-08-14T13:00:00,,,,,,,,,,,,,,,,,,,,,,,,,,,,,,,,,,,,,,,,,,,,,,,,,,,,,,,,,,,,,,,,,,,,,,,,,,,,,,
2006-08-15,976.3,,977.3,2006-08-15T23:00:00,975.0,2006-08-15T16:00:00,26.9,32.1,2006-08-15T14:00:00,22.3,2006-08-15T04:00:00,22.9,79,66,2006-08-15T10:00:00,1.3,270.0,6.7,112.5,2006-08-15T12:00:00,0.0,,,,,9.0,14.8,4.8,,29.5,29.4,29.2,28.5,29.0,,,,,,,,,24.9,2006-08-15T14:00:00,,,,20.9,2006-08-15T05:00:00,,,,,,,,,,,,,,,,,,,,,,,,,93,2006-08-15T04:00:00,,,,,,,,,,,,,,,,,,,,,,,,,,,,,,,,,27.9,,,,,,,,,,,,,,,,,,,,,,,,,,,,,,,,,,,,,,,,,,,,,,,,,,,,,,,,,,,,,,,,,,,,,,,,,,,,,,,,,,,,,,,2.4,2006-08-15T10:00:00,,,,,,,,,,,,,,,,,,,,,,,,,,,,,,,,,,,,,,,,,,,,,,,,,,,,,,,,,,,,,,,,,,,,,,,,,,,,,,
2006-08-16,975.7,,976.8,2006-08-16T22:00:00,974.7,2006-08-16T14:00:00,27.5,32.7,2006-08-16T13:00:00,22.7,2006-08-16T05:00:00,23.7,81,63,2006-08-16T10:00:00,1.6,270.0,7.5,315.0,2006-08-16T16:00:00,0.0,,,,,8.3,15.33,5.2,,29.8,29.7,29.5,28.7,29.2,,,,,,,,,26.6,2006-08-16T13:00:00,,,,20.9,2006-08-16T06:00:00,,,,,,,,,,,,,,,,,,,,,,,,,92,2006-08-16T20:00:00,,,,,,,,,,,,,,,,,,,,,,,,,,,,,,,,,28.1,,,,,,,,,,,,,,,,,,,,,,,,,,,,,,,,,,,,,,,,,,,,,,,,,,,,,,,,,,,,,,,,,,,,,,,,,,,,,,,,,,,,,,,3.4,2006-08-16T16:00:00,,,,,,,,,,,,,,,,,,,,,,,,,,,,,,,,,,,,,,,,,,,,,,,,,,,,,,,,,,,,,,,,,,,,,,,,,,,,,,
2006-08-17,975.3,,976.6,2006-08-17T22:00:00,974.1,2006-08-17T15:00:00,28.1,33.8,2006-08-17T12:00:00,23.5,2006-08-17T06:00:00,23.3,76,57,2006-08-17T10:00:00,1.4,270.0,7.4,135.0,2006-08-17T14:00:00,0.0,,,,,9.2,14.93,5.1,,30.0,30.0,29.7,28.9,29.4,,,,,,,,,26.1,2006-08-17T12:00:00,,,,21.0,2006-08-17T06:00:00,,,,,,,,,,,,,,,,,,,,,,,,,89,2006-08-17T01:00:00,,,,,,,,,,,,,,,,,,,,,,,,,,,,,,,,,28.2,,,,,,,,,,,,,,,,,,,,,,,,,,,,,,,,,,,,,,,,,,,,,,,,,,,,,,,,,,,,,,,,,,,,,,,,,,,,,,,,,,,,,,,3.8,2006-08-17T14:00:00,,,,,,,,,,,,,,,,,,,,,,,,,,,,,,,,,,,,,,,,,,,,,,,,,,,,,,,,,,,,,,,,,,,,,,,,,,,,,,
2006-08-18,976.1,,978.1,2006-08-18T21:00:00,973.7,2006-08-18T04:00:00,25.9,31.4,2006-08-18T11:00:00,23.4,2006-08-18T23:00:00,23.4,87,69,2006-08-18T12:00:00,1.5,270.0,7.2,292.5,2006-08-18T15:00:00,32.0,,,,,1.4,6.73,0.8,,29.2,29.3,29.5,29.1,29.4,,,,,,,,,25.2,2006-08-18T11:00:00,,,,21.9,2006-08-18T05:00:00,,,,,,,,,,,,,,,,,,,,,,,,,95,2006-08-18T17:00:00,,,,,,,,,,,,,,,,,,,,,,,,,,,,,,,,,28.4,,,,,,,,,,,,,,,,,,,,,,,,,,,,,,,,,,,,,,,,,,,,,,,,,,,,,,,,,,,,,,,,,,,,,,,,,,,,,,,,,,,,,,,3.0,2006-08-18T13:00:00,,,,,,,,,,,,,,,,,,,,,,,,,,,,,,,,,,,,,,,,,,,,,,,,,,,,,,,,,,,,,,,,,,,,,,,,,,,,,,
2006-08-19,977.7,,978.7,2006-08-19T10:00:00,976.7,2006-08-19T17:00:00,24.4,28.4,2006-08-19T11:00:00,21.8,2006-08-19T23:59:59,21.8,85,74,2006-08-19T15:00:00,1.2,270.0,5.1,90.0,2006-08-19T18:00:00,0.0,,,,,0.0,3.92,1.2,,28.3,28.3,28.5,28.8,28.7,,,,,,,,,23.9,2006-08-19T11:00:00,,,,19.2,2006-08-19T15:00:00,,,,,,,,,,,,,,,,,,,,,,,,,94,2006-08-19T01:00:00,,,,,,,,,,,,,,,,,,,,,,,,,,,,,,,,,28.4,,,,,,,,,,,,,,,,,,,,,,,,,,,,,,,,,,,,,,,,,,,,,,,,,,,,,,,,,,,,,,,,,,,,,,,,,,,,,,,,,,,,,,,3.0,2006-08-19T15:00:00,,,,,,,,,,,,,,,,,,,,,,,,,,,,,,,,,,,,,,,,,,,,,,,,,,,,,,,,,,,,,,,,,,,,,,,,,,,,,,
2006-08-20,976.9,,978.4,2006-08-20T22:00:00,975.5,2006-08-20T16:00:00,25.4,30.9,2006-08-20T13:00:00,21.4,2006-08-20T03:00:00,21.3,79,58,2006-08-20T13:00:00,1.0,270.0,5.9,67.5,2006-08-20T10:00:00,0.0,,,,,0.4,10.02,2.8,,28.0,28.0,28.1,28.4,28.2,,,,,,,,,24.1,2006-08-20T16:00:00,,,,19.2,2006-08-20T01:00:00,,,,,,,,,,,,,,,,,,,,,,,,,90,2006-08-20T03:00:00,,,,,,,,,,,,,,,,,,,,,,,,,,,,,,,,,28.3,,,,,,,,,,,,,,,,,,,,,,,,,,,,,,,,,,,,,,,,,,,,,,,,,,,,,,,,,,,,,,,,,,,,,,,,,,,,,,,,,,,,,,,2.1,2006-08-20T10:00:00,,,,,,,,,,,,,,,,,,,,,,,,,,,,,,,,,,,,,,,,,,,,,,,,,,,,,,,,,,,,,,,,,,,,,,,,,,,,,,
2006-08-21,976.6,,977.9,2006-08-21T22:00:00,975.1,2006-08-21T16:00:00,26.1,30.8,2006-08-21T12:00:00,21.7,2006-08-21T06:00:00,21.8,78,57,2006-08-21T11:00:00,1.5,270.0,7.8,315.0,2006-08-21T18:00:00,0.0,,,,,6.0,12.17,4.4,,28.4,28.4,28.3,28.2,28.3,,,,,,,,,23.6,2006-08-21T13:00:00,,,,19.7,2006-08-21T06:00:00,,,,,,,,,,,,,,,,,,,,,,,,,90,2006-08-21T23:59:59,,,,,,,,,,,,,,,,,,,,,,,,,,,,,,,,,28.1,,,,,,,,,,,,,,,,,,,,,,,,,,,,,,,,,,,,,,,,,,,,,,,,,,,,,,,,,,,,,,,,,,,,,,,,,,,,,,,,,,,,,,,3.7,2006-08-21T17:00:00,,,,,,,,,,,,,,,,,,,,,,,,,,,,,,,,,,,,,,,,,,,,,,,,,,,,,,,,,,,,,,,,,,,,,,,,,,,,,,
2006-08-22,976.7,,978.3,2006-08-22T21:00:00,975.5,2006-08-22T03:00:00,25.8,30.3,2006-08-22T12:00:00,22.9,2006-08-22T05:00:00,22.4,82,64,2006-08-22T11:00:00,0.9,270.0,5.4,292.5,2006-08-22T14:00:00,0.0,,,,,0.1,8.5,2.5,,28.4,28.4,28.4,28.3,28.4,,,,,,,,,24.0,2006-08-22T15:00:00,,,,21.1,2006-08-22T05:00:00,,,,,,,,,,,,,,,,,,,,,,,,,91,2006-08-22T04:00:00,,,,,,,,,,,,,,,,,,,,,,,,,,,,,,,,,28.0,,,,,,,,,,,,,,,,,,,,,,,,,,,,,,,,,,,,,,,,,,,,,,,,,,,,,,,,,,,,,,,,,,,,,,,,,,,,,,,,,,,,,,,2.3,2006-08-22T13:00:00,,,,,,,,,,,,,,,,,,,,,,,,,,,,,,,,,,,,,,,,,,,,,,,,,,,,,,,,,,,,,,,,,,,,,,,,,,,,,,
2006-08-23,978.5,,980.4,2006-08-23T22:00:00,976.7,2006-08-23T03:00:00,25.7,29.5,2006-08-23T14:00:00,23.7,2006-08-23T06:00:00,23.1,86,73,2006-08-23T14:00:00,1.0,112.5,8.3,135.0,2006-08-23T14:00:00,0.0,,,,,0.1,7.51,2.2,,28.3,28.3,28.3,28.2,28.3,,,,,,,,,23.9,2006-08-23T13:00:00,,,,22.0,2006-08-23T01:00:00,,,,,,,,,,,,,,,,,,,,,,,,,93,2006-08-23T06:00:00,,,,,,,,,,,,,,,,,,,,,,,,,,,,,,,,,28.0,,,,,,,,,,,,,,,,,,,,,,,,,,,,,,,,,,,,,,,,,,,,,,,,,,,,,,,,,,,,,,,,,,,,,,,,,,,,,,,,,,,,,,,3.6,2006-08-23T13:00:00,,,,,,,,,,,,,,,,,,,,,,,,,,,,,,,,,,,,,,,,,,,,,,,,,,,,,,,,,,,,,,,,,,,,,,,,,,,,,,
2006-08-24,980.5,,982.7,2006-08-24T21:00:00,978.7,2006-08-24T03:00:00,26.2,31.1,2006-08-24T12:00:00,23.4,2006-08-24T05:00:00,23.1,84,67,2006-08-24T10:00:00,0.8,270.0,5.0,135.0,2006-08-24T13:00:00,0.0,,,,,2.6,9.03,2.6,,28.5,28.4,28.4,28.2,28.3,,,,,,,,,24.2,2006-08-24T18:00:00,,,,22.3,2006-08-24T03:00:00,,,,,,,,,,,,,,,,,,,,,,,,,94,2006-08-24T04:00:00,,,,,,,,,,,,,,,,,,,,,,,,,,,,,,,,,28.0,,,,,,,,,,,,,,,,,,,,,,,,,,,,,,,,,,,,,,,,,,,,,,,,,,,,,,,,,,,,,,,,,,,,,,,,,,,,,,,,,,,,,,,1.9,2006-08-24T14:00:00,,,,,,,,,,,,,,,,,,,,,,,,,,,,,,,,,,,,,,,,,,,,,,,,,,,,,,,,,,,,,,,,,,,,,,,,,,,,,,
2006-08-25,982.4,,983.4,2006-08-25T22:00:00,981.3,2006-08-25T16:00:00,26.4,31.3,2006-08-25T11:00:00,23.0,2006-08-25T06:00:00,23.5,85,68,2006-08-25T09:00:00,1.4,270.0,6.5,135.0,2006-08-25T12:00:00,0.0,,,,,4.4,8.84,2.4,,28.5,28.5,28.4,28.3,28.4,,,,,,,,,25.1,2006-08-25T17:00:00,,,,22.1,2006-08-25T05:00:00,,,,,,,,,,,,,,,,,,,,,,,,,94,2006-08-25T17:00:00,,,,,,,,,,,,,,,,,,,,,,,,,,,,,,,,,28.0,,,,,,,,,,,,,,,,,,,,,,,,,,,,,,,,,,,,,,,,,,,,,,,,,,,,,,,,,,,,,,,,,,,,,,,,,,,,,,,,,,,,,,,2.9,2006-08-25T22:00:00,,,,,,,,,,,,,,,,,,,,,,,,,,,,,,,,,,,,,,,,,,,,,,,,,,,,,,,,,,,,,,,,,,,,,,,,,,,,,,
2006-08-26,981.5,,982.6,2006-08-26T22:00:00,979.9,2006-08-26T17:00:00,26.9,31.8,2006-08-26T12:00:00,22.8,2006-08-26T05:00:00,23.1,81,66,2006-08-26T11:00:00,1.3,270.0,6.5,135.0,2006-08-26T13:00:00,0.0,,,,,6.8,12.97,4.4,,28.7,28.7,28.6,28.3,28.5,,,,,,,,,24.8,2006-08-26T12:00:00,,,,21.4,2006-08-26T05:00:00,,,,,,,,,,,,,,,,,,,,,,,,,92,2006-08-26T04:00:00,,,,,,,,,,,,,,,,,,,,,,,,,,,,,,,,,28.0,,,,,,,,,,,,,,,,,,,,,,,,,,,,,,,,,,,,,,,,,,,,,,,,,,,,,,,,,,,,,,,,,,,,,,,,,,,,,,,,,,,,,,,2.6,2006-08-26T12:00:00,,,,,,,,,,,,,,,,,,,,,,,,,,,,,,,,,,,,,,,,,,,,,,,,,,,,,,,,,,,,,,,,,,,,,,,,,,,,,,
2006-08-27,982.6,,984.8,2006-08-27T23:00:00,981.6,2006-08-27T14:00:00,25.9,30.7,2006-08-27T13:00:00,23.8,2006-08-27T04:00:00,23.6,87,75,2006-08-27T16:00:00,1.3,270.0,8.1,112.5,2006-08-27T15:00:00,21.0,,,,,1.9,9.41,2.0,,28.6,28.6,28.6,28.4,28.5,,,,,,,,,25.6,2006-08-27T12:00:00,,,,22.2,2006-08-27T23:59:59,,,,,,,,,,,,,,,,,,,,,,,,,96,2006-08-27T04:00:00,,,,,,,,,,,,,,,,,,,,,,,,,,,,,,,,,28.0,,,,,,,,,,,,,,,,,,,,,,,,,,,,,,,,,,,,,,,,,,,,,,,,,,,,,,,,,,,,,,,,,,,,,,,,,,,,,,,,,,,,,,,4.3,2006-08-27T15:00:00,,,,,,,,,,,,,,,,,,,,,,,,,,,,,,,,,,,,,,,,,,,,,,,,,,,,,,,,,,,,,,,,,,,,,,,,,,,,,,
2006-08-28,983.5,,985.4,2006-08-28T22:00:00,982.2,2006-08-28T16:00:00,27.0,31.7,2006-08-28T14:00:00,23.0,2006-08-28T06:00:00,23.3,81,67,2006-08-28T14:00:00,1.7,270.0,8.1,112.5,2006-08-28T13:00:00,0.0,,,,,8.6,14.63,4.1,,28.9,28.8,28.7,28.4,28.6,,,,,,,,,25.8,2006-08-28T11:00:00,,,,21.0,2006-08-28T05:00:00,,,,,,,,,,,,,,,,,,,,,,,,,91,2006-08-28T22:00:00,,,,,,,,,,,,,,,,,,,,,,,,,,,,,,,,,28.0,,,,,,,,,,,,,,,,,,,,,,,,,,,,,,,,,,,,,,,,,,,,,,,,,,,,,,,,,,,,,,,,,,,,,,,,,,,,,,,,,,,,,,,3.8,2006-08-28T13:00:00,,,,,,,,,,,,,,,,,,,,,,,,,,,,,,,,,,,,,,,,,,,,,,,,,,,,,,,,,,,,,,,,,,,,,,,,,,,,,,
2006-08-29,983.9,,984.7,2006-08-29T01:00:00,982.9,2006-08-29T15:00:00,26.4,30.7,2006-08-29T15:00:00,22.2,2006-08-29T06:00:00,23.4,84,66,2006-08-29T09:00:00,1.6,270.0,7.0,112.5,2006-08-29T13:00:00,0.0,,,,,4.4,9.24,2.4,,28.8,28.8,28.8,28.5,28.7,,,,,,,,,25.9,2006-08-29T14:00:00,,,,19.9,2006-08-29T05:00:00,,,,,,,,,,,,,,,,,,,,,,,,,94,2006-08-29T21:00:00,,,,,,,,,,,,,,,,,,,,,,,,,,,,,,,,,28.1,,,,,,,,,,,,,,,,,,,,,,,,,,,,,,,,,,,,,,,,,,,,,,,,,,,,,,,,,,,,,,,,,,,,,,,,,,,,,,,,,,,,,,,4.3,2006-08-29T12:00:00,,,,,,,,,,,,,,,,,,,,,,,,,,,,,,,,,,,,,,,,,,,,,,,,,,,,,,,,,,,,,,,,,,,,,,,,,,,,,,
2006-08-30,981.0,,982.5,2006-08-30T01:00:00,979.7,2006-08-30T16:00:00,27.4,34.4,2006-08-30T12:00:00,22.8,2006-08-30T04:00:00,22.6,76,54,2006-08-30T11:00:00,1.5,270.0,7.0,112.5,2006-08-30T14:00:00,0.0,,,,,10.0,15.7,4.9,,29.0,29.0,28.8,28.5,28.7,,,,,,,,,25.4,2006-08-30T17:00:00,,,,18.5,2006-08-30T23:59:59,,,,,,,,,,,,,,,,,,,,,,,,,92,2006-08-30T01:00:00,,,,,,,,,,,,,,,,,,,,,,,,,,,,,,,,,28.1,,,,,,,,,,,,,,,,,,,,,,,,,,,,,,,,,,,,,,,,,,,,,,,,,,,,,,,,,,,,,,,,,,,,,,,,,,,,,,,,,,,,,,,2.9,2006-08-30T14:00:00,,,,,,,,,,,,,,,,,,,,,,,,,,,,,,,,,,,,,,,,,,,,,,,,,,,,,,,,,,,,,,,,,,,,,,,,,,,,,,
2006-08-31,978.4,,979.8,2006-08-31T08:00:00,977.0,2006-08-31T16:00:00,27.4,33.0,2006-08-31T15:00:00,22.3,2006-08-31T06:00:00,21.1,69,53,2006-08-31T10:00:00,1.3,270.0,6.4,112.5,2006-08-31T12:00:00,0.0,,,,,10.1,15.09,4.9,,29.1,29.0,28.9,28.6,28.8,,,,,,,,,23.9,2006-08-31T12:00:00,,,,17.9,2006-08-31T06:00:00,,,,,,,,,,,,,,,,,,,,,,,,,79,2006-08-31T19:00:00,,,,,,,,,,,,,,,,,,,,,,,,,,,,,,,,,28.1,,,,,,,,,,,,,,,,,,,,,,,,,,,,,,,,,,,,,,,,,,,,,,,,,,,,,,,,,,,,,,,,,,,,,,,,,,,,,,,,,,,,,,,3.2,2006-08-31T12:00:00,,,,,,,,,,,,,,,,,,,,,,,,,,,,,,,,,,,,,,,,,,,,,,,,,,,,,,,,,,,,,,,,,,,,,,,,,,,,,,
2006-09-01,977.9,,979.6,2006-09-01T23:00:00,976.7,2006-09-01T03:00:00,27.2,32.8,2006-09-01T12:00:00,23.1,2006-09-01T06:00:00,23.0,78,58,2006-09-01T11:00:00,1.2,270.0,6.3,157.5,2006-09-01T12:00:00,0.0,,,,,3.5,10.53,3.2,,29.1,29.1,29.0,28.6,28.9,,,,,,,,,26.0,2006-09-01T12:00:00,,,,19.8,2006-09-01T03:00:00,,,,,,,,,,,,,,,,,,,,,,,,,92,2006-09-01T20:00:00,,,,,,,,,,,,,,,,,,,,,,,,,,,,,,,,,28.2,,,,,,,,,,,,,,,,,,,,,,,,,,,,,,,,,,,,,,,,,,,,,,,,,,,,,,,,,,,,,,,,,,,,,,,,,,,,,,,,,,,,,,,2.8,2006-09-01T12:00:00,,,,,,,,,,,,,,,,,,,,,,,,,,,,,,,,,,,,,,,,,,,,,,,,,,,,,,,,,,,,,,,,,,,,,,,,,,,,,,
2006-09-02,979.1,,980.5,2006-09-02T22:00:00,977.7,2006-09-02T15:00:00,27.3,31.9,2006-09-02T12:00:00,23.5,2006-09-02T06:00:00,23.2,79,63,2006-09-02T10:00:00,1.4,270.0,7.7,112.5,2006-09-02T12:00:00,0.0,,,,,8.3,13.33,3.8,,29.2,29.2,29.1,28.7,28.9,,,,,,,,,25.1,2006-09-02T12:00:00,,,,21.5,2006-09-02T07:00:00,,,,,,,,,,,,,,,,,,,,,,,,,90,2006-09-02T06:00:00,,,,,,,,,,,,,,,,,,,,,,,,,,,,,,,,,28.2,,,,,,,,,,,,,,,,,,,,,,,,,,,,,,,,,,,,,,,,,,,,,,,,,,,,,,,,,,,,,,,,,,,,,,,,,,,,,,,,,,,,,,,3.7,2006-09-02T12:00:00,,,,,,,,,,,,,,,,,,,,,,,,,,,,,,,,,,,,,,,,,,,,,,,,,,,,,,,,,,,,,,,,,,,,,,,,,,,,,,
2006-09-03,979.3,,980.7,2006-09-03T09:00:00,977.7,2006-09-03T15:00:00,27.0,31.7,2006-09-03T11:00:00,23.2,2006-09-03T06:00:00,23.1,80,63,2006-09-03T10:00:00,1.4,270.0,7.8,135.0,2006-09-03T12:00:00,0.0,,,,,4.9,12.0,3.7,,29.3,29.2,29.1,28.8,29.0,,,,,,,,,24.6,2006-09-03T13:00:00,,,,21.4,2006-09-03T06:00:00,,,,,,,,,,,,,,,,,,,,,,,,,89,2006-09-03T01:00:00,,,,,,,,,,,,,,,,,,,,,,,,,,,,,,,,,28.3,,,,,,,,,,,,,,,,,,,,,,,,,,,,,,,,,,,,,,,,,,,,,,,,,,,,,,,,,,,,,,,,,,,,,,,,,,,,,,,,,,,,,,,3.5,2006-09-03T12:00:00,,,,,,,,,,,,,,,,,,,,,,,,,,,,,,,,,,,,,,,,,,,,,,,,,,,,,,,,,,,,,,,,,,,,,,,,,,,,,,
2006-09-04,978.8,,980.3,2006-09-04T22:00:00,976.7,2006-09-04T15:00:00,27.4,32.8,2006-09-04T12:00:00,23.1,2006-09-04T06:00:00,23.1,78,62,2006-09-04T11:00:00,1.3,270.0,6.5,135.0,2006-09-04T13:00:00,0.0,,,,,7.8,13.99,3.6,,29.5,29.5,29.3,28.8,29.1,,,,,,,,,25.7,2006-09-04T12:00:00,,,,21.7,2006-09-04T07:00:00,,,,,,,,,,,,,,,,,,,,,,,,,92,2006-09-04T02:00:00,,,,,,,,,,,,,,,,,,,,,,,,,,,,,,,,,28.3,,,,,,,,,,,,,,,,,,,,,,,,,,,,,,,,,,,,,,,,,,,,,,,,,,,,,,,,,,,,,,,,,,,,,,,,,,,,,,,,,,,,,,,2.3,2006-09-04T13:00:00,,,,,,,,,,,,,,,,,,,,,,,,,,,,,,,,,,,,,,,,,,,,,,,,,,,,,,,,,,,,,,,,,,,,,,,,,,,,,,
2006-09-05,978.7,,980.1,2006-09-05T22:00:00,976.8,2006-09-05T15:00:00,27.5,32.9,2006-09-05T13:00:00,23.3,2006-09-05T05:00:00,22.8,77,60,2006-09-05T10:00:00,1.2,270.0,6.1,157.5,2006-09-05T12:00:00,0.0,,,,,7.3,12.87,4.7,,29.7,29.6,29.5,28.9,29.3,,,,,,,,,24.1,2006-09-05T12:00:00,,,,21.4,2006-09-05T05:00:00,,,,,,,,,,,,,,,,,,,,,,,,,91,2006-09-05T04:00:00,,,,,,,,,,,,,,,,,,,,,,,,,,,,,,,,,28.4,,,,,,,,,,,,,,,,,,,,,,,,,,,,,,,,,,,,,,,,,,,,,,,,,,,,,,,,,,,,,,,,,,,,,,,,,,,,,,,,,,,,,,,2.6,2006-09-05T12:00:00,,,,,,,,,,,,,,,,,,,,,,,,,,,,,,,,,,,,,,,,,,,,,,,,,,,,,,,,,,,,,,,,,,,,,,,,,,,,,,
2006-09-06,978.8,,980.9,2006-09-06T22:00:00,977.3,2006-09-06T05:00:00,25.9,33.0,2006-09-06T13:00:00,23.6,2006-09-06T06:00:00,22.9,84,59,2006-09-06T12:00:00,0.9,270.0,7.0,292.5,2006-09-06T16:00:00,1.0,,,,,3.4,16.41,2.4,,29.5,29.5,29.4,29.0,29.3,,,,,,,,,24.9,2006-09-06T17:00:00,,,,21.7,2006-09-06T05:00:00,,,,,,,,,,,,,,,,,,,,,,,,,95,2006-09-06T22:00:00,,,,,,,,,,,,,,,,,,,,,,,,,,,,,,,,,28.4,,,,,,,,,,,,,,,,,,,,,,,,,,,,,,,,,,,,,,,,,,,,,,,,,,,,,,,,,,,,,,,,,,,,,,,,,,,,,,,,,,,,,,,2.2,2006-09-06T13:00:00,,,,,,,,,,,,,,,,,,,,,,,,,,,,,,,,,,,,,,,,,,,,,,,,,,,,,,,,,,,,,,,,,,,,,,,,,,,,,,
2006-09-07,980.2,,981.5,2006-09-07T23:00:00,978.9,2006-09-07T15:00:00,25.4,30.3,2006-09-07T11:00:00,23.2,2006-09-07T05:00:00,23.3,89,70,2006-09-07T10:00:00,1.2,270.0,5.1,135.0,2006-09-07T12:00:00,15.5,,,,,1.5,6.71,1.0,,29.0,29.0,29.1,28.9,29.1,,,,,,,,,24.9,2006-09-07T17:00:00,,,,22.3,2006-09-07T04:00:00,,,,,,,,,,,,,,,,,,,,,,,,,95,2006-09-07T05:00:00,,,,,,,,,,,,,,,,,,,,,,,,,,,,,,,,,28.5,,,,,,,,,,,,,,,,,,,,,,,,,,,,,,,,,,,,,,,,,,,,,,,,,,,,,,,,,,,,,,,,,,,,,,,,,,,,,,,,,,,,,,,2.6,2006-09-07T11:00:00,,,,,,,,,,,,,,,,,,,,,,,,,,,,,,,,,,,,,,,,,,,,,,,,,,,,,,,,,,,,,,,,,,,,,,,,,,,,,,
2006-09-08,980.8,,982.3,2006-09-08T23:00:00,979.5,2006-09-08T15:00:00,25.8,32.1,2006-09-08T12:00:00,23.0,2006-09-08T06:00:00,23.3,87,64,2006-09-08T11:00:00,1.3,270.0,6.7,112.5,2006-09-08T14:00:00,20.5,,,,,5.7,10.55,1.4,,28.8,28.8,28.8,28.7,28.8,,,,,,,,,24.8,2006-09-08T12:00:00,,,,22.0,2006-09-08T07:00:00,,,,,,,,,,,,,,,,,,,,,,,,,96,2006-09-08T19:00:00,,,,,,,,,,,,,,,,,,,,,,,,,,,,,,,,,28.4,,,,,,,,,,,,,,,,,,,,,,,,,,,,,,,,,,,,,,,,,,,,,,,,,,,,,,,,,,,,,,,,,,,,,,,,,,,,,,,,,,,,,,,3.1,2006-09-08T12:00:00,,,,,,,,,,,,,,,,,,,,,,,,,,,,,,,,,,,,,,,,,,,,,,,,,,,,,,,,,,,,,,,,,,,,,,,,,,,,,,
2006-09-09,981.4,,982.9,2006-09-09T23:00:00,980.1,2006-09-09T14:00:00,25.6,28.9,2006-09-09T16:00:00,22.7,2006-09-09T06:00:00,22.6,84,71,2006-09-09T16:00:00,1.5,270.0,17.4,67.5,2006-09-09T21:00:00,4.0,,,,,0.0,5.8,1.1,,28.5,28.5,28.6,28.6,28.6,,,,,,,,,24.1,2006-09-09T17:00:00,,,,20.4,2006-09-09T23:00:00,,,,,,,,,,,,,,,,,,,,,,,,,94,2006-09-09T02:00:00,,,,,,,,,,,,,,,,,,,,,,,,,,,,,,,,,28.4,,,,,,,,,,,,,,,,,,,,,,,,,,,,,,,,,,,,,,,,,,,,,,,,,,,,,,,,,,,,,,,,,,,,,,,,,,,,,,,,,,,,,,,2.7,2006-09-09T11:00:00,,,,,,,,,,,,,,,,,,,,,,,,,,,,,,,,,,,,,,,,,,,,,,,,,,,,,,,,,,,,,,,,,,,,,,,,,,,,,,
2006-09-10,980.5,,982.3,2006-09-10T01:00:00,979.3,2006-09-10T15:00:00,24.0,26.5,2006-09-10T09:00:00,22.5,2006-09-10T03:00:00,21.8,88,75,2006-09-10T09:00:00,1.6,67.5,9.0,337.5,2006-09-10T14:00:00,44.5,,,,,0.0,5.26,1.1,,27.7,27.8,28.0,28.4,28.2,,,,,,,,,22.6,2006-09-10T13:00:00,,,,20.6,2006-09-10T06:00:00,,,,,,,,,,,,,,,,,,,,,,,,,95,2006-09-10T21:00:00,,,,,,,,,,,,,,,,,,,,,,,,,,,,,,,,,28.3,,,,,,,,,,,,,,,,,,,,,,,,,,,,,,,,,,,,,,,,,,,,,,,,,,,,,,,,,,,,,,,,,,,,,,,,,,,,,,,,,,,,,,,3.2,2006-09-10T10:00:00,,,,,,,,,,,,,,,,,,,,,,,,,,,,,,,,,,,,,,,,,,,,,,,,,,,,,,,,,,,,,,,,,,,,,,,,,,,,,,
2006-09-11,981.0,,982.9,2006-09-11T23:00:00,979.4,2006-09-11T04:00:00,23.3,24.9,2006-09-11T14:00:00,22.6,2006-09-11T05:00:00,22.3,94,90,2006-09-11T13:00:00,1.3,270.0,7.2,112.5,2006-09-11T08:00:00,105.5,,,,,0.0,2.01,4.4,,26.0,26.1,26.5,27.6,27.0,,,,,,,,,23.2,2006-09-11T14:00:00,,,,21.6,2006-09-11T02:00:00,,,,,,,,,,,,,,,,,,,,,,,,,96,2006-09-11T18:00:00,,,,,,,,,,,,,,,,,,,,,,,,,,,,,,,,,28.0,,,,,,,,,,,,,,,,,,,,,,,,,,,,,,,,,,,,,,,,,,,,,,,,,,,,,,,,,,,,,,,,,,,,,,,,,,,,,,,,,,,,,,,2.3,2006-09-11T11:00:00,,,,,,,,,,,,,,,,,,,,,,,,,,,,,,,,,,,,,,,,,,,,,,,,,,,,,,,,,,,,,,,,,,,,,,,,,,,,,,
2006-09-12,983.4,,985.8,2006-09-12T22:00:00,981.8,2006-09-12T04:00:00,25.5,30.5,2006-09-12T14:00:00,22.2,2006-09-12T05:00:00,22.7,85,70,2006-09-12T13:00:00,1.5,270.0,6.9,112.5,2006-09-12T15:00:00,0.5,,,,,6.9,12.05,5.1,,26.7,26.7,26.5,26.9,26.6,,,,,,,,,24.7,2006-09-12T12:00:00,,,,21.2,2006-09-12T22:00:00,,,,,,,,,,,,,,,,,,,,,,,,,96,2006-09-12T03:00:00,,,,,,,,,,,,,,,,,,,,,,,,,,,,,,,,,27.6,,,,,,,,,,,,,,,,,,,,,,,,,,,,,,,,,,,,,,,,,,,,,,,,,,,,,,,,,,,,,,,,,,,,,,,,,,,,,,,,,,,,,,,3.2,2006-09-12T16:00:00,,,,,,,,,,,,,,,,,,,,,,,,,,,,,,,,,,,,,,,,,,,,,,,,,,,,,,,,,,,,,,,,,,,,,,,,,,,,,,
2006-09-13,984.3,,985.4,2006-09-13T09:00:00,983.1,2006-09-13T15:00:00,25.9,31.7,2006-09-13T12:00:00,22.1,2006-09-13T04:00:00,22.8,84,66,2006-09-13T10:00:00,1.5,270.0,6.6,135.0,2006-09-13T14:00:00,0.0,,,,,6.9,11.81,1.9,,27.6,27.6,27.4,27.2,27.3,,,,,,,,,24.7,2006-09-13T12:00:00,,,,21.0,2006-09-13T05:00:00,,,,,,,,,,,,,,,,,,,,,,,,,96,2006-09-13T23:59:59,,,,,,,,,,,,,,,,,,,,,,,,,,,,,,,,,27.4,,,,,,,,,,,,,,,,,,,,,,,,,,,,,,,,,,,,,,,,,,,,,,,,,,,,,,,,,,,,,,,,,,,,,,,,,,,,,,,,,,,,,,,2.9,2006-09-13T13:00:00,,,,,,,,,,,,,,,,,,,,,,,,,,,,,,,,,,,,,,,,,,,,,,,,,,,,,,,,,,,,,,,,,,,,,,,,,,,,,,
2006-09-14,981.6,,983.7,2006-09-14T01:00:00,979.0,2006-09-14T15:00:00,26.1,32.2,2006-09-14T13:00:00,22.2,2006-09-14T06:00:00,22.9,84,63,2006-09-14T13:00:00,1.5,270.0,7.2,270.0,2006-09-14T17:00:00,2.5,,,,,6.6,12.08,2.9,,28.0,28.0,27.9,27.5,27.7,,,,,,,,,25.0,2006-09-14T12:00:00,,,,21.2,2006-09-14T05:00:00,,,,,,,,,,,,,,,,,,,,,,,,,96,2006-09-14T06:00:00,,,,,,,,,,,,,,,,,,,,,,,,,,,,,,,,,27.4,,,,,,,,,,,,,,,,,,,,,,,,,,,,,,,,,,,,,,,,,,,,,,,,,,,,,,,,,,,,,,,,,,,,,,,,,,,,,,,,,,,,,,,2.5,2006-09-14T10:00:00,,,,,,,,,,,,,,,,,,,,,,,,,,,,,,,,,,,,,,,,,,,,,,,,,,,,,,,,,,,,,,,,,,,,,,,,,,,,,,
2006-09-15,975.8,,979.4,2006-09-15T01:00:00,972.9,2006-09-15T23:00:00,25.2,29.7,2006-09-15T11:00:00,22.7,2006-09-15T06:00:00,22.0,83,63,2006-09-15T11:00:00,1.8,270.0,11.8,67.5,2006-09-15T12:00:00,2.5,,,,,1.6,7.68,1.3,,27.7,27.7,27.8,27.7,27.8,,,,,,,,,23.8,2006-09-15T16:00:00,,,,19.6,2006-09-15T06:00:00,,,,,,,,,,,,,,,,,,,,,,,,,97,2006-09-15T16:00:00,,,,,,,,,,,,,,,,,,,,,,,,,,,,,,,,,27.5,,,,,,,,,,,,,,,,,,,,,,,,,,,,,,,,,,,,,,,,,,,,,,,,,,,,,,,,,,,,,,,,,,,,,,,,,,,,,,,,,,,,,,,2.9,2006-09-15T11:00:00,,,,,,,,,,,,,,,,,,,,,,,,,,,,,,,,,,,,,,,,,,,,,,,,,,,,,,,,,,,,,,,,,,,,,,,,,,,,,,
2006-09-16,974.7,,980.2,2006-09-16T22:00:00,970.8,2006-09-16T04:00:00,27.5,34.5,2006-09-16T10:00:00,23.4,2006-09-16T05:00:00,23.5,80,42,2006-09-16T09:00:00,2.0,270.0,15.1,292.5,2006-09-16T09:00:00,4.5,,,,,8.0,14.22,4.3,,28.1,28.1,27.9,27.7,27.8,,,,,,,,,25.1,2006-09-16T19:00:00,,,,19.4,2006-09-16T09:00:00,,,,,,,,,,,,,,,,,,,,,,,,,97,2006-09-16T21:00:00,,,,,,,,,,,,,,,,,,,,,,,,,,,,,,,,,27.6,,,,,,,,,,,,,,,,,,,,,,,,,,,,,,,,,,,,,,,,,,,,,,,,,,,,,,,,,,,,,,,,,,,,,,,,,,,,,,,,,,,,,,,5.3,2006-09-16T09:00:00,,,,,,,,,,,,,,,,,,,,,,,,,,,,,,,,,,,,,,,,,,,,,,,,,,,,,,,,,,,,,,,,,,,,,,,,,,,,,,
2006-09-17,980.7,,983.5,2006-09-17T22:00:00,978.4,2006-09-17T03:00:00,23.6,25.7,2006-09-17T02:00:00,21.6,2006-09-17T23:59:59,22.7,95,87,2006-09-17T23:00:00,1.2,247.5,5.4,90.0,2006-09-17T10:00:00,17.0,,,,,0.0,1.93,0.2,,27.8,27.9,28.0,27.9,28.0,,,,,,,,,24.5,2006-09-17T08:00:00,,,,19.7,2006-09-17T23:00:00,,,,,,,,,,,,,,,,,,,,,,,,,99,2006-09-17T07:00:00,,,,,,,,,,,,,,,,,,,,,,,,,,,,,,,,,27.7,,,,,,,,,,,,,,,,,,,,,,,,,,,,,,,,,,,,,,,,,,,,,,,,,,,,,,,,,,,,,,,,,,,,,,,,,,,,,,,,,,,,,,,3.0,2006-09-17T09:00:00,,,,,,,,,,,,,,,,,,,,,,,,,,,,,,,,,,,,,,,,,,,,,,,,,,,,,,,,,,,,,,,,,,,,,,,,,,,,,,
2006-09-18,983.6,,985.1,2006-09-18T22:00:00,982.3,2006-09-18T03:00:00,22.9,26.9,2006-09-18T14:00:00,20.1,2006-09-18T07:00:00,18.5,77,58,2006-09-18T14:00:00,1.4,247.5,6.4,45.0,2006-09-18T11:00:00,0.0,,,,,0.4,8.25,2.6,,27.0,27.0,27.2,27.6,27.4,,,,,,,,,20.1,2006-09-18T03:00:00,,,,17.2,2006-09-18T07:00:00,,,,,,,,,,,,,,,,,,,,,,,,,96,2006-09-18T03:00:00,,,,,,,,,,,,,,,,,,,,,,,,,,,,,,,,,27.7,,,,,,,,,,,,,,,,,,,,,,,,,,,,,,,,,,,,,,,,,,,,,,,,,,,,,,,,,,,,,,,,,,,,,,,,,,,,,,,,,,,,,,,3.0,2006-09-18T10:00:00,,,,,,,,,,,,,,,,,,,,,,,,,,,,,,,,,,,,,,,,,,,,,,,,,,,,,,,,,,,,,,,,,,,,,,,,,,,,,,
2006-09-19,984.9,,986.4,2006-09-19T21:00:00,983.7,2006-09-19T16:00:00,22.7,26.2,2006-09-19T11:00:00,20.0,2006-09-19T05:00:00,19.2,81,68,2006-09-19T11:00:00,1.2,247.5,5.1,360.0,2006-09-19T09:00:00,0.0,,,,,0.4,5.6,1.7,,26.6,26.7,26.9,27.4,27.1,,,,,,,,,20.6,2006-09-19T13:00:00,,,,18.4,2006-09-19T03:00:00,,,,,,,,,,,,,,,,,,,,,,,,,92,2006-09-19T06:00:00,,,,,,,,,,,,,,,,,,,,,,,,,,,,,,,,,27.5,,,,,,,,,,,,,,,,,,,,,,,,,,,,,,,,,,,,,,,,,,,,,,,,,,,,,,,,,,,,,,,,,,,,,,,,,,,,,,,,,,,,,,,2.3,2006-09-19T09:00:00,,,,,,,,,,,,,,,,,,,,,,,,,,,,,,,,,,,,,,,,,,,,,,,,,,,,,,,,,,,,,,,,,,,,,,,,,,,,,,
2006-09-20,984.4,,985.3,2006-09-20T01:00:00,983.0,2006-09-20T15:00:00,23.6,28.1,2006-09-20T11:00:00,19.5,2006-09-20T06:00:00,20.4,83,66,2006-09-20T13:00:00,1.2,247.5,4.9,112.5,2006-09-20T12:00:00,0.0,,,,,3.2,8.3,1.9,,26.5,26.6,26.7,27.1,26.9,,,,,,,,,22.0,2006-09-20T16:00:00,,,,18.4,2006-09-20T05:00:00,,,,,,,,,,,,,,,,,,,,,,,,,93,2006-09-20T23:59:59,,,,,,,,,,,,,,,,,,,,,,,,,,,,,,,,,27.4,,,,,,,,,,,,,,,,,,,,,,,,,,,,,,,,,,,,,,,,,,,,,,,,,,,,,,,,,,,,,,,,,,,,,,,,,,,,,,,,,,,,,,,2.0,2006-09-20T09:00:00,,,,,,,,,,,,,,,,,,,,,,,,,,,,,,,,,,,,,,,,,,,,,,,,,,,,,,,,,,,,,,,,,,,,,,,,,,,,,,
2006-09-21,983.7,,984.9,2006-09-21T09:00:00,982.4,2006-09-21T15:00:00,23.2,26.4,2006-09-21T14:00:00,21.5,2006-09-21T07:00:00,22.1,94,82,2006-09-21T13:00:00,1.0,247.5,4.0,67.5,2006-09-21T11:00:00,3.0,,,,,0.0,4.81,0.0,,26.6,26.6,26.7,27.0,26.9,,,,,,,,,23.1,2006-09-21T17:00:00,,,,20.7,2006-09-21T07:00:00,,,,,,,,,,,,,,,,,,,,,,,,,98,2006-09-21T03:00:00,,,,,,,,,,,,,,,,,,,,,,,,,,,,,,,,,27.3,,,,,,,,,,,,,,,,,,,,,,,,,,,,,,,,,,,,,,,,,,,,,,,,,,,,,,,,,,,,,,,,,,,,,,,,,,,,,,,,,,,,,,,2.0,2006-09-21T11:00:00,,,,,,,,,,,,,,,,,,,,,,,,,,,,,,,,,,,,,,,,,,,,,,,,,,,,,,,,,,,,,,,,,,,,,,,,,,,,,,
2006-09-22,984.2,,985.8,2006-09-22T21:00:00,982.8,2006-09-22T15:00:00,24.3,30.1,2006-09-22T14:00:00,21.7,2006-09-22T06:00:00,22.1,89,64,2006-09-22T13:00:00,1.6,45.0,8.7,22.5,2006-09-22T09:00:00,16.0,,,,,4.8,11.5,1.8,,27.0,27.0,26.9,27.0,26.9,,,,,,,,,23.6,2006-09-22T15:00:00,,,,21.2,2006-09-22T06:00:00,,,,,,,,,,,,,,,,,,,,,,,,,99,2006-09-22T20:00:00,,,,,,,,,,,,,,,,,,,,,,,,,,,,,,,,,27.2,,,,,,,,,,,,,,,,,,,,,,,,,,,,,,,,,,,,,,,,,,,,,,,,,,,,,,,,,,,,,,,,,,,,,,,,,,,,,,,,,,,,,,,3.7,2006-09-22T09:00:00,,,,,,,,,,,,,,,,,,,,,,,,,,,,,,,,,,,,,,,,,,,,,,,,,,,,,,,,,,,,,,,,,,,,,,,,,,,,,,
2006-09-23,985.0,,986.3,2006-09-23T10:00:00,983.7,2006-09-23T04:00:00,22.7,26.0,2006-09-23T10:00:00,21.3,2006-09-23T21:00:00,21.4,93,82,2006-09-23T10:00:00,1.4,270.0,6.2,292.5,2006-09-23T16:00:00,1.5,,,,,0.0,4.1,0.5,,26.8,26.8,26.9,27.1,27.0,,,,,,,,,23.8,2006-09-23T12:00:00,,,,20.2,2006-09-23T16:00:00,,,,,,,,,,,,,,,,,,,,,,,,,99,2006-09-23T01:00:00,,,,,,,,,,,,,,,,,,,,,,,,,,,,,,,,,27.2,,,,,,,,,,,,,,,,,,,,,,,,,,,,,,,,,,,,,,,,,,,,,,,,,,,,,,,,,,,,,,,,,,,,,,,,,,,,,,,,,,,,,,,2.7,2006-09-23T16:00:00,,,,,,,,,,,,,,,,,,,,,,,,,,,,,,,,,,,,,,,,,,,,,,,,,,,,,,,,,,,,,,,,,,,,,,,,,,,,,,
2006-09-24,985.2,,986.5,2006-09-24T10:00:00,983.5,2006-09-24T15:00:00,24.4,28.9,2006-09-24T15:00:00,20.9,2006-09-24T05:00:00,20.6,80,65,2006-09-24T13:00:00,1.4,45.0,6.3,360.0,2006-09-24T23:00:00,0.0,,,,,0.9,8.1,2.0,,26.6,26.6,26.7,26.9,26.8,,,,,,,,,21.4,2006-09-24T08:00:00,,,,19.3,2006-09-24T18:00:00,,,,,,,,,,,,,,,,,,,,,,,,,96,2006-09-24T05:00:00,,,,,,,,,,,,,,,,,,,,,,,,,,,,,,,,,27.1,,,,,,,,,,,,,,,,,,,,,,,,,,,,,,,,,,,,,,,,,,,,,,,,,,,,,,,,,,,,,,,,,,,,,,,,,,,,,,,,,,,,,,,2.5,2006-09-24T10:00:00,,,,,,,,,,,,,,,,,,,,,,,,,,,,,,,,,,,,,,,,,,,,,,,,,,,,,,,,,,,,,,,,,,,,,,,,,,,,,,
2006-09-25,984.8,,986.0,2006-09-25T01:00:00,983.5,2006-09-25T15:00:00,23.8,27.9,2006-09-25T12:00:00,21.3,2006-09-25T23:00:00,20.9,84,74,2006-09-25T14:00:00,1.6,45.0,7.9,67.5,2006-09-25T11:00:00,0.5,,,,,2.0,8.11,2.8,,26.9,26.9,26.9,26.9,26.9,,,,,,,,,22.4,2006-09-25T13:00:00,,,,20.0,2006-09-25T18:00:00,,,,,,,,,,,,,,,,,,,,,,,,,98,2006-09-25T23:00:00,,,,,,,,,,,,,,,,,,,,,,,,,,,,,,,,,27.1,,,,,,,,,,,,,,,,,,,,,,,,,,,,,,,,,,,,,,,,,,,,,,,,,,,,,,,,,,,,,,,,,,,,,,,,,,,,,,,,,,,,,,,2.7,2006-09-25T09:00:00,,,,,,,,,,,,,,,,,,,,,,,,,,,,,,,,,,,,,,,,,,,,,,,,,,,,,,,,,,,,,,,,,,,,,,,,,,,,,,
2006-09-26,983.3,,984.8,2006-09-26T09:00:00,981.8,2006-09-26T15:00:00,22.4,25.6,2006-09-26T11:00:00,21.0,2006-09-26T02:00:00,20.6,90,77,2006-09-26T11:00:00,1.2,270.0,4.7,67.5,2006-09-26T08:00:00,0.5,,,,,0.1,3.7,0.0,,26.5,26.5,26.7,26.9,26.8,,,,,,,,,22.1,2006-09-26T10:00:00,,,,19.7,2006-09-26T19:00:00,,,,,,,,,,,,,,,,,,,,,,,,,97,2006-09-26T16:00:00,,,,,,,,,,,,,,,,,,,,,,,,,,,,,,,,,27.0,,,,,,,,,,,,,,,,,,,,,,,,,,,,,,,,,,,,,,,,,,,,,,,,,,,,,,,,,,,,,,,,,,,,,,,,,,,,,,,,,,,,,,,2.1,2006-09-26T10:00:00,,,,,,,,,,,,,,,,,,,,,,,,,,,,,,,,,,,,,,,,,,,,,,,,,,,,,,,,,,,,,,,,,,,,,,,,,,,,,,
2006-09-27,983.4,,985.6,2006-09-27T22:00:00,981.5,2006-09-27T15:00:00,23.2,28.4,2006-09-27T12:00:00,19.3,2006-09-27T06:00:00,19.7,82,60,2006-09-27T11:00:00,1.5,247.5,6.7,90.0,2006-09-27T13:00:00,0.0,,,,,4.5,9.68,3.4,,26.3,26.3,26.4,26.7,26.5,,,,,,,,,21.6,2006-09-27T12:00:00,,,,17.8,2006-09-27T23:59:59,,,,,,,,,,,,,,,,,,,,,,,,,96,2006-09-27T04:00:00,,,,,,,,,,,,,,,,,,,,,,,,,,,,,,,,,27.0,,,,,,,,,,,,,,,,,,,,,,,,,,,,,,,,,,,,,,,,,,,,,,,,,,,,,,,,,,,,,,,,,,,,,,,,,,,,,,,,,,,,,,,3.1,2006-09-27T10:00:00,,,,,,,,,,,,,,,,,,,,,,,,,,,,,,,,,,,,,,,,,,,,,,,,,,,,,,,,,,,,,,,,,,,,,,,,,,,,,,
2006-09-28,984.0,,985.3,2006-09-28T21:00:00,982.5,2006-09-28T14:00:00,23.6,29.6,2006-09-28T12:00:00,17.6,2006-09-28T06:00:00,18.3,74,50,2006-09-28T11:00:00,1.8,247.5,7.1,22.5,2006-09-28T20:00:00,0.0,,,,,9.1,13.86,4.0,,26.3,26.3,26.4,26.7,26.5,,,,,,,,,21.4,2006-09-28T17:00:00,,,,15.1,2006-09-28T08:00:00,,,,,,,,,,,,,,,,,,,,,,,,,92,2006-09-28T03:00:00,,,,,,,,,,,,,,,,,,,,,,,,,,,,,,,,,26.9,,,,,,,,,,,,,,,,,,,,,,,,,,,,,,,,,,,,,,,,,,,,,,,,,,,,,,,,,,,,,,,,,,,,,,,,,,,,,,,,,,,,,,,3.5,2006-09-28T14:00:00,,,,,,,,,,,,,,,,,,,,,,,,,,,,,,,,,,,,,,,,,,,,,,,,,,,,,,,,,,,,,,,,,,,,,,,,,,,,,,
2006-09-29,984.5,,985.8,2006-09-29T08:00:00,983.3,2006-09-29T16:00:00,24.5,28.9,2006-09-29T11:00:00,20.5,2006-09-29T02:00:00,20.3,78,63,2006-09-29T11:00:00,1.3,247.5,6.9,67.5,2006-09-29T11:00:00,0.0,,,,,1.0,7.24,1.9,,26.3,26.4,26.4,26.7,26.5,,,,,,,,,23.7,2006-09-29T14:00:00,,,,16.2,2006-09-29T06:00:00,,,,,,,,,,,,,,,,,,,,,,,,,91,2006-09-29T18:00:00,,,,,,,,,,,,,,,,,,,,,,,,,,,,,,,,,26.8,,,,,,,,,,,,,,,,,,,,,,,,,,,,,,,,,,,,,,,,,,,,,,,,,,,,,,,,,,,,,,,,,,,,,,,,,,,,,,,,,,,,,,,2.9,2006-09-29T15:00:00,,,,,,,,,,,,,,,,,,,,,,,,,,,,,,,,,,,,,,,,,,,,,,,,,,,,,,,,,,,,,,,,,,,,,,,,,,,,,,
2006-09-30,984.2,,985.6,2006-09-30T08:00:00,982.1,2006-09-30T15:00:00,24.4,29.0,2006-09-30T11:00:00,22.5,2006-09-30T21:00:00,22.8,91,80,2006-09-30T11:00:00,1.4,112.5,5.8,315.0,2006-09-30T05:00:00,1.5,,,,,1.4,5.94,0.5,,26.8,26.8,26.7,26.7,26.7,,,,,,,,,24.8,2006-09-30T10:00:00,,,,21.7,2006-09-30T23:59:59,,,,,,,,,,,,,,,,,,,,,,,,,97,2006-09-30T01:00:00,,,,,,,,,,,,,,,,,,,,,,,,,,,,,,,,,26.8,,,,,,,,,,,,,,,,,,,,,,,,,,,,,,,,,,,,,,,,,,,,,,,,,,,,,,,,,,,,,,,,,,,,,,,,,,,,,,,,,,,,,,,2.7,2006-09-30T09:00:00,,,,,,,,,,,,,,,,,,,,,,,,,,,,,,,,,,,,,,,,,,,,,,,,,,,,,,,,,,,,,,,,,,,,,,,,,,,,,,
2006-10-01,982.8,,984.5,2006-10-01T09:00:00,980.9,2006-10-01T15:00:00,25.3,30.3,2006-10-01T12:00:00,22.1,2006-10-01T02:00:00,22.0,83,60,2006-10-01T12:00:00,1.7,247.5,7.8,67.5,2006-10-01T10:00:00,0.0,,,,,5.4,11.16,3.1,,27.0,27.0,26.9,26.8,26.8,,,,,,,,,23.2,2006-10-01T17:00:00,,,,21.1,2006-10-01T12:00:00,,,,,,,,,,,,,,,,,,,,,,,,,95,2006-10-01T02:00:00,,,,,,,,,,,,,,,,,,,,,,,,,,,,,,,,,26.8,,,,,,,,,,,,,,,,,,,,,,,,,,,,,,,,,,,,,,,,,,,,,,,,,,,,,,,,,,,,,,,,,,,,,,,,,,,,,,,,,,,,,,,3.0,2006-10-01T09:00:00,,,,,,,,,,,,,,,,,,,,,,,,,,,,,,,,,,,,,,,,,,,,,,,,,,,,,,,,,,,,,,,,,,,,,,,,,,,,,,
2006-10-02,981.5,,982.7,2006-10-02T01:00:00,979.6,2006-10-02T15:00:00,26.2,31.8,2006-10-02T13:00:00,21.5,2006-10-02T05:00:00,21.5,76,62,2006-10-02T12:00:00,2.3,45.0,11.3,337.5,2006-10-02T18:00:00,0.0,,,,,8.7,13.41,4.9,,27.3,27.3,27.1,26.9,27.1,,,,,,,,,24.4,2006-10-02T14:00:00,,,,19.8,2006-10-02T06:00:00,,,,,,,,,,,,,,,,,,,,,,,,,91,2006-10-02T03:00:00,,,,,,,,,,,,,,,,,,,,,,,,,,,,,,,,,26.9,,,,,,,,,,,,,,,,,,,,,,,,,,,,,,,,,,,,,,,,,,,,,,,,,,,,,,,,,,,,,,,,,,,,,,,,,,,,,,,,,,,,,,,4.2,2006-10-02T15:00:00,,,,,,,,,,,,,,,,,,,,,,,,,,,,,,,,,,,,,,,,,,,,,,,,,,,,,,,,,,,,,,,,,,,,,,,,,,,,,,
2006-10-03,980.7,,981.8,2006-10-03T09:00:00,979.5,2006-10-03T15:00:00,25.8,30.9,2006-10-03T13:00:00,23.0,2006-10-03T23:59:59,20.6,74,59,2006-10-03T12:00:00,2.2,45.0,9.4,45.0,2006-10-03T14:00:00,0.0,,,,,6.0,10.38,3.9,,27.4,27.4,27.3,27.1,27.3,,,,,,,,,23.0,2006-10-03T13:00:00,,,,18.8,2006-10-03T23:59:59,,,,,,,,,,,,,,,,,,,,,,,,,84,2006-10-03T06:00:00,,,,,,,,,,,,,,,,,,,,,,,,,,,,,,,,,26.9,,,,,,,,,,,,,,,,,,,,,,,,,,,,,,,,,,,,,,,,,,,,,,,,,,,,,,,,,,,,,,,,,,,,,,,,,,,,,,,,,,,,,,,3.8,2006-10-03T09:00:00,,,,,,,,,,,,,,,,,,,,,,,,,,,,,,,,,,,,,,,,,,,,,,,,,,,,,,,,,,,,,,,,,,,,,,,,,,,,,,
2006-10-04,979.1,,980.3,2006-10-04T08:00:00,977.4,2006-10-04T15:00:00,24.3,28.9,2006-10-04T12:00:00,21.8,2006-10-04T05:00:00,19.8,77,54,2006-10-04T12:00:00,1.3,247.5,6.2,67.5,2006-10-04T09:00:00,0.0,,,,,1.8,7.98,2.7,,27.1,27.1,27.1,27.1,27.2,,,,,,,,,21.3,2006-10-04T16:00:00,,,,18.1,2006-10-04T12:00:00,,,,,,,,,,,,,,,,,,,,,,,,,87,2006-10-04T23:59:59,,,,,,,,,,,,,,,,,,,,,,,,,,,,,,,,,27.0,,,,,,,,,,,,,,,,,,,,,,,,,,,,,,,,,,,,,,,,,,,,,,,,,,,,,,,,,,,,,,,,,,,,,,,,,,,,,,,,,,,,,,,2.9,2006-10-04T08:00:00,,,,,,,,,,,,,,,,,,,,,,,,,,,,,,,,,,,,,,,,,,,,,,,,,,,,,,,,,,,,,,,,,,,,,,,,,,,,,,
2006-10-05,980.3,,982.6,2006-10-05T21:00:00,978.6,2006-10-05T14:00:00,23.5,26.9,2006-10-05T10:00:00,20.6,2006-10-05T06:00:00,18.6,75,57,2006-10-05T11:00:00,1.5,247.5,4.9,292.5,2006-10-05T11:00:00,0.0,,,,,2.4,8.14,2.9,,26.8,26.8,26.9,27.1,27.0,,,,,,,,,20.2,2006-10-05T03:00:00,,,,16.6,2006-10-05T11:00:00,,,,,,,,,,,,,,,,,,,,,,,,,90,2006-10-05T02:00:00,,,,,,,,,,,,,,,,,,,,,,,,,,,,,,,,,27.0,,,,,,,,,,,,,,,,,,,,,,,,,,,,,,,,,,,,,,,,,,,,,,,,,,,,,,,,,,,,,,,,,,,,,,,,,,,,,,,,,,,,,,,2.4,2006-10-05T11:00:00,,,,,,,,,,,,,,,,,,,,,,,,,,,,,,,,,,,,,,,,,,,,,,,,,,,,,,,,,,,,,,,,,,,,,,,,,,,,,,
2006-10-06,982.2,,984.1,2006-10-06T22:00:00,980.9,2006-10-06T15:00:00,22.3,26.3,2006-10-06T10:00:00,18.9,2006-10-06T07:00:00,18.7,81,61,2006-10-06T09:00:00,1.3,247.5,4.8,135.0,2006-10-06T11:00:00,0.0,,,,,1.9,4.31,1.9,,26.1,26.1,26.4,26.9,26.6,,,,,,,,,19.7,2006-10-06T13:00:00,,,,17.5,2006-10-06T09:00:00,,,,,,,,,,,,,,,,,,,,,,,,,94,2006-10-06T06:00:00,,,,,,,,,,,,,,,,,,,,,,,,,,,,,,,,,27.0,,,,,,,,,,,,,,,,,,,,,,,,,,,,,,,,,,,,,,,,,,,,,,,,,,,,,,,,,,,,,,,,,,,,,,,,,,,,,,,,,,,,,,,2.0,2006-10-06T05:00:00,,,,,,,,,,,,,,,,,,,,,,,,,,,,,,,,,,,,,,,,,,,,,,,,,,,,,,,,,,,,,,,,,,,,,,,,,,,,,,
2006-10-07,983.2,,985.2,2006-10-07T22:00:00,982.0,2006-10-07T14:00:00,22.7,27.1,2006-10-07T12:00:00,19.6,2006-10-07T23:59:59,18.0,75,64,2006-10-07T12:00:00,1.3,247.5,5.7,180.0,2006-10-07T13:00:00,0.0,,,,,1.5,6.19,2.3,,25.8,25.8,26.0,26.6,26.3,,,,,,,,,20.3,2006-10-07T09:00:00,,,,16.5,2006-10-07T20:00:00,,,,,,,,,,,,,,,,,,,,,,,,,88,2006-10-07T23:59:59,,,,,,,,,,,,,,,,,,,,,,,,,,,,,,,,,26.8,,,,,,,,,,,,,,,,,,,,,,,,,,,,,,,,,,,,,,,,,,,,,,,,,,,,,,,,,,,,,,,,,,,,,,,,,,,,,,,,,,,,,,,2.2,2006-10-07T11:00:00,,,,,,,,,,,,,,,,,,,,,,,,,,,,,,,,,,,,,,,,,,,,,,,,,,,,,,,,,,,,,,,,,,,,,,,,,,,,,,
2006-10-08,985.3,,987.1,2006-10-08T21:00:00,983.6,2006-10-08T15:00:00,23.1,28.7,2006-10-08T12:00:00,18.5,2006-10-08T05:00:00,18.3,76,48,2006-10-08T11:00:00,1.8,247.5,7.1,90.0,2006-10-08T12:00:00,0.0,,,,,7.2,11.41,3.6,,25.7,25.7,25.9,26.4,26.1,,,,,,,,,20.2,2006-10-08T14:00:00,,,,16.2,2006-10-08T11:00:00,,,,,,,,,,,,,,,,,,,,,,,,,92,2006-10-08T04:00:00,,,,,,,,,,,,,,,,,,,,,,,,,,,,,,,,,26.7,,,,,,,,,,,,,,,,,,,,,,,,,,,,,,,,,,,,,,,,,,,,,,,,,,,,,,,,,,,,,,,,,,,,,,,,,,,,,,,,,,,,,,,3.3,2006-10-08T13:00:00,,,,,,,,,,,,,,,,,,,,,,,,,,,,,,,,,,,,,,,,,,,,,,,,,,,,,,,,,,,,,,,,,,,,,,,,,,,,,,
2006-10-09,985.9,,987.0,2006-10-09T09:00:00,984.4,2006-10-09T14:00:00,23.6,29.4,2006-10-09T13:00:00,19.2,2006-10-09T06:00:00,18.7,75,53,2006-10-09T11:00:00,1.5,247.5,8.2,315.0,2006-10-09T12:00:00,0.0,,,,,5.9,10.28,3.5,,25.9,25.9,26.0,26.3,26.1,,,,,,,,,20.1,2006-10-09T17:00:00,,,,17.6,2006-10-09T11:00:00,,,,,,,,,,,,,,,,,,,,,,,,,89,2006-10-09T06:00:00,,,,,,,,,,,,,,,,,,,,,,,,,,,,,,,,,26.6,,,,,,,,,,,,,,,,,,,,,,,,,,,,,,,,,,,,,,,,,,,,,,,,,,,,,,,,,,,,,,,,,,,,,,,,,,,,,,,,,,,,,,,2.9,2006-10-09T13:00:00,,,,,,,,,,,,,,,,,,,,,,,,,,,,,,,,,,,,,,,,,,,,,,,,,,,,,,,,,,,,,,,,,,,,,,,,,,,,,,
2006-10-10,987.0,,988.3,2006-10-10T21:00:00,985.8,2006-10-10T15:00:00,23.2,29.3,2006-10-10T12:00:00,18.9,2006-10-10T06:00:00,20.2,84,62,2006-10-10T09:00:00,1.5,247.5,7.4,112.5,2006-10-10T13:00:00,2.5,,,,,5.7,9.62,2.0,,25.9,25.9,26.0,26.3,26.1,,,,,,,,,22.5,2006-10-10T15:00:00,,,,17.7,2006-10-10T06:00:00,,,,,,,,,,,,,,,,,,,,,,,,,98,2006-10-10T19:00:00,,,,,,,,,,,,,,,,,,,,,,,,,,,,,,,,,26.5,,,,,,,,,,,,,,,,,,,,,,,,,,,,,,,,,,,,,,,,,,,,,,,,,,,,,,,,,,,,,,,,,,,,,,,,,,,,,,,,,,,,,,,3.6,2006-10-10T12:00:00,,,,,,,,,,,,,,,,,,,,,,,,,,,,,,,,,,,,,,,,,,,,,,,,,,,,,,,,,,,,,,,,,,,,,,,,,,,,,,
2006-10-11,987.3,,989.0,2006-10-11T23:00:00,985.8,2006-10-11T14:00:00,24.1,29.6,2006-10-11T12:00:00,20.8,2006-10-11T05:00:00,21.3,85,61,2006-10-11T11:00:00,1.5,247.5,6.7,90.0,2006-10-11T14:00:00,1.0,,,,,3.7,8.85,2.6,,26.2,26.2,26.2,26.3,26.2,,,,,,,,,22.9,2006-10-11T18:00:00,,,,20.2,2006-10-11T01:00:00,,,,,,,,,,,,,,,,,,,,,,,,,97,2006-10-11T18:00:00,,,,,,,,,,,,,,,,,,,,,,,,,,,,,,,,,26.4,,,,,,,,,,,,,,,,,,,,,,,,,,,,,,,,,,,,,,,,,,,,,,,,,,,,,,,,,,,,,,,,,,,,,,,,,,,,,,,,,,,,,,,2.7,2006-10-11T14:00:00,,,,,,,,,,,,,,,,,,,,,,,,,,,,,,,,,,,,,,,,,,,,,,,,,,,,,,,,,,,,,,,,,,,,,,,,,,,,,,
2006-10-12,988.4,,989.7,2006-10-12T23:00:00,986.7,2006-10-12T14:00:00,24.1,29.3,2006-10-12T14:00:00,21.2,2006-10-12T04:00:00,21.2,84,71,2006-10-12T13:00:00,1.4,45.0,8.6,45.0,2006-10-12T20:00:00,0.0,,,,,1.1,6.66,2.2,,26.2,26.2,26.3,26.4,26.3,,,,,,,,,22.9,2006-10-12T13:00:00,,,,20.3,2006-10-12T07:00:00,,,,,,,,,,,,,,,,,,,,,,,,,96,2006-10-12T04:00:00,,,,,,,,,,,,,,,,,,,,,,,,,,,,,,,,,26.4,,,,,,,,,,,,,,,,,,,,,,,,,,,,,,,,,,,,,,,,,,,,,,,,,,,,,,,,,,,,,,,,,,,,,,,,,,,,,,,,,,,,,,,2.6,2006-10-12T14:00:00,,,,,,,,,,,,,,,,,,,,,,,,,,,,,,,,,,,,,,,,,,,,,,,,,,,,,,,,,,,,,,,,,,,,,,,,,,,,,,
2006-10-13,987.7,,989.3,2006-10-13T01:00:00,985.9,2006-10-13T15:00:00,24.6,29.0,2006-10-13T12:00:00,21.6,2006-10-13T06:00:00,20.8,80,60,2006-10-13T11:00:00,1.5,247.5,6.2,45.0,2006-10-13T09:00:00,0.0,,,,,4.0,9.02,2.9,,26.4,26.3,26.3,26.4,26.4,,,,,,,,,22.3,2006-10-13T12:00:00,,,,19.7,2006-10-13T06:00:00,,,,,,,,,,,,,,,,,,,,,,,,,95,2006-10-13T23:00:00,,,,,,,,,,,,,,,,,,,,,,,,,,,,,,,,,26.4,,,,,,,,,,,,,,,,,,,,,,,,,,,,,,,,,,,,,,,,,,,,,,,,,,,,,,,,,,,,,,,,,,,,,,,,,,,,,,,,,,,,,,,3.3,2006-10-13T10:00:00,,,,,,,,,,,,,,,,,,,,,,,,,,,,,,,,,,,,,,,,,,,,,,,,,,,,,,,,,,,,,,,,,,,,,,,,,,,,,,
2006-10-14,985.8,,987.1,2006-10-14T09:00:00,984.1,2006-10-14T15:00:00,23.9,29.3,2006-10-14T12:00:00,20.6,2006-10-14T04:00:00,21.2,86,66,2006-10-14T11:00:00,1.2,247.5,5.2,135.0,2006-10-14T12:00:00,4.0,,,,,4.5,8.33,2.7,,26.2,26.3,26.3,26.4,26.4,,,,,,,,,22.2,2006-10-14T17:00:00,,,,19.9,2006-10-14T04:00:00,,,,,,,,,,,,,,,,,,,,,,,,,99,2006-10-14T23:00:00,,,,,,,,,,,,,,,,,,,,,,,,,,,,,,,,,26.4,,,,,,,,,,,,,,,,,,,,,,,,,,,,,,,,,,,,,,,,,,,,,,,,,,,,,,,,,,,,,,,,,,,,,,,,,,,,,,,,,,,,,,,2.5,2006-10-14T10:00:00,,,,,,,,,,,,,,,,,,,,,,,,,,,,,,,,,,,,,,,,,,,,,,,,,,,,,,,,,,,,,,,,,,,,,,,,,,,,,,
2006-10-15,986.1,,988.2,2006-10-15T22:00:00,984.6,2006-10-15T04:00:00,23.0,27.6,2006-10-15T11:00:00,20.9,2006-10-15T22:00:00,21.1,90,72,2006-10-15T10:00:00,1.5,247.5,7.0,112.5,2006-10-15T14:00:00,6.0,,,,,2.2,5.61,1.2,,26.2,26.2,26.3,26.4,26.4,,,,,,,,,22.5,2006-10-15T11:00:00,,,,19.3,2006-10-15T23:59:59,,,,,,,,,,,,,,,,,,,,,,,,,98,2006-10-15T16:00:00,,,,,,,,,,,,,,,,,,,,,,,,,,,,,,,,,26.4,,,,,,,,,,,,,,,,,,,,,,,,,,,,,,,,,,,,,,,,,,,,,,,,,,,,,,,,,,,,,,,,,,,,,,,,,,,,,,,,,,,,,,,3.1,2006-10-15T12:00:00,,,,,,,,,,,,,,,,,,,,,,,,,,,,,,,,,,,,,,,,,,,,,,,,,,,,,,,,,,,,,,,,,,,,,,,,,,,,,,
2006-10-16,988.0,,989.2,2006-10-16T09:00:00,986.6,2006-10-16T15:00:00,23.4,28.1,2006-10-16T11:00:00,19.6,2006-10-16T06:00:00,20.0,82,66,2006-10-16T11:00:00,1.5,247.5,5.8,112.5,2006-10-16T13:00:00,0.0,,,,,5.1,8.84,2.5,,25.9,25.9,26.0,26.3,26.2,,,,,,,,,21.8,2006-10-16T12:00:00,,,,18.7,2006-10-16T05:00:00,,,,,,,,,,,,,,,,,,,,,,,,,95,2006-10-16T02:00:00,,,,,,,,,,,,,,,,,,,,,,,,,,,,,,,,,26.4,,,,,,,,,,,,,,,,,,,,,,,,,,,,,,,,,,,,,,,,,,,,,,,,,,,,,,,,,,,,,,,,,,,,,,,,,,,,,,,,,,,,,,,2.8,2006-10-16T10:00:00,,,,,,,,,,,,,,,,,,,,,,,,,,,,,,,,,,,,,,,,,,,,,,,,,,,,,,,,,,,,,,,,,,,,,,,,,,,,,,
2006-10-17,988.3,,989.7,2006-10-17T22:00:00,986.6,2006-10-17T15:00:00,22.9,28.5,2006-10-17T12:00:00,19.7,2006-10-17T01:00:00,19.9,84,60,2006-10-17T10:00:00,1.4,247.5,6.4,90.0,2006-10-17T13:00:00,4.5,,,,,3.5,8.56,2.0,,25.8,25.9,26.0,26.2,26.1,,,,,,,,,21.9,2006-10-17T18:00:00,,,,17.7,2006-10-17T04:00:00,,,,,,,,,,,,,,,,,,,,,,,,,98,2006-10-17T19:00:00,,,,,,,,,,,,,,,,,,,,,,,,,,,,,,,,,26.4,,,,,,,,,,,,,,,,,,,,,,,,,,,,,,,,,,,,,,,,,,,,,,,,,,,,,,,,,,,,,,,,,,,,,,,,,,,,,,,,,,,,,,,3.2,2006-10-17T13:00:00,,,,,,,,,,,,,,,,,,,,,,,,,,,,,,,,,,,,,,,,,,,,,,,,,,,,,,,,,,,,,,,,,,,,,,,,,,,,,,
2006-10-18,988.5,,989.8,2006-10-18T21:00:00,986.9,2006-10-18T15:00:00,23.2,28.4,2006-10-18T12:00:00,19.1,2006-10-18T06:00:00,19.6,81,59,2006-10-18T11:00:00,1.6,247.5,7.0,112.5,2006-10-18T13:00:00,0.0,,,,,8.2,11.82,3.5,,25.9,25.9,26.0,26.2,26.1,,,,,,,,,21.3,2006-10-18T12:00:00,,,,18.2,2006-10-18T22:00:00,,,,,,,,,,,,,,,,,,,,,,,,,98,2006-10-18T01:00:00,,,,,,,,,,,,,,,,,,,,,,,,,,,,,,,,,26.3,,,,,,,,,,,,,,,,,,,,,,,,,,,,,,,,,,,,,,,,,,,,,,,,,,,,,,,,,,,,,,,,,,,,,,,,,,,,,,,,,,,,,,,3.1,2006-10-18T13:00:00,,,,,,,,,,,,,,,,,,,,,,,,,,,,,,,,,,,,,,,,,,,,,,,,,,,,,,,,,,,,,,,,,,,,,,,,,,,,,,
2006-10-19,988.4,,989.6,2006-10-19T22:00:00,986.7,2006-10-19T14:00:00,22.9,29.1,2006-10-19T14:00:00,18.1,2006-10-19T04:00:00,18.0,76,47,2006-10-19T11:00:00,1.6,247.5,6.3,112.5,2006-10-19T14:00:00,0.0,,,,,8.8,12.29,3.9,,25.7,25.7,25.8,26.1,26.0,,,,,,,,,20.3,2006-10-19T17:00:00,,,,15.2,2006-10-19T06:00:00,,,,,,,,,,,,,,,,,,,,,,,,,91,2006-10-19T04:00:00,,,,,,,,,,,,,,,,,,,,,,,,,,,,,,,,,26.3,,,,,,,,,,,,,,,,,,,,,,,,,,,,,,,,,,,,,,,,,,,,,,,,,,,,,,,,,,,,,,,,,,,,,,,,,,,,,,,,,,,,,,,3.2,2006-10-19T14:00:00,,,,,,,,,,,,,,,,,,,,,,,,,,,,,,,,,,,,,,,,,,,,,,,,,,,,,,,,,,,,,,,,,,,,,,,,,,,,,,
2006-10-20,988.5,,989.9,2006-10-20T09:00:00,987.0,2006-10-20T14:00:00,23.8,30.2,2006-10-20T13:00:00,18.9,2006-10-20T05:00:00,19.5,77,57,2006-10-20T12:00:00,1.7,247.5,8.3,315.0,2006-10-20T22:00:00,0.0,,,,,7.3,11.11,3.6,,25.6,25.6,25.7,26.0,25.8,,,,,,,,,22.1,2006-10-20T18:00:00,,,,16.5,2006-10-20T06:00:00,,,,,,,,,,,,,,,,,,,,,,,,,91,2006-10-20T19:00:00,,,,,,,,,,,,,,,,,,,,,,,,,,,,,,,,,26.2,,,,,,,,,,,,,,,,,,,,,,,,,,,,,,,,,,,,,,,,,,,,,,,,,,,,,,,,,,,,,,,,,,,,,,,,,,,,,,,,,,,,,,,3.1,2006-10-20T14:00:00,,,,,,,,,,,,,,,,,,,,,,,,,,,,,,,,,,,,,,,,,,,,,,,,,,,,,,,,,,,,,,,,,,,,,,,,,,,,,,
2006-10-21,988.2,,989.8,2006-10-21T09:00:00,986.3,2006-10-21T15:00:00,23.9,28.7,2006-10-21T11:00:00,20.1,2006-10-21T02:00:00,20.5,82,62,2006-10-21T10:00:00,1.5,247.5,6.7,112.5,2006-10-21T12:00:00,0.0,,,,,5.0,9.0,2.7,,25.8,25.8,25.8,26.0,25.9,,,,,,,,,22.1,2006-10-21T15:00:00,,,,18.7,2006-10-21T02:00:00,,,,,,,,,,,,,,,,,,,,,,,,,94,2006-10-21T18:00:00,,,,,,,,,,,,,,,,,,,,,,,,,,,,,,,,,26.2,,,,,,,,,,,,,,,,,,,,,,,,,,,,,,,,,,,,,,,,,,,,,,,,,,,,,,,,,,,,,,,,,,,,,,,,,,,,,,,,,,,,,,,3.1,2006-10-21T13:00:00,,,,,,,,,,,,,,,,,,,,,,,,,,,,,,,,,,,,,,,,,,,,,,,,,,,,,,,,,,,,,,,,,,,,,,,,,,,,,,
2006-10-22,987.1,,988.3,2006-10-22T09:00:00,985.3,2006-10-22T15:00:00,24.9,30.2,2006-10-22T14:00:00,21.8,2006-10-22T01:00:00,20.8,79,60,2006-10-22T13:00:00,1.6,247.5,7.1,112.5,2006-10-22T13:00:00,0.0,,,,,7.6,11.75,4.1,,26.1,26.1,26.0,26.1,26.0,,,,,,,,,21.8,2006-10-22T12:00:00,,,,19.9,2006-10-22T06:00:00,,,,,,,,,,,,,,,,,,,,,,,,,90,2006-10-22T18:00:00,,,,,,,,,,,,,,,,,,,,,,,,,,,,,,,,,26.2,,,,,,,,,,,,,,,,,,,,,,,,,,,,,,,,,,,,,,,,,,,,,,,,,,,,,,,,,,,,,,,,,,,,,,,,,,,,,,,,,,,,,,,2.7,2006-10-22T10:00:00,,,,,,,,,,,,,,,,,,,,,,,,,,,,,,,,,,,,,,,,,,,,,,,,,,,,,,,,,,,,,,,,,,,,,,,,,,,,,,
2006-10-23,988.0,,990.1,2006-10-23T21:00:00,986.3,2006-10-23T03:00:00,24.4,30.2,2006-10-23T13:00:00,20.4,2006-10-23T05:00:00,21.3,84,64,2006-10-23T10:00:00,1.6,112.5,6.9,292.5,2006-10-23T19:00:00,1.0,,,,,6.5,9.73,2.5,,26.2,26.2,26.2,26.2,26.2,,,,,,,,,23.5,2006-10-23T17:00:00,,,,19.6,2006-10-23T06:00:00,,,,,,,,,,,,,,,,,,,,,,,,,96,2006-10-23T03:00:00,,,,,,,,,,,,,,,,,,,,,,,,,,,,,,,,,26.2,,,,,,,,,,,,,,,,,,,,,,,,,,,,,,,,,,,,,,,,,,,,,,,,,,,,,,,,,,,,,,,,,,,,,,,,,,,,,,,,,,,,,,,3.4,2006-10-23T13:00:00,,,,,,,,,,,,,,,,,,,,,,,,,,,,,,,,,,,,,,,,,,,,,,,,,,,,,,,,,,,,,,,,,,,,,,,,,,,,,,
2006-10-24,990.2,,992.0,2006-10-24T22:00:00,988.8,2006-10-24T04:00:00,23.1,27.5,2006-10-24T13:00:00,20.9,2006-10-24T23:59:59,20.3,85,69,2006-10-24T13:00:00,2.1,67.5,13.1,67.5,2006-10-24T12:00:00,10.0,,,,,5.5,9.0,3.4,,26.0,26.0,26.1,26.2,26.2,,,,,,,,,21.7,2006-10-24T05:00:00,,,,18.3,2006-10-24T22:00:00,,,,,,,,,,,,,,,,,,,,,,,,,100,2006-10-24T04:00:00,,,,,,,,,,,,,,,,,,,,,,,,,,,,,,,,,26.2,,,,,,,,,,,,,,,,,,,,,,,,,,,,,,,,,,,,,,,,,,,,,,,,,,,,,,,,,,,,,,,,,,,,,,,,,,,,,,,,,,,,,,,3.9,2006-10-24T11:00:00,,,,,,,,,,,,,,,,,,,,,,,,,,,,,,,,,,,,,,,,,,,,,,,,,,,,,,,,,,,,,,,,,,,,,,,,,,,,,,
2006-10-25,990.2,,991.7,2006-10-25T09:00:00,988.9,2006-10-25T15:00:00,22.8,27.0,2006-10-25T12:00:00,19.3,2006-10-25T05:00:00,18.4,77,66,2006-10-25T11:00:00,2.0,45.0,8.6,67.5,2006-10-25T23:59:59,0.0,,,,,1.4,6.65,2.2,,25.6,25.6,25.8,26.1,25.9,,,,,,,,,19.5,2006-10-25T13:00:00,,,,17.2,2006-10-25T23:59:59,,,,,,,,,,,,,,,,,,,,,,,,,92,2006-10-25T05:00:00,,,,,,,,,,,,,,,,,,,,,,,,,,,,,,,,,26.2,,,,,,,,,,,,,,,,,,,,,,,,,,,,,,,,,,,,,,,,,,,,,,,,,,,,,,,,,,,,,,,,,,,,,,,,,,,,,,,,,,,,,,,3.2,2006-10-25T13:00:00,,,,,,,,,,,,,,,,,,,,,,,,,,,,,,,,,,,,,,,,,,,,,,,,,,,,,,,,,,,,,,,,,,,,,,,,,,,,,,
2006-10-26,989.9,,991.4,2006-10-26T23:00:00,988.6,2006-10-26T14:00:00,23.7,28.7,2006-10-26T12:00:00,18.6,2006-10-26T10:00:00,18.6,73,59,2006-10-26T11:00:00,2.1,67.5,8.9,315.0,2006-10-26T09:00:00,0.0,,,,,4.1,9.14,3.1,,25.5,25.5,25.6,26.0,25.8,,,,,,,,,21.4,2006-10-26T12:00:00,,,,17.0,2006-10-26T01:00:00,,,,,,,,,,,,,,,,,,,,,,,,,81,2006-10-26T19:00:00,,,,,,,,,,,,,,,,,,,,,,,,,,,,,,,,,26.1,,,,,,,,,,,,,,,,,,,,,,,,,,,,,,,,,,,,,,,,,,,,,,,,,,,,,,,,,,,,,,,,,,,,,,,,,,,,,,,,,,,,,,,3.8,2006-10-26T10:00:00,,,,,,,,,,,,,,,,,,,,,,,,,,,,,,,,,,,,,,,,,,,,,,,,,,,,,,,,,,,,,,,,,,,,,,,,,,,,,,
2006-10-27,989.5,,990.9,2006-10-27T09:00:00,987.5,2006-10-27T14:00:00,23.9,29.1,2006-10-27T14:00:00,18.9,2006-10-27T06:00:00,19.2,76,57,2006-10-27T14:00:00,1.7,67.5,7.7,67.5,2006-10-27T01:00:00,0.0,,,,,6.3,9.71,1.7,,25.4,25.4,25.5,25.9,25.7,,,,,,,,,21.5,2006-10-27T16:00:00,,,,17.4,2006-10-27T05:00:00,,,,,,,,,,,,,,,,,,,,,,,,,89,2006-10-27T06:00:00,,,,,,,,,,,,,,,,,,,,,,,,,,,,,,,,,26.1,,,,,,,,,,,,,,,,,,,,,,,,,,,,,,,,,,,,,,,,,,,,,,,,,,,,,,,,,,,,,,,,,,,,,,,,,,,,,,,,,,,,,,,3.5,2006-10-27T09:00:00,,,,,,,,,,,,,,,,,,,,,,,,,,,,,,,,,,,,,,,,,,,,,,,,,,,,,,,,,,,,,,,,,,,,,,,,,,,,,,
2006-10-28,987.5,,989.5,2006-10-28T09:00:00,985.6,2006-10-28T14:00:00,23.7,29.6,2006-10-28T13:00:00,19.4,2006-10-28T06:00:00,19.4,77,63,2006-10-28T11:00:00,1.8,45.0,10.9,67.5,2006-10-28T19:00:00,0.0,,,,,4.8,7.94,2.7,,25.4,25.4,25.5,25.8,25.6,,,,,,,,,22.0,2006-10-28T13:00:00,,,,18.1,2006-10-28T05:00:00,,,,,,,,,,,,,,,,,,,,,,,,,93,2006-10-28T06:00:00,,,,,,,,,,,,,,,,,,,,,,,,,,,,,,,,,26.0,,,,,,,,,,,,,,,,,,,,,,,,,,,,,,,,,,,,,,,,,,,,,,,,,,,,,,,,,,,,,,,,,,,,,,,,,,,,,,,,,,,,,,,3.6,2006-10-28T19:00:00,,,,,,,,,,,,,,,,,,,,,,,,,,,,,,,,,,,,,,,,,,,,,,,,,,,,,,,,,,,,,,,,,,,,,,,,,,,,,,
2006-10-29,985.9,,987.4,2006-10-29T09:00:00,984.0,2006-10-29T14:00:00,24.4,30.4,2006-10-29T14:00:00,19.2,2006-10-29T06:00:00,17.9,69,50,2006-10-29T13:00:00,2.5,67.5,12.2,67.5,2006-10-29T17:00:00,0.0,,,,,7.8,11.54,4.8,,25.4,25.4,25.5,25.7,25.6,,,,,,,,,18.9,2006-10-29T12:00:00,,,,16.6,2006-10-29T07:00:00,,,,,,,,,,,,,,,,,,,,,,,,,88,2006-10-29T02:00:00,,,,,,,,,,,,,,,,,,,,,,,,,,,,,,,,,26.0,,,,,,,,,,,,,,,,,,,,,,,,,,,,,,,,,,,,,,,,,,,,,,,,,,,,,,,,,,,,,,,,,,,,,,,,,,,,,,,,,,,,,,,4.1,2006-10-29T11:00:00,,,,,,,,,,,,,,,,,,,,,,,,,,,,,,,,,,,,,,,,,,,,,,,,,,,,,,,,,,,,,,,,,,,,,,,,,,,,,,
2006-10-30,986.0,,987.7,2006-10-30T22:00:00,984.4,2006-10-30T15:00:00,23.9,28.2,2006-10-30T13:00:00,22.4,2006-10-30T04:00:00,19.7,77,66,2006-10-30T13:00:00,2.4,67.5,10.9,67.5,2006-10-30T06:00:00,0.0,,,,,1.8,6.84,2.5,,25.4,25.4,25.5,25.7,25.6,,,,,,,,,20.5,2006-10-30T13:00:00,,,,18.6,2006-10-30T05:00:00,,,,,,,,,,,,,,,,,,,,,,,,,87,2006-10-30T21:00:00,,,,,,,,,,,,,,,,,,,,,,,,,,,,,,,,,25.9,,,,,,,,,,,,,,,,,,,,,,,,,,,,,,,,,,,,,,,,,,,,,,,,,,,,,,,,,,,,,,,,,,,,,,,,,,,,,,,,,,,,,,,4.2,2006-10-30T11:00:00,,,,,,,,,,,,,,,,,,,,,,,,,,,,,,,,,,,,,,,,,,,,,,,,,,,,,,,,,,,,,,,,,,,,,,,,,,,,,,
2006-10-31,985.8,,987.1,2006-10-31T09:00:00,984.4,2006-10-31T15:00:00,22.6,24.5,2006-10-31T12:00:00,20.9,2006-10-31T20:00:00,20.3,87,77,2006-10-31T07:00:00,1.8,90.0,8.6,90.0,2006-10-31T05:00:00,10.0,,,,,0.0,2.14,0.2,,25.0,25.0,25.2,25.7,25.4,,,,,,,,,22.0,2006-10-31T13:00:00,,,,19.4,2006-10-31T05:00:00,,,,,,,,,,,,,,,,,,,,,,,,,96,2006-10-31T15:00:00,,,,,,,,,,,,,,,,,,,,,,,,,,,,,,,,,25.9,,,,,,,,,,,,,,,,,,,,,,,,,,,,,,,,,,,,,,,,,,,,,,,,,,,,,,,,,,,,,,,,,,,,,,,,,,,,,,,,,,,,,,,3.2,2006-10-31T10:00:00,,,,,,,,,,,,,,,,,,,,,,,,,,,,,,,,,,,,,,,,,,,,,,,,,,,,,,,,,,,,,,,,,,,,,,,,,,,,,,
2006-11-01,985.1,,986.6,2006-11-01T09:00:00,983.1,2006-11-01T15:00:00,21.9,24.6,2006-11-01T14:00:00,20.0,2006-11-01T23:59:59,19.3,85,77,2006-11-01T15:00:00,1.8,90.0,11.2,90.0,2006-11-01T18:00:00,0.5,,,,,0.0,3.33,1.2,,24.5,24.5,24.8,25.4,25.0,,,,,,,,,20.2,2006-11-01T13:00:00,,,,18.0,2006-11-01T22:00:00,,,,,,,,,,,,,,,,,,,,,,,,,92,2006-11-01T07:00:00,,,,,,,,,,,,,,,,,,,,,,,,,,,,,,,,,25.8,,,,,,,,,,,,,,,,,,,,,,,,,,,,,,,,,,,,,,,,,,,,,,,,,,,,,,,,,,,,,,,,,,,,,,,,,,,,,,,,,,,,,,,3.2,2006-11-01T04:00:00,,,,,,,,,,,,,,,,,,,,,,,,,,,,,,,,,,,,,,,,,,,,,,,,,,,,,,,,,,,,,,,,,,,,,,,,,,,,,,
2006-11-02,986.2,,988.0,2006-11-02T22:00:00,984.7,2006-11-02T04:00:00,21.0,23.8,2006-11-02T14:00:00,19.6,2006-11-02T03:00:00,16.4,75,64,2006-11-02T14:00:00,1.9,90.0,8.8,45.0,2006-11-02T16:00:00,0.5,,,,,0.0,3.52,1.3,,23.9,24.0,24.3,25.2,24.7,,,,,,,,,18.2,2006-11-02T01:00:00,,,,15.1,2006-11-02T07:00:00,,,,,,,,,,,,,,,,,,,,,,,,,89,2006-11-02T01:00:00,,,,,,,,,,,,,,,,,,,,,,,,,,,,,,,,,25.7,,,,,,,,,,,,,,,,,,,,,,,,,,,,,,,,,,,,,,,,,,,,,,,,,,,,,,,,,,,,,,,,,,,,,,,,,,,,,,,,,,,,,,,3.1,2006-11-02T11:00:00,,,,,,,,,,,,,,,,,,,,,,,,,,,,,,,,,,,,,,,,,,,,,,,,,,,,,,,,,,,,,,,,,,,,,,,,,,,,,,
2006-11-03,986.7,,988.7,2006-11-03T09:00:00,985.1,2006-11-03T15:00:00,20.5,24.3,2006-11-03T14:00:00,17.8,2006-11-03T04:00:00,18.0,86,68,2006-11-03T14:00:00,1.3,67.5,8.3,360.0,2006-11-03T07:00:00,3.0,,,,,0.0,4.39,0.5,,23.6,23.7,23.9,24.9,24.3,,,,,,,,,18.8,2006-11-03T20:00:00,,,,16.1,2006-11-03T01:00:00,,,,,,,,,,,,,,,,,,,,,,,,,98,2006-11-03T04:00:00,,,,,,,,,,,,,,,,,,,,,,,,,,,,,,,,,25.5,,,,,,,,,,,,,,,,,,,,,,,,,,,,,,,,,,,,,,,,,,,,,,,,,,,,,,,,,,,,,,,,,,,,,,,,,,,,,,,,,,,,,,,2.3,2006-11-03T14:00:00,,,,,,,,,,,,,,,,,,,,,,,,,,,,,,,,,,,,,,,,,,,,,,,,,,,,,,,,,,,,,,,,,,,,,,,,,,,,,,
2006-11-04,986.4,,988.1,2006-11-04T22:00:00,985.1,2006-11-04T15:00:00,21.4,24.7,2006-11-04T13:00:00,19.5,2006-11-04T03:00:00,19.1,87,76,2006-11-04T14:00:00,1.1,90.0,4.9,45.0,2006-11-04T23:59:59,0.5,,,,,0.0,3.91,1.2,,23.9,23.9,24.1,24.7,24.3,,,,,,,,,20.2,2006-11-04T11:00:00,,,,18.6,2006-11-04T04:00:00,,,,,,,,,,,,,,,,,,,,,,,,,96,2006-11-04T05:00:00,,,,,,,,,,,,,,,,,,,,,,,,,,,,,,,,,25.3,,,,,,,,,,,,,,,,,,,,,,,,,,,,,,,,,,,,,,,,,,,,,,,,,,,,,,,,,,,,,,,,,,,,,,,,,,,,,,,,,,,,,,,2.6,2006-11-04T10:00:00,,,,,,,,,,,,,,,,,,,,,,,,,,,,,,,,,,,,,,,,,,,,,,,,,,,,,,,,,,,,,,,,,,,,,,,,,,,,,,
2006-11-05,986.4,,988.4,2006-11-05T09:00:00,984.2,2006-11-05T15:00:00,22.8,27.5,2006-11-05T14:00:00,19.0,2006-11-05T06:00:00,19.1,81,60,2006-11-05T13:00:00,1.5,270.0,6.4,315.0,2006-11-05T06:00:00,0.0,,,,,1.9,6.55,1.4,,24.1,24.1,24.2,24.7,24.3,,,,,,,,,21.1,2006-11-05T17:00:00,,,,17.8,2006-11-05T05:00:00,,,,,,,,,,,,,,,,,,,,,,,,,91,2006-11-05T01:00:00,,,,,,,,,,,,,,,,,,,,,,,,,,,,,,,,,25.2,,,,,,,,,,,,,,,,,,,,,,,,,,,,,,,,,,,,,,,,,,,,,,,,,,,,,,,,,,,,,,,,,,,,,,,,,,,,,,,,,,,,,,,2.2,2006-11-05T09:00:00,,,,,,,,,,,,,,,,,,,,,,,,,,,,,,,,,,,,,,,,,,,,,,,,,,,,,,,,,,,,,,,,,,,,,,,,,,,,,,
2006-11-06,987.9,,989.9,2006-11-06T21:00:00,986.2,2006-11-06T04:00:00,21.8,25.7,2006-11-06T11:00:00,19.7,2006-11-06T23:59:59,18.2,80,64,2006-11-06T23:00:00,1.7,90.0,6.9,90.0,2006-11-06T22:00:00,0.0,,,,,0.4,3.56,1.9,,24.2,24.3,24.4,24.7,24.5,,,,,,,,,19.8,2006-11-06T10:00:00,,,,13.8,2006-11-06T23:00:00,,,,,,,,,,,,,,,,,,,,,,,,,90,2006-11-06T06:00:00,,,,,,,,,,,,,,,,,,,,,,,,,,,,,,,,,25.1,,,,,,,,,,,,,,,,,,,,,,,,,,,,,,,,,,,,,,,,,,,,,,,,,,,,,,,,,,,,,,,,,,,,,,,,,,,,,,,,,,,,,,,3.3,2006-11-06T08:00:00,,,,,,,,,,,,,,,,,,,,,,,,,,,,,,,,,,,,,,,,,,,,,,,,,,,,,,,,,,,,,,,,,,,,,,,,,,,,,,
2006-11-07,991.8,,993.6,2006-11-07T21:00:00,989.7,2006-11-07T04:00:00,20.3,25.2,2006-11-07T12:00:00,16.7,2006-11-07T23:59:59,14.8,71,58,2006-11-07T12:00:00,2.0,67.5,13.4,67.5,2006-11-07T10:00:00,0.0,,,,,2.1,5.77,2.4,,23.5,23.5,23.8,24.6,24.1,,,,,,,,,15.8,2006-11-07T23:00:00,,,,13.3,2006-11-07T04:00:00,,,,,,,,,,,,,,,,,,,,,,,,,93,2006-11-07T23:59:59,,,,,,,,,,,,,,,,,,,,,,,,,,,,,,,,,25.1,,,,,,,,,,,,,,,,,,,,,,,,,,,,,,,,,,,,,,,,,,,,,,,,,,,,,,,,,,,,,,,,,,,,,,,,,,,,,,,,,,,,,,,4.2,2006-11-07T11:00:00,,,,,,,,,,,,,,,,,,,,,,,,,,,,,,,,,,,,,,,,,,,,,,,,,,,,,,,,,,,,,,,,,,,,,,,,,,,,,,
2006-11-08,992.1,,993.0,2006-11-08T09:00:00,991.0,2006-11-08T14:00:00,20.9,26.1,2006-11-08T11:00:00,15.8,2006-11-08T06:00:00,17.1,80,55,2006-11-08T11:00:00,1.6,270.0,5.7,315.0,2006-11-08T01:00:00,0.0,,,,,3.1,6.76,1.9,,21.9,22.4,22.7,24.4,23.8,,,,,,,,,19.6,2006-11-08T16:00:00,,,,15.1,2006-11-08T06:00:00,,,,,,,,,,,,,,,,,,,,,,,,,93,2006-11-08T05:00:00,,,,,,,,,,,,,,,,,,,,,,,,,,,,,,,,,25.0,,,,,,,,,,,,,,,,,,,,,,,,,,,,,,,,,,,,,,,,,,,,,,,,,,,,,,,,,,,,,,,,,,,,,,,,,,,,,,,,,,,,,,,2.8,2006-11-08T09:00:00,,,,,,,,,,,,,,,,,,,,,,,,,,,,,,,,,,,,,,,,,,,,,,,,,,,,,,,,,,,,,,,,,,,,,,,,,,,,,,
2006-11-09,991.6,,993.2,2006-11-09T10:00:00,990.3,2006-11-09T15:00:00,21.7,28.0,2006-11-09T12:00:00,16.8,2006-11-09T06:00:00,18.5,83,58,2006-11-09T11:00:00,1.6,270.0,7.1,135.0,2006-11-09T14:00:00,0.0,,,,,4.9,7.91,1.5,,-99.5,-99.5,-99.5,-99.5,-99.5,,,,,,,,,20.5,2006-11-09T19:00:00,,,,16.1,2006-11-09T06:00:00,,,,,,,,,,,,,,,,,,,,,,,,,96,2006-11-09T23:00:00,,,,,,,,,,,,,,,,,,,,,,,,,,,,,,,,,-99.5,,,,,,,,,,,,,,,,,,,,,,,,,,,,,,,,,,,,,,,,,,,,,,,,,,,,,,,,,,,,,,,,,,,,,,,,,,,,,,,,,,,,,,,2.9,2006-11-09T12:00:00,,,,,,,,,,,,,,,,,,,,,,,,,,,,,,,,,,,,,,,,,,,,,,,,,,,,,,,,,,,,,,,,,,,,,,,,,,,,,,
2006-11-10,988.8,,991.0,2006-11-10T09:00:00,987.2,2006-11-10T15:00:00,21.7,28.6,2006-11-10T12:00:00,17.0,2006-11-10T07:00:00,18.8,85,54,2006-11-10T11:00:00,1.5,270.0,6.9,112.5,2006-11-10T13:00:00,0.0,,,,,5.2,7.0,1.7,,-99.5,-99.5,-99.5,-99.5,-99.5,,,,,,,,,21.1,2006-11-10T17:00:00,,,,16.1,2006-11-10T07:00:00,,,,,,,,,,,,,,,,,,,,,,,,,97,2006-11-10T23:00:00,,,,,,,,,,,,,,,,,,,,,,,,,,,,,,,,,-99.5,,,,,,,,,,,,,,,,,,,,,,,,,,,,,,,,,,,,,,,,,,,,,,,,,,,,,,,,,,,,,,,,,,,,,,,,,,,,,,,,,,,,,,,3.1,2006-11-10T11:00:00,,,,,,,,,,,,,,,,,,,,,,,,,,,,,,,,,,,,,,,,,,,,,,,,,,,,,,,,,,,,,,,,,,,,,,,,,,,,,,
2006-11-11,988.2,,990.4,2006-11-11T20:00:00,986.1,2006-11-11T05:00:00,22.1,28.9,2006-11-11T14:00:00,16.2,2006-11-11T07:00:00,16.7,74,50,2006-11-11T13:00:00,1.9,67.5,9.5,90.0,2006-11-11T18:00:00,0.0,,,,,7.4,9.51,3.7,,-99.5,-99.5,-99.5,-99.5,-99.5,,,,,,,,,18.7,2006-11-11T01:00:00,,,,14.9,2006-11-11T23:00:00,,,,,,,,,,,,,,,,,,,,,,,,,98,2006-11-11T01:00:00,,,,,,,,,,,,,,,,,,,,,,,,,,,,,,,,,-99.5,,,,,,,,,,,,,,,,,,,,,,,,,,,,,,,,,,,,,,,,,,,,,,,,,,,,,,,,,,,,,,,,,,,,,,,,,,,,,,,,,,,,,,,3.8,2006-11-11T18:00:00,,,,,,,,,,,,,,,,,,,,,,,,,,,,,,,,,,,,,,,,,,,,,,,,,,,,,,,,,,,,,,,,,,,,,,,,,,,,,,
2006-11-12,991.1,,993.0,2006-11-12T09:00:00,989.1,2006-11-12T15:00:00,21.1,26.4,2006-11-12T14:00:00,17.0,2006-11-12T23:00:00,13.2,62,38,2006-11-12T12:00:00,2.1,67.5,11.1,22.5,2006-11-12T02:00:00,0.0,,,,,7.5,10.09,4.6,,-99.5,-99.5,-99.5,-99.5,-99.5,,,,,,,,,15.0,2006-11-12T01:00:00,,,,10.2,2006-11-12T12:00:00,,,,,,,,,,,,,,,,,,,,,,,,,83,2006-11-12T23:59:59,,,,,,,,,,,,,,,,,,,,,,,,,,,,,,,,,-99.5,,,,,,,,,,,,,,,,,,,,,,,,,,,,,,,,,,,,,,,,,,,,,,,,,,,,,,,,,,,,,,,,,,,,,,,,,,,,,,,,,,,,,,,3.5,2006-11-12T08:00:00,,,,,,,,,,,,,,,,,,,,,,,,,,,,,,,,,,,,,,,,,,,,,,,,,,,,,,,,,,,,,,,,,,,,,,,,,,,,,,
2006-11-13,989.3,,991.0,2006-11-13T01:00:00,987.8,2006-11-13T15:00:00,20.1,26.5,2006-11-13T12:00:00,14.6,2006-11-13T06:00:00,15.5,76,51,2006-11-13T11:00:00,1.4,270.0,5.5,135.0,2006-11-13T12:00:00,0.0,,,,,3.3,5.79,2.1,,-99.5,-99.5,-99.5,-99.5,-99.5,,,,,,,,,18.0,2006-11-13T16:00:00,,,,11.4,2006-11-13T02:00:00,,,,,,,,,,,,,,,,,,,,,,,,,86,2006-11-13T07:00:00,,,,,,,,,,,,,,,,,,,,,,,,,,,,,,,,,-99.5,,,,,,,,,,,,,,,,,,,,,,,,,,,,,,,,,,,,,,,,,,,,,,,,,,,,,,,,,,,,,,,,,,,,,,,,,,,,,,,,,,,,,,,2.3,2006-11-13T10:00:00,,,,,,,,,,,,,,,,,,,,,,,,,,,,,,,,,,,,,,,,,,,,,,,,,,,,,,,,,,,,,,,,,,,,,,,,,,,,,,
2006-11-14,990.1,,992.7,2006-11-14T22:00:00,988.0,2006-11-14T03:00:00,21.3,25.8,2006-11-14T13:00:00,19.0,2006-11-14T23:00:00,18.2,83,69,2006-11-14T13:00:00,1.4,67.5,7.4,22.5,2006-11-14T20:00:00,0.5,,,,,0.5,4.08,1.0,,-99.5,-99.5,-99.5,-99.5,-99.5,,,,,,,,,19.8,2006-11-14T18:00:00,,,,17.0,2006-11-14T21:00:00,,,,,,,,,,,,,,,,,,,,,,,,,98,2006-11-14T18:00:00,,,,,,,,,,,,,,,,,,,,,,,,,,,,,,,,,-99.5,,,,,,,,,,,,,,,,,,,,,,,,,,,,,,,,,,,,,,,,,,,,,,,,,,,,,,,,,,,,,,,,,,,,,,,,,,,,,,,,,,,,,,,2.4,2006-11-14T21:00:00,,,,,,,,,,,,,,,,,,,,,,,,,,,,,,,,,,,,,,,,,,,,,,,,,,,,,,,,,,,,,,,,,,,,,,,,,,,,,,
2006-11-15,991.5,,993.5,2006-11-15T09:00:00,989.8,2006-11-15T15:00:00,20.4,21.4,2006-11-15T17:00:00,18.7,2006-11-15T04:00:00,17.4,83,73,2006-11-15T13:00:00,1.3,90.0,5.4,22.5,2006-11-15T09:00:00,0.5,,,,,0.0,0.43,0.7,,22.1,22.7,23.2,23.4,24.2,,,,,,,,,18.4,2006-11-15T12:00:00,,,,16.8,2006-11-15T06:00:00,,,,,,,,,,,,,,,,,,,,,,,,,91,2006-11-15T03:00:00,,,,,,,,,,,,,,,,,,,,,,,,,,,,,,,,,23.6,,,,,,,,,,,,,,,,,,,,,,,,,,,,,,,,,,,,,,,,,,,,,,,,,,,,,,,,,,,,,,,,,,,,,,,,,,,,,,,,,,,,,,,2.1,2006-11-15T02:00:00,,,,,,,,,,,,,,,,,,,,,,,,,,,,,,,,,,,,,,,,,,,,,,,,,,,,,,,,,,,,,,,,,,,,,,,,,,,,,,
2006-11-16,988.1,,989.8,2006-11-16T01:00:00,986.3,2006-11-16T14:00:00,21.6,27.6,2006-11-16T12:00:00,18.2,2006-11-16T06:00:00,18.2,82,55,2006-11-16T11:00:00,1.4,270.0,5.5,90.0,2006-11-16T12:00:00,0.0,,,,,4.0,5.68,1.6,,21.8,22.1,22.3,22.9,24.2,,,,,,,,,20.1,2006-11-16T17:00:00,,,,16.7,2006-11-16T05:00:00,,,,,,,,,,,,,,,,,,,,,,,,,91,2006-11-16T23:00:00,,,,,,,,,,,,,,,,,,,,,,,,,,,,,,,,,22.9,,,,,,,,,,,,,,,,,,,,,,,,,,,,,,,,,,,,,,,,,,,,,,,,,,,,,,,,,,,,,,,,,,,,,,,,,,,,,,,,,,,,,,,2.5,2006-11-16T12:00:00,,,,,,,,,,,,,,,,,,,,,,,,,,,,,,,,,,,,,,,,,,,,,,,,,,,,,,,,,,,,,,,,,,,,,,,,,,,,,,
2006-11-17,988.1,,990.1,2006-11-17T10:00:00,986.9,2006-11-17T16:00:00,22.5,28.8,2006-11-17T11:00:00,19.0,2006-11-17T03:00:00,18.4,79,58,2006-11-17T10:00:00,1.4,270.0,5.6,112.5,2006-11-17T11:00:00,0.0,,,,,3.4,6.15,1.8,,22.4,22.6,22.7,23.0,24.4,,,,,,,,,20.2,2006-11-17T16:00:00,,,,17.3,2006-11-17T03:00:00,,,,,,,,,,,,,,,,,,,,,,,,,91,2006-11-17T01:00:00,,,,,,,,,,,,,,,,,,,,,,,,,,,,,,,,,23.3,,,,,,,,,,,,,,,,,,,,,,,,,,,,,,,,,,,,,,,,,,,,,,,,,,,,,,,,,,,,,,,,,,,,,,,,,,,,,,,,,,,,,,,2.5,2006-11-17T13:00:00,,,,,,,,,,,,,,,,,,,,,,,,,,,,,,,,,,,,,,,,,,,,,,,,,,,,,,,,,,,,,,,,,,,,,,,,,,,,,,
2006-11-18,986.4,,988.1,2006-11-18T09:00:00,984.6,2006-11-18T14:00:00,23.3,28.9,2006-11-18T12:00:00,18.7,2006-11-18T07:00:00,19.8,81,60,2006-11-18T10:00:00,1.8,270.0,8.7,112.5,2006-11-18T13:00:00,0.0,,,,,5.3,7.46,0.1,,23.0,23.0,23.0,23.2,24.6,,,,,,,,,21.7,2006-11-18T17:00:00,,,,17.5,2006-11-18T06:00:00,,,,,,,,,,,,,,,,,,,,,,,,,92,2006-11-18T04:00:00,,,,,,,,,,,,,,,,,,,,,,,,,,,,,,,,,23.7,,,,,,,,,,,,,,,,,,,,,,,,,,,,,,,,,,,,,,,,,,,,,,,,,,,,,,,,,,,,,,,,,,,,,,,,,,,,,,,,,,,,,,,4.4,2006-11-18T11:00:00,,,,,,,,,,,,,,,,,,,,,,,,,,,,,,,,,,,,,,,,,,,,,,,,,,,,,,,,,,,,,,,,,,,,,,,,,,,,,,
2006-11-19,986.4,,988.1,2006-11-19T22:00:00,985.1,2006-11-19T04:00:00,23.4,28.3,2006-11-19T11:00:00,20.7,2006-11-19T03:00:00,20.3,84,66,2006-11-19T11:00:00,1.0,270.0,4.7,67.5,2006-11-19T11:00:00,0.0,,,,,2.2,5.05,0.0,,23.8,23.8,23.7,23.6,25.2,,,,,,,,,22.1,2006-11-19T15:00:00,,,,19.1,2006-11-19T08:00:00,,,,,,,,,,,,,,,,,,,,,,,,,92,2006-11-19T23:59:59,,,,,,,,,,,,,,,,,,,,,,,,,,,,,,,,,24.9,,,,,,,,,,,,,,,,,,,,,,,,,,,,,,,,,,,,,,,,,,,,,,,,,,,,,,,,,,,,,,,,,,,,,,,,,,,,,,,,,,,,,,,2.0,2006-11-19T11:00:00,,,,,,,,,,,,,,,,,,,,,,,,,,,,,,,,,,,,,,,,,,,,,,,,,,,,,,,,,,,,,,,,,,,,,,,,,,,,,,
2006-11-20,987.0,,988.5,2006-11-20T09:00:00,985.1,2006-11-20T14:00:00,22.6,26.3,2006-11-20T14:00:00,19.5,2006-11-20T05:00:00,19.1,82,63,2006-11-20T12:00:00,1.1,270.0,6.9,90.0,2006-11-20T11:00:00,0.0,,,,,0.6,4.64,0.2,,23.3,23.5,23.6,23.8,-99.5,,,,,,,,,21.0,2006-11-20T16:00:00,,,,17.2,2006-11-20T08:00:00,,,,,,,,,,,,,,,,,,,,,,,,,91,2006-11-20T19:00:00,,,,,,,,,,,,,,,,,,,,,,,,,,,,,,,,,-99.5,,,,,,,,,,,,,,,,,,,,,,,,,,,,,,,,,,,,,,,,,,,,,,,,,,,,,,,,,,,,,,,,,,,,,,,,,,,,,,,,,,,,,,,2.3,2006-11-20T10:00:00,,,,,,,,,,,,,,,,,,,,,,,,,,,,,,,,,,,,,,,,,,,,,,,,,,,,,,,,,,,,,,,,,,,,,,,,,,,,,,
2006-11-21,985.3,,987.2,2006-11-21T10:00:00,983.3,2006-11-21T15:00:00,22.8,26.3,2006-11-21T14:00:00,20.0,2006-11-21T06:00:00,19.3,81,64,2006-11-21T12:00:00,1.3,270.0,5.0,135.0,2006-11-21T15:00:00,0.0,,,,,1.3,3.15,0.1,,23.9,23.8,23.9,24.0,-99.5,,,,,,,,,19.8,2006-11-21T11:00:00,,,,18.5,2006-11-21T07:00:00,,,,,,,,,,,,,,,,,,,,,,,,,93,2006-11-21T05:00:00,,,,,,,,,,,,,,,,,,,,,,,,,,,,,,,,,-99.5,,,,,,,,,,,,,,,,,,,,,,,,,,,,,,,,,,,,,,,,,,,,,,,,,,,,,,,,,,,,,,,,,,,,,,,,,,,,,,,,,,,,,,,2.0,2006-11-21T10:00:00,,,,,,,,,,,,,,,,,,,,,,,,,,,,,,,,,,,,,,,,,,,,,,,,,,,,,,,,,,,,,,,,,,,,,,,,,,,,,,
2006-11-22,983.7,,985.3,2006-11-22T09:00:00,982.3,2006-11-22T04:00:00,22.5,27.8,2006-11-22T13:00:00,20.1,2006-11-22T11:00:00,20.2,87,63,2006-11-22T12:00:00,1.3,270.0,7.1,180.0,2006-11-22T06:00:00,17.0,,,,,2.3,5.46,0.1,,23.5,23.5,23.6,23.8,-99.5,,,,,,,,,21.3,2006-11-22T16:00:00,,,,19.4,2006-11-22T02:00:00,,,,,,,,,,,,,,,,,,,,,,,,,95,2006-11-22T06:00:00,,,,,,,,,,,,,,,,,,,,,,,,,,,,,,,,,-99.5,,,,,,,,,,,,,,,,,,,,,,,,,,,,,,,,,,,,,,,,,,,,,,,,,,,,,,,,,,,,,,,,,,,,,,,,,,,,,,,,,,,,,,,3.6,2006-11-22T13:00:00,,,,,,,,,,,,,,,,,,,,,,,,,,,,,,,,,,,,,,,,,,,,,,,,,,,,,,,,,,,,,,,,,,,,,,,,,,,,,,
2006-11-23,986.2,,989.2,2006-11-23T22:00:00,983.6,2006-11-23T04:00:00,23.0,28.9,2006-11-23T13:00:00,20.2,2006-11-23T02:00:00,19.7,83,55,2006-11-23T11:00:00,1.1,270.0,6.4,90.0,2006-11-23T10:00:00,0.0,,,,,3.4,6.7,0.4,,22.5,22.4,22.6,22.8,20.6,,,,,,,,,20.5,2006-11-23T15:00:00,,,,18.0,2006-11-23T11:00:00,,,,,,,,,,,,,,,,,,,,,,,,,94,2006-11-23T02:00:00,,,,,,,,,,,,,,,,,,,,,,,,,,,,,,,,,20.4,,,,,,,,,,,,,,,,,,,,,,,,,,,,,,,,,,,,,,,,,,,,,,,,,,,,,,,,,,,,,,,,,,,,,,,,,,,,,,,,,,,,,,,2.6,2006-11-23T13:00:00,,,,,,,,,,,,,,,,,,,,,,,,,,,,,,,,,,,,,,,,,,,,,,,,,,,,,,,,,,,,,,,,,,,,,,,,,,,,,,
2006-11-24,989.1,,990.9,2006-11-24T09:00:00,987.7,2006-11-24T13:00:00,21.9,27.1,2006-11-24T12:00:00,19.0,2006-11-24T03:00:00,18.2,80,60,2006-11-24T11:00:00,1.4,270.0,5.8,90.0,2006-11-24T10:00:00,0.0,,,,,2.8,6.03,1.5,,22.7,22.5,22.6,22.9,22.4,,,,,,,,,20.2,2006-11-24T15:00:00,,,,17.0,2006-11-24T02:00:00,,,,,,,,,,,,,,,,,,,,,,,,,91,2006-11-24T23:59:59,,,,,,,,,,,,,,,,,,,,,,,,,,,,,,,,,22.9,,,,,,,,,,,,,,,,,,,,,,,,,,,,,,,,,,,,,,,,,,,,,,,,,,,,,,,,,,,,,,,,,,,,,,,,,,,,,,,,,,,,,,,3.2,2006-11-24T10:00:00,,,,,,,,,,,,,,,,,,,,,,,,,,,,,,,,,,,,,,,,,,,,,,,,,,,,,,,,,,,,,,,,,,,,,,,,,,,,,,
2006-11-25,986.8,,988.9,2006-11-25T09:00:00,984.9,2006-11-25T15:00:00,22.4,27.5,2006-11-25T13:00:00,18.5,2006-11-25T03:00:00,19.1,83,60,2006-11-25T10:00:00,1.6,270.0,6.9,90.0,2006-11-25T14:00:00,0.0,,,,,3.7,6.42,1.5,,24.0,24.0,24.2,24.2,24.0,,,,,,,,,21.5,2006-11-25T17:00:00,,,,17.0,2006-11-25T06:00:00,,,,,,,,,,,,,,,,,,,,,,,,,93,2006-11-25T03:00:00,,,,,,,,,,,,,,,,,,,,,,,,,,,,,,,,,23.8,,,,,,,,,,,,,,,,,,,,,,,,,,,,,,,,,,,,,,,,,,,,,,,,,,,,,,,,,,,,,,,,,,,,,,,,,,,,,,,,,,,,,,,2.6,2006-11-25T14:00:00,,,,,,,,,,,,,,,,,,,,,,,,,,,,,,,,,,,,,,,,,,,,,,,,,,,,,,,,,,,,,,,,,,,,,,,,,,,,,,
2006-11-26,983.4,,985.7,2006-11-26T09:00:00,980.9,2006-11-26T15:00:00,23.1,28.5,2006-11-26T12:00:00,19.8,2006-11-26T07:00:00,19.8,83,62,2006-11-26T10:00:00,1.5,270.0,9.7,112.5,2006-11-26T13:00:00,0.0,,,,,4.5,6.77,1.8,,23.9,23.7,23.9,23.8,23.5,,,,,,,,,21.8,2006-11-26T16:00:00,,,,17.9,2006-11-26T08:00:00,,,,,,,,,,,,,,,,,,,,,,,,,93,2006-11-26T05:00:00,,,,,,,,,,,,,,,,,,,,,,,,,,,,,,,,,23.6,,,,,,,,,,,,,,,,,,,,,,,,,,,,,,,,,,,,,,,,,,,,,,,,,,,,,,,,,,,,,,,,,,,,,,,,,,,,,,,,,,,,,,,3.9,2006-11-26T13:00:00,,,,,,,,,,,,,,,,,,,,,,,,,,,,,,,,,,,,,,,,,,,,,,,,,,,,,,,,,,,,,,,,,,,,,,,,,,,,,,
2006-11-27,984.0,,987.4,2006-11-27T22:00:00,981.5,2006-11-27T02:00:00,22.8,28.1,2006-11-27T12:00:00,19.8,2006-11-27T23:59:59,19.4,82,60,2006-11-27T11:00:00,1.5,270.0,7.2,90.0,2006-11-27T10:00:00,0.5,,,,,4.3,5.63,1.0,,22.4,22.0,22.4,22.3,21.7,,,,,,,,,21.4,2006-11-27T15:00:00,,,,17.7,2006-11-27T06:00:00,,,,,,,,,,,,,,,,,,,,,,,,,92,2006-11-27T18:00:00,,,,,,,,,,,,,,,,,,,,,,,,,,,,,,,,,22.1,,,,,,,,,,,,,,,,,,,,,,,,,,,,,,,,,,,,,,,,,,,,,,,,,,,,,,,,,,,,,,,,,,,,,,,,,,,,,,,,,,,,,,,3.0,2006-11-27T10:00:00,,,,,,,,,,,,,,,,,,,,,,,,,,,,,,,,,,,,,,,,,,,,,,,,,,,,,,,,,,,,,,,,,,,,,,,,,,,,,,
2006-11-28,987.8,,990.9,2006-11-28T22:00:00,985.8,2006-11-28T04:00:00,21.2,27.1,2006-11-28T13:00:00,18.6,2006-11-28T07:00:00,17.3,79,59,2006-11-28T12:00:00,1.9,90.0,11.4,67.5,2006-11-28T19:00:00,0.0,,,,,4.7,7.2,2.9,,22.9,22.8,22.9,22.9,22.8,,,,,,,,,18.5,2006-11-28T01:00:00,,,,15.8,2006-11-28T19:00:00,,,,,,,,,,,,,,,,,,,,,,,,,94,2006-11-28T01:00:00,,,,,,,,,,,,,,,,,,,,,,,,,,,,,,,,,22.6,,,,,,,,,,,,,,,,,,,,,,,,,,,,,,,,,,,,,,,,,,,,,,,,,,,,,,,,,,,,,,,,,,,,,,,,,,,,,,,,,,,,,,,3.5,2006-11-28T14:00:00,,,,,,,,,,,,,,,,,,,,,,,,,,,,,,,,,,,,,,,,,,,,,,,,,,,,,,,,,,,,,,,,,,,,,,,,,,,,,,
2006-11-29,988.3,,990.4,2006-11-29T08:00:00,986.1,2006-11-29T16:00:00,21.2,27.1,2006-11-29T12:00:00,17.4,2006-11-29T06:00:00,17.5,80,58,2006-11-29T11:00:00,1.5,270.0,7.4,90.0,2006-11-29T10:00:00,0.0,,,,,4.6,7.38,2.2,,23.2,23.4,23.4,23.3,23.1,,,,,,,,,18.8,2006-11-29T14:00:00,,,,16.3,2006-11-29T02:00:00,,,,,,,,,,,,,,,,,,,,,,,,,92,2006-11-29T06:00:00,,,,,,,,,,,,,,,,,,,,,,,,,,,,,,,,,23.0,,,,,,,,,,,,,,,,,,,,,,,,,,,,,,,,,,,,,,,,,,,,,,,,,,,,,,,,,,,,,,,,,,,,,,,,,,,,,,,,,,,,,,,3.6,2006-11-29T09:00:00,,,,,,,,,,,,,,,,,,,,,,,,,,,,,,,,,,,,,,,,,,,,,,,,,,,,,,,,,,,,,,,,,,,,,,,,,,,,,,
2006-11-30,987.7,,988.9,2006-11-30T08:00:00,986.2,2006-11-30T14:00:00,21.4,25.7,2006-11-30T12:00:00,18.5,2006-11-30T04:00:00,16.8,76,63,2006-11-30T11:00:00,2.1,90.0,8.3,90.0,2006-11-30T15:00:00,0.0,,,,,2.3,5.7,2.3,,23.1,23.2,23.3,23.3,23.3,,,,,,,,,18.4,2006-11-30T13:00:00,,,,15.6,2006-11-30T23:59:59,,,,,,,,,,,,,,,,,,,,,,,,,92,2006-11-30T02:00:00,,,,,,,,,,,,,,,,,,,,,,,,,,,,,,,,,23.0,,,,,,,,,,,,,,,,,,,,,,,,,,,,,,,,,,,,,,,,,,,,,,,,,,,,,,,,,,,,,,,,,,,,,,,,,,,,,,,,,,,,,,,3.5,2006-11-30T09:00:00,,,,,,,,,,,,,,,,,,,,,,,,,,,,,,,,,,,,,,,,,,,,,,,,,,,,,,,,,,,,,,,,,,,,,,,,,,,,,,
2006-12-01,986.9,,988.2,2006-12-01T09:00:00,983.9,2006-12-01T14:00:00,21.5,27.0,2006-12-01T14:00:00,16.8,2006-12-01T07:00:00,15.4,70,47,2006-12-01T13:00:00,2.0,67.5,10.6,67.5,2006-12-01T19:00:00,0.0,,,,,6.9,8.96,3.4,,23.4,23.5,23.7,23.7,23.5,,,,,,,,,15.8,2006-12-01T01:00:00,,,,14.1,2006-12-01T14:00:00,,,,,,,,,,,,,,,,,,,,,,,,,89,2006-12-01T04:00:00,,,,,,,,,,,,,,,,,,,,,,,,,,,,,,,,,23.3,,,,,,,,,,,,,,,,,,,,,,,,,,,,,,,,,,,,,,,,,,,,,,,,,,,,,,,,,,,,,,,,,,,,,,,,,,,,,,,,,,,,,,,3.7,2006-12-01T10:00:00,,,,,,,,,,,,,,,,,,,,,,,,,,,,,,,,,,,,,,,,,,,,,,,,,,,,,,,,,,,,,,,,,,,,,,,,,,,,,,
2006-12-02,989.3,,992.0,2006-12-02T23:00:00,987.1,2006-12-02T04:00:00,20.6,25.7,2006-12-02T12:00:00,17.5,2006-12-02T23:59:59,15.0,71,58,2006-12-02T12:00:00,2.9,90.0,14.6,90.0,2006-12-02T21:00:00,0.0,,,,,3.8,6.55,3.4,,21.6,21.5,21.6,21.8,21.7,,,,,,,,,16.2,2006-12-02T11:00:00,,,,13.8,2006-12-02T22:00:00,,,,,,,,,,,,,,,,,,,,,,,,,79,2006-12-02T23:59:59,,,,,,,,,,,,,,,,,,,,,,,,,,,,,,,,,21.3,,,,,,,,,,,,,,,,,,,,,,,,,,,,,,,,,,,,,,,,,,,,,,,,,,,,,,,,,,,,,,,,,,,,,,,,,,,,,,,,,,,,,,,4.3,2006-12-02T15:00:00,,,,,,,,,,,,,,,,,,,,,,,,,,,,,,,,,,,,,,,,,,,,,,,,,,,,,,,,,,,,,,,,,,,,,,,,,,,,,,
2006-12-03,993.1,,994.9,2006-12-03T21:00:00,991.1,2006-12-03T02:00:00,18.0,19.2,2006-12-03T14:00:00,17.3,2006-12-03T07:00:00,13.5,75,69,2006-12-03T13:00:00,2.2,90.0,11.3,45.0,2006-12-03T01:00:00,0.0,,,,,0.0,2.85,1.3,,19.6,19.4,19.6,20.1,20.2,,,,,,,,,14.6,2006-12-03T10:00:00,,,,13.2,2006-12-03T07:00:00,,,,,,,,,,,,,,,,,,,,,,,,,80,2006-12-03T01:00:00,,,,,,,,,,,,,,,,,,,,,,,,,,,,,,,,,19.4,,,,,,,,,,,,,,,,,,,,,,,,,,,,,,,,,,,,,,,,,,,,,,,,,,,,,,,,,,,,,,,,,,,,,,,,,,,,,,,,,,,,,,,3.7,2006-12-03T08:00:00,,,,,,,,,,,,,,,,,,,,,,,,,,,,,,,,,,,,,,,,,,,,,,,,,,,,,,,,,,,,,,,,,,,,,,,,,,,,,,
2006-12-04,994.1,,995.7,2006-12-04T10:00:00,992.0,2006-12-04T15:00:00,20.4,24.8,2006-12-04T14:00:00,17.6,2006-12-04T03:00:00,14.3,69,55,2006-12-04T13:00:00,2.5,90.0,11.7,90.0,2006-12-04T10:00:00,0.0,,,,,1.2,6.25,2.3,,20.3,20.2,20.2,20.0,20.0,,,,,,,,,15.4,2006-12-04T19:00:00,,,,13.3,2006-12-04T06:00:00,,,,,,,,,,,,,,,,,,,,,,,,,80,2006-12-04T23:59:59,,,,,,,,,,,,,,,,,,,,,,,,,,,,,,,,,19.7,,,,,,,,,,,,,,,,,,,,,,,,,,,,,,,,,,,,,,,,,,,,,,,,,,,,,,,,,,,,,,,,,,,,,,,,,,,,,,,,,,,,,,,4.3,2006-12-04T10:00:00,,,,,,,,,,,,,,,,,,,,,,,,,,,,,,,,,,,,,,,,,,,,,,,,,,,,,,,,,,,,,,,,,,,,,,,,,,,,,,
2006-12-05,992.8,,994.4,2006-12-05T01:00:00,991.0,2006-12-05T15:00:00,21.1,26.7,2006-12-05T13:00:00,16.4,2006-12-05T05:00:00,16.4,75,55,2006-12-05T12:00:00,1.4,270.0,5.4,90.0,2006-12-05T10:00:00,0.0,,,,,2.5,6.1,1.9,,21.4,21.2,21.2,21.0,20.8,,,,,,,,,19.0,2006-12-05T16:00:00,,,,14.5,2006-12-05T05:00:00,,,,,,,,,,,,,,,,,,,,,,,,,91,2006-12-05T04:00:00,,,,,,,,,,,,,,,,,,,,,,,,,,,,,,,,,20.8,,,,,,,,,,,,,,,,,,,,,,,,,,,,,,,,,,,,,,,,,,,,,,,,,,,,,,,,,,,,,,,,,,,,,,,,,,,,,,,,,,,,,,,3.0,2006-12-05T10:00:00,,,,,,,,,,,,,,,,,,,,,,,,,,,,,,,,,,,,,,,,,,,,,,,,,,,,,,,,,,,,,,,,,,,,,,,,,,,,,,
2006-12-06,991.4,,993.1,2006-12-06T09:00:00,989.7,2006-12-06T15:00:00,22.2,27.4,2006-12-06T13:00:00,19.1,2006-12-06T05:00:00,16.9,73,53,2006-12-06T11:00:00,1.4,292.5,6.4,135.0,2006-12-06T12:00:00,0.0,,,,,3.3,6.96,2.4,,22.3,22.0,22.2,22.0,21.6,,,,,,,,,18.3,2006-12-06T16:00:00,,,,16.0,2006-12-06T11:00:00,,,,,,,,,,,,,,,,,,,,,,,,,85,2006-12-06T05:00:00,,,,,,,,,,,,,,,,,,,,,,,,,,,,,,,,,21.8,,,,,,,,,,,,,,,,,,,,,,,,,,,,,,,,,,,,,,,,,,,,,,,,,,,,,,,,,,,,,,,,,,,,,,,,,,,,,,,,,,,,,,,3.0,2006-12-06T09:00:00,,,,,,,,,,,,,,,,,,,,,,,,,,,,,,,,,,,,,,,,,,,,,,,,,,,,,,,,,,,,,,,,,,,,,,,,,,,,,,
2006-12-07,989.4,,990.8,2006-12-07T01:00:00,987.2,2006-12-07T15:00:00,23.3,29.6,2006-12-07T13:00:00,19.2,2006-12-07T05:00:00,17.8,73,43,2006-12-07T12:00:00,1.5,270.0,6.4,135.0,2006-12-07T13:00:00,0.0,,,,,5.8,8.49,3.1,,22.4,22.2,22.2,22.1,22.0,,,,,,,,,19.9,2006-12-07T17:00:00,,,,15.5,2006-12-07T12:00:00,,,,,,,,,,,,,,,,,,,,,,,,,85,2006-12-07T05:00:00,,,,,,,,,,,,,,,,,,,,,,,,,,,,,,,,,21.8,,,,,,,,,,,,,,,,,,,,,,,,,,,,,,,,,,,,,,,,,,,,,,,,,,,,,,,,,,,,,,,,,,,,,,,,,,,,,,,,,,,,,,,2.8,2006-12-07T13:00:00,,,,,,,,,,,,,,,,,,,,,,,,,,,,,,,,,,,,,,,,,,,,,,,,,,,,,,,,,,,,,,,,,,,,,,,,,,,,,,
2006-12-08,990.7,,992.3,2006-12-08T09:00:00,988.7,2006-12-08T14:00:00,22.7,27.9,2006-12-08T12:00:00,18.6,2006-12-08T06:00:00,17.7,74,51,2006-12-08T11:00:00,1.6,90.0,6.9,135.0,2006-12-08T20:00:00,0.0,,,,,7.2,8.72,3.1,,22.5,22.3,22.4,22.2,22.0,,,,,,,,,18.9,2006-12-08T01:00:00,,,,16.5,2006-12-08T11:00:00,,,,,,,,,,,,,,,,,,,,,,,,,89,2006-12-08T03:00:00,,,,,,,,,,,,,,,,,,,,,,,,,,,,,,,,,22.0,,,,,,,,,,,,,,,,,,,,,,,,,,,,,,,,,,,,,,,,,,,,,,,,,,,,,,,,,,,,,,,,,,,,,,,,,,,,,,,,,,,,,,,3.3,2006-12-08T12:00:00,,,,,,,,,,,,,,,,,,,,,,,,,,,,,,,,,,,,,,,,,,,,,,,,,,,,,,,,,,,,,,,,,,,,,,,,,,,,,,
2006-12-09,992.4,,994.3,2006-12-09T22:00:00,990.3,2006-12-09T14:00:00,21.2,26.4,2006-12-09T13:00:00,17.4,2006-12-09T07:00:00,16.5,75,57,2006-12-09T13:00:00,1.9,90.0,11.4,67.5,2006-12-09T20:00:00,0.0,,,,,2.2,5.85,2.2,,22.4,22.3,22.4,22.4,22.2,,,,,,,,,18.4,2006-12-09T15:00:00,,,,15.2,2006-12-09T06:00:00,,,,,,,,,,,,,,,,,,,,,,,,,88,2006-12-09T05:00:00,,,,,,,,,,,,,,,,,,,,,,,,,,,,,,,,,22.0,,,,,,,,,,,,,,,,,,,,,,,,,,,,,,,,,,,,,,,,,,,,,,,,,,,,,,,,,,,,,,,,,,,,,,,,,,,,,,,,,,,,,,,3.1,2006-12-09T11:00:00,,,,,,,,,,,,,,,,,,,,,,,,,,,,,,,,,,,,,,,,,,,,,,,,,,,,,,,,,,,,,,,,,,,,,,,,,,,,,,
2006-12-10,992.9,,994.7,2006-12-10T09:00:00,991.2,2006-12-10T15:00:00,19.8,23.5,2006-12-10T14:00:00,17.9,2006-12-10T22:00:00,15.0,74,61,2006-12-10T14:00:00,2.0,67.5,8.2,22.5,2006-12-10T03:00:00,0.0,,,,,0.0,3.99,1.7,,22.1,22.1,22.3,22.3,22.3,,,,,,,,,15.6,2006-12-10T23:00:00,,,,14.2,2006-12-10T14:00:00,,,,,,,,,,,,,,,,,,,,,,,,,83,2006-12-10T22:00:00,,,,,,,,,,,,,,,,,,,,,,,,,,,,,,,,,21.9,,,,,,,,,,,,,,,,,,,,,,,,,,,,,,,,,,,,,,,,,,,,,,,,,,,,,,,,,,,,,,,,,,,,,,,,,,,,,,,,,,,,,,,3.1,2006-12-10T02:00:00,,,,,,,,,,,,,,,,,,,,,,,,,,,,,,,,,,,,,,,,,,,,,,,,,,,,,,,,,,,,,,,,,,,,,,,,,,,,,,
2006-12-11,991.0,,992.8,2006-12-11T09:00:00,989.0,2006-12-11T14:00:00,20.6,24.3,2006-12-11T13:00:00,18.2,2006-12-11T01:00:00,16.3,77,62,2006-12-11T13:00:00,1.5,270.0,6.2,90.0,2006-12-11T11:00:00,0.0,,,,,0.7,5.09,1.3,,21.9,21.9,22.0,22.2,22.3,,,,,,,,,18.0,2006-12-11T17:00:00,,,,15.0,2006-12-11T02:00:00,,,,,,,,,,,,,,,,,,,,,,,,,87,2006-12-11T23:59:59,,,,,,,,,,,,,,,,,,,,,,,,,,,,,,,,,21.7,,,,,,,,,,,,,,,,,,,,,,,,,,,,,,,,,,,,,,,,,,,,,,,,,,,,,,,,,,,,,,,,,,,,,,,,,,,,,,,,,,,,,,,2.8,2006-12-11T12:00:00,,,,,,,,,,,,,,,,,,,,,,,,,,,,,,,,,,,,,,,,,,,,,,,,,,,,,,,,,,,,,,,,,,,,,,,,,,,,,,
2006-12-12,990.3,,991.7,2006-12-12T09:00:00,988.8,2006-12-12T15:00:00,21.2,25.1,2006-12-12T13:00:00,18.5,2006-12-12T07:00:00,18.3,84,72,2006-12-12T12:00:00,1.1,270.0,4.1,157.5,2006-12-12T14:00:00,0.0,,,,,0.2,3.41,0.2,,22.2,22.1,22.2,22.2,22.3,,,,,,,,,19.8,2006-12-12T16:00:00,,,,16.4,2006-12-12T07:00:00,,,,,,,,,,,,,,,,,,,,,,,,,92,2006-12-12T23:00:00,,,,,,,,,,,,,,,,,,,,,,,,,,,,,,,,,21.8,,,,,,,,,,,,,,,,,,,,,,,,,,,,,,,,,,,,,,,,,,,,,,,,,,,,,,,,,,,,,,,,,,,,,,,,,,,,,,,,,,,,,,,2.0,2006-12-12T10:00:00,,,,,,,,,,,,,,,,,,,,,,,,,,,,,,,,,,,,,,,,,,,,,,,,,,,,,,,,,,,,,,,,,,,,,,,,,,,,,,
2006-12-13,989.6,,991.9,2006-12-13T09:00:00,987.1,2006-12-13T15:00:00,22.5,27.8,2006-12-13T13:00:00,20.4,2006-12-13T04:00:00,19.5,84,60,2006-12-13T13:00:00,1.1,270.0,5.0,90.0,2006-12-13T13:00:00,0.0,,,,,1.2,4.75,1.6,,22.7,22.5,22.5,22.4,22.3,,,,,,,,,20.5,2006-12-13T16:00:00,,,,18.0,2006-12-13T13:00:00,,,,,,,,,,,,,,,,,,,,,,,,,93,2006-12-13T07:00:00,,,,,,,,,,,,,,,,,,,,,,,,,,,,,,,,,22.1,,,,,,,,,,,,,,,,,,,,,,,,,,,,,,,,,,,,,,,,,,,,,,,,,,,,,,,,,,,,,,,,,,,,,,,,,,,,,,,,,,,,,,,2.0,2006-12-13T12:00:00,,,,,,,,,,,,,,,,,,,,,,,,,,,,,,,,,,,,,,,,,,,,,,,,,,,,,,,,,,,,,,,,,,,,,,,,,,,,,,
2006-12-14,988.0,,991.0,2006-12-14T23:00:00,985.8,2006-12-14T03:00:00,21.0,23.9,2006-12-14T10:00:00,18.2,2006-12-14T23:00:00,17.6,81,73,2006-12-14T11:00:00,1.9,90.0,9.0,112.5,2006-12-14T16:00:00,0.5,,,,,0.6,3.76,0.5,,21.9,21.8,21.9,22.6,22.4,,,,,,,,,19.5,2006-12-14T09:00:00,,,,14.7,2006-12-14T23:00:00,,,,,,,,,,,,,,,,,,,,,,,,,93,2006-12-14T06:00:00,,,,,,,,,,,,,,,,,,,,,,,,,,,,,,,,,22.4,,,,,,,,,,,,,,,,,,,,,,,,,,,,,,,,,,,,,,,,,,,,,,,,,,,,,,,,,,,,,,,,,,,,,,,,,,,,,,,,,,,,,,,3.6,2006-12-14T22:00:00,,,,,,,,,,,,,,,,,,,,,,,,,,,,,,,,,,,,,,,,,,,,,,,,,,,,,,,,,,,,,,,,,,,,,,,,,,,,,,
2006-12-15,990.9,,993.0,2006-12-15T21:00:00,988.9,2006-12-15T15:00:00,19.2,22.0,2006-12-15T13:00:00,17.1,2006-12-15T06:00:00,15.7,80,69,2006-12-15T12:00:00,1.6,90.0,5.6,67.5,2006-12-15T01:00:00,0.0,,,,,0.0,3.53,1.1,,22.3,22.3,22.4,22.6,22.5,,,,,,,,,16.3,2006-12-15T18:00:00,,,,14.4,2006-12-15T02:00:00,,,,,,,,,,,,,,,,,,,,,,,,,90,2006-12-15T06:00:00,,,,,,,,,,,,,,,,,,,,,,,,,,,,,,,,,22.1,,,,,,,,,,,,,,,,,,,,,,,,,,,,,,,,,,,,,,,,,,,,,,,,,,,,,,,,,,,,,,,,,,,,,,,,,,,,,,,,,,,,,,,2.4,2006-12-15T13:00:00,,,,,,,,,,,,,,,,,,,,,,,,,,,,,,,,,,,,,,,,,,,,,,,,,,,,,,,,,,,,,,,,,,,,,,,,,,,,,,
2006-12-16,991.7,,994.4,2006-12-16T23:00:00,989.8,2006-12-16T14:00:00,17.5,20.8,2006-12-16T12:00:00,14.3,2006-12-16T22:00:00,14.7,84,72,2006-12-16T15:00:00,1.7,90.0,9.9,90.0,2006-12-16T13:00:00,5.5,,,,,0.0,2.64,1.4,,21.7,21.9,22.1,22.4,22.5,,,,,,,,,16.4,2006-12-16T01:00:00,,,,12.8,2006-12-16T15:00:00,,,,,,,,,,,,,,,,,,,,,,,,,93,2006-12-16T21:00:00,,,,,,,,,,,,,,,,,,,,,,,,,,,,,,,,,21.8,,,,,,,,,,,,,,,,,,,,,,,,,,,,,,,,,,,,,,,,,,,,,,,,,,,,,,,,,,,,,,,,,,,,,,,,,,,,,,,,,,,,,,,3.1,2006-12-16T12:00:00,,,,,,,,,,,,,,,,,,,,,,,,,,,,,,,,,,,,,,,,,,,,,,,,,,,,,,,,,,,,,,,,,,,,,,,,,,,,,,
2006-12-17,996.4,,998.8,2006-12-17T22:00:00,993.9,2006-12-17T04:00:00,13.9,15.4,2006-12-17T10:00:00,11.8,2006-12-17T23:59:59,7.7,67,58,2006-12-17T09:00:00,2.3,360.0,11.1,67.5,2006-12-17T23:00:00,0.0,,,,,0.0,1.36,1.9,,20.1,20.7,21.0,21.9,22.4,,,,,,,,,11.6,2006-12-17T01:00:00,,,,5.0,2006-12-17T23:00:00,,,,,,,,,,,,,,,,,,,,,,,,,88,2006-12-17T01:00:00,,,,,,,,,,,,,,,,,,,,,,,,,,,,,,,,,20.9,,,,,,,,,,,,,,,,,,,,,,,,,,,,,,,,,,,,,,,,,,,,,,,,,,,,,,,,,,,,,,,,,,,,,,,,,,,,,,,,,,,,,,,3.8,2006-12-17T22:00:00,,,,,,,,,,,,,,,,,,,,,,,,,,,,,,,,,,,,,,,,,,,,,,,,,,,,,,,,,,,,,,,,,,,,,,,,,,,,,,
2006-12-18,997.2,,999.8,2006-12-18T09:00:00,994.9,2006-12-18T15:00:00,15.1,19.5,2006-12-18T16:00:00,11.4,2006-12-18T04:00:00,5.5,53,41,2006-12-18T15:00:00,2.3,67.5,10.6,315.0,2006-12-18T01:00:00,0.0,,,,,0.3,4.55,1.6,,18.7,19.3,19.7,21.0,22.1,,,,,,,,,7.8,2006-12-18T23:00:00,,,,3.0,2006-12-18T01:00:00,,,,,,,,,,,,,,,,,,,,,,,,,60,2006-12-18T23:00:00,,,,,,,,,,,,,,,,,,,,,,,,,,,,,,,,,19.6,,,,,,,,,,,,,,,,,,,,,,,,,,,,,,,,,,,,,,,,,,,,,,,,,,,,,,,,,,,,,,,,,,,,,,,,,,,,,,,,,,,,,,,3.4,2006-12-18T09:00:00,,,,,,,,,,,,,,,,,,,,,,,,,,,,,,,,,,,,,,,,,,,,,,,,,,,,,,,,,,,,,,,,,,,,,,,,,,,,,,
2006-12-19,994.9,,996.4,2006-12-19T09:00:00,992.7,2006-12-19T15:00:00,18.3,23.3,2006-12-19T14:00:00,13.4,2006-12-19T03:00:00,10.5,62,47,2006-12-19T01:00:00,1.7,67.5,8.6,90.0,2006-12-19T02:00:00,0.0,,,,,3.5,6.82,1.8,,18.9,19.2,19.5,20.4,21.7,,,,,,,,,13.7,2006-12-19T16:00:00,,,,5.5,2006-12-19T01:00:00,,,,,,,,,,,,,,,,,,,,,,,,,77,2006-12-19T22:00:00,,,,,,,,,,,,,,,,,,,,,,,,,,,,,,,,,19.3,,,,,,,,,,,,,,,,,,,,,,,,,,,,,,,,,,,,,,,,,,,,,,,,,,,,,,,,,,,,,,,,,,,,,,,,,,,,,,,,,,,,,,,3.3,2006-12-19T11:00:00,,,,,,,,,,,,,,,,,,,,,,,,,,,,,,,,,,,,,,,,,,,,,,,,,,,,,,,,,,,,,,,,,,,,,,,,,,,,,,
2006-12-20,992.2,,994.5,2006-12-20T01:00:00,990.2,2006-12-20T23:59:59,19.5,24.7,2006-12-20T13:00:00,15.4,2006-12-20T07:00:00,13.4,69,49,2006-12-20T13:00:00,1.6,67.5,6.7,90.0,2006-12-20T23:59:59,0.0,,,,,3.3,7.09,2.1,,19.6,19.7,19.9,20.4,21.4,,,,,,,,,16.2,2006-12-20T15:00:00,,,,11.2,2006-12-20T10:00:00,,,,,,,,,,,,,,,,,,,,,,,,,82,2006-12-20T21:00:00,,,,,,,,,,,,,,,,,,,,,,,,,,,,,,,,,19.6,,,,,,,,,,,,,,,,,,,,,,,,,,,,,,,,,,,,,,,,,,,,,,,,,,,,,,,,,,,,,,,,,,,,,,,,,,,,,,,,,,,,,,,3.2,2006-12-20T23:59:59,,,,,,,,,,,,,,,,,,,,,,,,,,,,,,,,,,,,,,,,,,,,,,,,,,,,,,,,,,,,,,,,,,,,,,,,,,,,,,
2006-12-21,990.2,,991.5,2006-12-21T09:00:00,988.7,2006-12-21T15:00:00,18.1,20.0,2006-12-21T01:00:00,16.5,2006-12-21T21:00:00,13.4,75,67,2006-12-21T16:00:00,2.4,90.0,10.3,22.5,2006-12-21T23:00:00,0.0,,,,,0.0,3.16,1.5,,19.9,20.0,20.2,20.5,21.3,,,,,,,,,15.0,2006-12-21T07:00:00,,,,11.6,2006-12-21T23:59:59,,,,,,,,,,,,,,,,,,,,,,,,,83,2006-12-21T07:00:00,,,,,,,,,,,,,,,,,,,,,,,,,,,,,,,,,19.9,,,,,,,,,,,,,,,,,,,,,,,,,,,,,,,,,,,,,,,,,,,,,,,,,,,,,,,,,,,,,,,,,,,,,,,,,,,,,,,,,,,,,,,3.5,2006-12-21T08:00:00,,,,,,,,,,,,,,,,,,,,,,,,,,,,,,,,,,,,,,,,,,,,,,,,,,,,,,,,,,,,,,,,,,,,,,,,,,,,,,
2006-12-22,991.9,,993.6,2006-12-22T20:00:00,990.3,2006-12-22T04:00:00,17.1,21.8,2006-12-22T13:00:00,12.4,2006-12-22T23:59:59,8.6,58,44,2006-12-22T13:00:00,2.4,67.5,13.4,360.0,2006-12-22T03:00:00,0.0,,,,,8.2,9.36,4.0,,19.3,19.6,19.9,20.5,21.2,,,,,,,,,11.4,2006-12-22T01:00:00,,,,7.1,2006-12-22T23:59:59,,,,,,,,,,,,,,,,,,,,,,,,,72,2006-12-22T22:00:00,,,,,,,,,,,,,,,,,,,,,,,,,,,,,,,,,19.6,,,,,,,,,,,,,,,,,,,,,,,,,,,,,,,,,,,,,,,,,,,,,,,,,,,,,,,,,,,,,,,,,,,,,,,,,,,,,,,,,,,,,,,3.7,2006-12-22T15:00:00,,,,,,,,,,,,,,,,,,,,,,,,,,,,,,,,,,,,,,,,,,,,,,,,,,,,,,,,,,,,,,,,,,,,,,,,,,,,,,
2006-12-23,991.5,,993.4,2006-12-23T09:00:00,989.2,2006-12-23T14:00:00,17.3,23.4,2006-12-23T14:00:00,10.9,2006-12-23T06:00:00,8.5,58,37,2006-12-23T13:00:00,2.1,67.5,8.6,67.5,2006-12-23T11:00:00,0.0,,,,,5.9,8.17,2.5,,18.3,18.8,19.1,20.1,21.1,,,,,,,,,11.3,2006-12-23T16:00:00,,,,6.4,2006-12-23T11:00:00,,,,,,,,,,,,,,,,,,,,,,,,,76,2006-12-23T06:00:00,,,,,,,,,,,,,,,,,,,,,,,,,,,,,,,,,19.0,,,,,,,,,,,,,,,,,,,,,,,,,,,,,,,,,,,,,,,,,,,,,,,,,,,,,,,,,,,,,,,,,,,,,,,,,,,,,,,,,,,,,,,3.7,2006-12-23T10:00:00,,,,,,,,,,,,,,,,,,,,,,,,,,,,,,,,,,,,,,,,,,,,,,,,,,,,,,,,,,,,,,,,,,,,,,,,,,,,,,
2006-12-24,988.7,,990.6,2006-12-24T08:00:00,986.8,2006-12-24T14:00:00,17.8,22.7,2006-12-24T14:00:00,14.3,2006-12-24T07:00:00,11.4,67,49,2006-12-24T11:00:00,1.5,270.0,5.5,135.0,2006-12-24T13:00:00,0.0,,,,,2.4,6.03,1.6,,18.8,19.0,19.2,19.8,20.9,,,,,,,,,14.2,2006-12-24T17:00:00,,,,7.3,2006-12-24T03:00:00,,,,,,,,,,,,,,,,,,,,,,,,,82,2006-12-24T23:00:00,,,,,,,,,,,,,,,,,,,,,,,,,,,,,,,,,18.9,,,,,,,,,,,,,,,,,,,,,,,,,,,,,,,,,,,,,,,,,,,,,,,,,,,,,,,,,,,,,,,,,,,,,,,,,,,,,,,,,,,,,,,2.6,2006-12-24T11:00:00,,,,,,,,,,,,,,,,,,,,,,,,,,,,,,,,,,,,,,,,,,,,,,,,,,,,,,,,,,,,,,,,,,,,,,,,,,,,,,
2006-12-25,985.9,,987.1,2006-12-25T09:00:00,983.9,2006-12-25T14:00:00,17.6,23.9,2006-12-25T13:00:00,12.7,2006-12-25T05:00:00,12.9,75,49,2006-12-25T10:00:00,1.6,270.0,6.4,112.5,2006-12-25T13:00:00,0.0,,,,,5.5,7.13,1.5,,18.7,19.0,19.2,19.8,20.7,,,,,,,,,15.6,2006-12-25T17:00:00,,,,10.2,2006-12-25T07:00:00,,,,,,,,,,,,,,,,,,,,,,,,,90,2006-12-25T23:00:00,,,,,,,,,,,,,,,,,,,,,,,,,,,,,,,,,19.0,,,,,,,,,,,,,,,,,,,,,,,,,,,,,,,,,,,,,,,,,,,,,,,,,,,,,,,,,,,,,,,,,,,,,,,,,,,,,,,,,,,,,,,3.0,2006-12-25T12:00:00,,,,,,,,,,,,,,,,,,,,,,,,,,,,,,,,,,,,,,,,,,,,,,,,,,,,,,,,,,,,,,,,,,,,,,,,,,,,,,
2006-12-26,987.0,,988.6,2006-12-26T22:00:00,985.1,2006-12-26T14:00:00,18.0,21.9,2006-12-26T11:00:00,14.9,2006-12-26T07:00:00,12.7,73,50,2006-12-26T09:00:00,1.2,270.0,5.0,67.5,2006-12-26T10:00:00,0.0,,,,,1.8,4.79,2.2,,19.1,19.2,19.3,19.8,20.6,,,,,,,,,14.1,2006-12-26T03:00:00,,,,8.3,2006-12-26T09:00:00,,,,,,,,,,,,,,,,,,,,,,,,,89,2006-12-26T06:00:00,,,,,,,,,,,,,,,,,,,,,,,,,,,,,,,,,19.1,,,,,,,,,,,,,,,,,,,,,,,,,,,,,,,,,,,,,,,,,,,,,,,,,,,,,,,,,,,,,,,,,,,,,,,,,,,,,,,,,,,,,,,2.0,2006-12-26T10:00:00,,,,,,,,,,,,,,,,,,,,,,,,,,,,,,,,,,,,,,,,,,,,,,,,,,,,,,,,,,,,,,,,,,,,,,,,,,,,,,
2006-12-27,989.0,,991.1,2006-12-27T22:00:00,987.2,2006-12-27T14:00:00,17.1,22.5,2006-12-27T13:00:00,13.4,2006-12-27T07:00:00,12.5,76,60,2006-12-27T12:00:00,1.7,270.0,6.6,135.0,2006-12-27T13:00:00,0.0,,,,,2.8,5.39,1.4,,18.9,19.1,19.3,19.8,20.6,,,,,,,,,14.1,2006-12-27T18:00:00,,,,10.4,2006-12-27T09:00:00,,,,,,,,,,,,,,,,,,,,,,,,,86,2006-12-27T02:00:00,,,,,,,,,,,,,,,,,,,,,,,,,,,,,,,,,19.0,,,,,,,,,,,,,,,,,,,,,,,,,,,,,,,,,,,,,,,,,,,,,,,,,,,,,,,,,,,,,,,,,,,,,,,,,,,,,,,,,,,,,,,3.0,2006-12-27T13:00:00,,,,,,,,,,,,,,,,,,,,,,,,,,,,,,,,,,,,,,,,,,,,,,,,,,,,,,,,,,,,,,,,,,,,,,,,,,,,,,
2006-12-28,992.4,,995.2,2006-12-28T21:00:00,990.0,2006-12-28T03:00:00,16.4,17.7,2006-12-28T12:00:00,15.1,2006-12-28T23:59:59,11.7,74,70,2006-12-28T12:00:00,1.9,67.5,10.5,67.5,2006-12-28T18:00:00,0.0,,,,,0.0,1.38,1.2,,18.7,19.0,19.2,19.7,20.5,,,,,,,,,12.5,2006-12-28T02:00:00,,,,10.7,2006-12-28T21:00:00,,,,,,,,,,,,,,,,,,,,,,,,,84,2006-12-28T04:00:00,,,,,,,,,,,,,,,,,,,,,,,,,,,,,,,,,19.0,,,,,,,,,,,,,,,,,,,,,,,,,,,,,,,,,,,,,,,,,,,,,,,,,,,,,,,,,,,,,,,,,,,,,,,,,,,,,,,,,,,,,,,3.4,2006-12-28T18:00:00,,,,,,,,,,,,,,,,,,,,,,,,,,,,,,,,,,,,,,,,,,,,,,,,,,,,,,,,,,,,,,,,,,,,,,,,,,,,,,
2006-12-29,996.2,,998.3,2006-12-29T09:00:00,994.2,2006-12-29T15:00:00,14.9,17.7,2006-12-29T13:00:00,12.7,2006-12-29T23:59:59,9.1,69,61,2006-12-29T14:00:00,2.5,67.5,10.9,360.0,2006-12-29T02:00:00,0.0,,,,,0.1,4.37,1.9,,18.3,18.6,18.9,19.5,20.4,,,,,,,,,10.5,2006-12-29T01:00:00,,,,8.1,2006-12-29T23:00:00,,,,,,,,,,,,,,,,,,,,,,,,,76,2006-12-29T01:00:00,,,,,,,,,,,,,,,,,,,,,,,,,,,,,,,,,18.6,,,,,,,,,,,,,,,,,,,,,,,,,,,,,,,,,,,,,,,,,,,,,,,,,,,,,,,,,,,,,,,,,,,,,,,,,,,,,,,,,,,,,,,3.6,2006-12-29T19:00:00,,,,,,,,,,,,,,,,,,,,,,,,,,,,,,,,,,,,,,,,,,,,,,,,,,,,,,,,,,,,,,,,,,,,,,,,,,,,,,
2006-12-30,994.5,,996.2,2006-12-30T09:00:00,992.7,2006-12-30T15:00:00,15.6,18.9,2006-12-30T12:00:00,12.3,2006-12-30T02:00:00,10.2,71,54,2006-12-30T10:00:00,1.8,270.0,7.5,67.5,2006-12-30T02:00:00,0.0,,,,,0.3,3.23,1.1,,17.9,18.2,18.5,19.2,20.3,,,,,,,,,12.6,2006-12-30T21:00:00,,,,8.2,2006-12-30T01:00:00,,,,,,,,,,,,,,,,,,,,,,,,,88,2006-12-30T22:00:00,,,,,,,,,,,,,,,,,,,,,,,,,,,,,,,,,18.3,,,,,,,,,,,,,,,,,,,,,,,,,,,,,,,,,,,,,,,,,,,,,,,,,,,,,,,,,,,,,,,,,,,,,,,,,,,,,,,,,,,,,,,3.4,2006-12-30T02:00:00,,,,,,,,,,,,,,,,,,,,,,,,,,,,,,,,,,,,,,,,,,,,,,,,,,,,,,,,,,,,,,,,,,,,,,,,,,,,,,
2006-12-31,993.0,,994.7,2006-12-31T09:00:00,991.5,2006-12-31T15:00:00,17.5,19.7,2006-12-31T11:00:00,14.4,2006-12-31T03:00:00,12.9,75,60,2006-12-31T12:00:00,1.1,247.5,6.4,135.0,2006-12-31T08:00:00,0.0,,,,,0.0,2.73,0.5,,18.2,18.4,18.6,19.1,20.1,,,,,,,,,14.1,2006-12-31T21:00:00,,,,11.3,2006-12-31T12:00:00,,,,,,,,,,,,,,,,,,,,,,,,,87,2006-12-31T02:00:00,,,,,,,,,,,,,,,,,,,,,,,,,,,,,,,,,18.3,,,,,,,,,,,,,,,,,,,,,,,,,,,,,,,,,,,,,,,,,,,,,,,,,,,,,,,,,,,,,,,,,,,,,,,,,,,,,,,,,,,,,,,1.9,2006-12-31T08:00:00,,,,,,,,,,,,,,,,,,,,,,,,,,,,,,,,,,,,,,,,,,,,,,,,,,,,,,,,,,,,,,,,,,,,,,,,,,,,,,
