timestamp,AirTemperature.MaximumTimef,AirTemperature.Maximumf,AirTemperature.Meanf,AirTemperature.MinimumTimef,AirTemperature.Minimumf,GlobalSolarRadiation.Accumulationf,GlobalSolarRadiation.HourlyMaximumTimef,GlobalSolarRadiation.HourlyMaximumf,GloblRad,GloblRadMax,GloblRadMaxTime,PeakGust.Directionf,PeakGust.MaximumTimef,PeakGust.Maximumf,Precipitation.Accumulationf,Precipitation.HourlyMaximum,Precipitation.HourlyMaximumTime,Precipitation.HourlyMaximumTimef,Precipitation.HourlyMaximumf,Precipitation.MeltFlag,Precipitation.MeltFlagf,Precp,RH,RHMin,RHMinTime,RelativeHumidity.Maximum,RelativeHumidity.MaximumTime,RelativeHumidity.MaximumTimef,RelativeHumidity.Maximumf,RelativeHumidity.Meanf,RelativeHumidity.MinimumTimef,RelativeHumidity.Minimumf,SoilTemperatureAt0cm.Maximum,SoilTemperatureAt0cm.MaximumTime,SoilTemperatureAt0cm.MaximumTimef,SoilTemperatureAt0cm.Maximumf,SoilTemperatureAt0cm.Meanf,SoilTemperatureAt0cm.Minimum,SoilTemperatureAt0cm.MinimumTime,SoilTemperatureAt0cm.MinimumTimef,SoilTemperatureAt0cm.Minimumf,SoilTemperatureAt100cm.Maximum,SoilTemperatureAt100cm.MaximumTime,SoilTemperatureAt100cm.MaximumTimef,SoilTemperatureAt100cm.Maximumf,SoilTemperatureAt100cm.Meanf,SoilTemperatureAt100cm.Minimum,SoilTemperatureAt100cm.MinimumTime,SoilTemperatureAt100cm.MinimumTimef,SoilTemperatureAt100cm.Minimumf,SoilTemperatureAt10cm.Maximum,SoilTemperatureAt10cm.MaximumTime,SoilTemperatureAt10cm.MaximumTimef,SoilTemperatureAt10cm.Maximumf,SoilTemperatureAt10cm.Meanf,SoilTemperatureAt10cm.Minimum,SoilTemperatureAt10cm.MinimumTime,SoilTemperatureAt10cm.MinimumTimef,SoilTemperatureAt10cm.Minimumf,SoilTemperatureAt20cm.Maximum,SoilTemperatureAt20cm.MaximumTime,SoilTemperatureAt20cm.MaximumTimef,SoilTemperatureAt20cm.Maximumf,SoilTemperatureAt20cm.Meanf,SoilTemperatureAt20cm.Minimum,SoilTemperatureAt20cm.MinimumTime,SoilTemperatureAt20cm.MinimumTimef,SoilTemperatureAt20cm.Minimumf,SoilTemperatureAt50cm.Maximum,SoilTemperatureAt50cm.MaximumTime,SoilTemperatureAt50cm.MaximumTimef,SoilTemperatureAt50cm.Maximumf,SoilTemperatureAt50cm.Meanf,SoilTemperatureAt50cm.Minimum,SoilTemperatureAt50cm.MinimumTime,SoilTemperatureAt50cm.MinimumTimef,SoilTemperatureAt50cm.Minimumf,SoilTemperatureAt5cm.Maximum,SoilTemperatureAt5cm.MaximumTime,SoilTemperatureAt5cm.MaximumTimef,SoilTemperatureAt5cm.Maximumf,SoilTemperatureAt5cm.Meanf,SoilTemperatureAt5cm.Minimum,SoilTemperatureAt5cm.MinimumTime,SoilTemperatureAt5cm.MinimumTimef,SoilTemperatureAt5cm.Minimumf,StationPressure.MaximumTimef,StationPressure.Maximumf,StationPressure.Meanf,StationPressure.MinimumTimef,StationPressure.Minimumf,StnPres,StnPresMax,StnPresMaxTime,StnPresMin,StnPresMinTime,SunShine,SunshineDuration.Totalf,Tx,TxMaxAbs,TxMaxAbsTime,TxMinAbs,TxMinAbsTime,TxSoil0cm,TxSoil100cm,TxSoil10cm,TxSoil20cm,TxSoil50cm,TxSoil5cm,WD,WDGust,WGustTime,WS,WSGust,WindDirection.Prevailingf,WindSpeed.Meanf
2026-01-22,,,,,,,,,,,,,,,,0.5,2026-01-22T04:00:00,,,0,,3.5,90,80,2026-01-22T08:32:00,94,2026-01-22T16:54:00,,,,,,,,,,,,,,,,,,,,,,,,,,,,,,,,,,,,,,,,,,,,,,,,,,,,,,,,,,,,,,,,,1024.9,1026.6,2026-01-22T09:14:00,1023.4,2026-01-22T15:25:00,,,11.6,12.8,2026-01-22T13:09:00,10.3,2026-01-22T03:25:00,,,,,,,61,66.0,2026-01-22T01:11:00,2.9,11.3,,
2026-01-23,,,,,,,,,,,,,,,,0.0,2026-01-23T01:00:00,,,0,,0.0,83,63,2026-01-23T11:31:00,93,2026-01-23T00:01:00,,,,,,,,,,,,,,,,,,,,,,,,,,,,,,,,,,,,,,,,,,,,,,,,,,,,,,,,,,,,,,,,,1023.8,1025.7,2026-01-23T07:48:00,1021.5,2026-01-23T14:37:00,,,15.2,19.6,2026-01-23T12:32:00,12.0,2026-01-23T00:01:00,,,,,,,55,58.0,2026-01-23T03:12:00,2.4,10.1,,
2026-01-24,,,,,,,,,,,,,,,,1.0,2026-01-24T06:00:00,,,0,,2.0,88,77,2026-01-24T13:49:00,96,2026-01-24T07:50:00,,,,,,,,,,,,,,,,,,,,,,,,,,,,,,,,,,,,,,,,,,,,,,,,,,,,,,,,,,,,,,,,,1022.3,1024.9,2026-01-24T09:05:00,1020.3,2026-01-24T22:14:00,,,16.1,18.8,2026-01-24T13:54:00,14.8,2026-01-24T06:41:00,,,,,,,61,46.0,2026-01-24T14:34:00,2.3,10.5,,
2026-01-25,,,,,,,,,,,,,,,,0.0,2026-01-25T01:00:00,,,0,,0.0,85,57,2026-01-25T15:11:00,93,2026-01-25T07:04:00,,,,,,,,,,,,,,,,,,,,,,,,,,,,,,,,,,,,,,,,,,,,,,,,,,,,,,,,,,,,,,,,,1020.6,1022.9,2026-01-25T08:04:00,1017.3,2026-01-25T14:43:00,,,18.4,25.1,2026-01-25T15:14:00,14.8,2026-01-25T05:53:00,,,,,,,35,39.0,2026-01-25T13:41:00,1.2,6.7,,
2026-01-26,,,,,,,,,,,,,,,,0.0,2026-01-26T01:00:00,,,0,,0.0,91,81,2026-01-26T12:46:00,96,2026-01-26T06:40:00,,,,,,,,,,,,,,,,,,,,,,,,,,,,,,,,,,,,,,,,,,,,,,,,,,,,,,,,,,,,,,,,,1020.2,1022.2,2026-01-26T10:04:00,1018.3,2026-01-26T15:22:00,,,18.0,20.4,2026-01-26T12:18:00,17.0,2026-01-26T02:25:00,,,,,,,327,344.0,2026-01-26T19:30:00,1.2,8.0,,
2026-01-27,,,,,,,,,,,,,,,,2.0,2026-01-27T19:00:00,,,0,,3.5,89,79,2026-01-27T11:40:00,94,2026-01-27T02:54:00,,,,,,,,,,,,,,,,,,,,,,,,,,,,,,,,,,,,,,,,,,,,,,,,,,,,,,,,,,,,,,,,,1021.3,1023.2,2026-01-27T21:16:00,1019.5,2026-01-27T02:28:00,,,16.0,17.4,2026-01-27T00:01:00,14.4,2026-01-27T19:14:00,,,,,,,55,39.0,2026-01-27T21:57:00,2.8,11.4,,
2026-01-28,,,,,,,,,,,,,,,,0.0,2026-01-28T01:00:00,,,0,,0.0,81,77,2026-01-28T11:13:00,88,2026-01-28T00:01:00,,,,,,,,,,,,,,,,,,,,,,,,,,,,,,,,,,,,,,,,,,,,,,,,,,,,,,,,,,,,,,,,,1023.0,1024.9,2026-01-28T08:53:00,1022.0,2026-01-28T13:19:00,,,14.8,15.6,2026-01-28T20:54:00,13.9,2026-01-28T03:51:00,,,,,,,47,52.0,2026-01-28T14:51:00,3.3,11.5,,
2026-01-29,,,,,,,,,,,,,,,,0.0,2026-01-29T01:00:00,,,0,,0.0,70,53,2026-01-29T10:49:00,82,2026-01-29T00:04:00,,,,,,,,,,,,,,,,,,,,,,,,,,,,,,,,,,,,,,,,,,,,,,,,,,,,,,,,,,,,,,,,,1021.2,1023.4,2026-01-29T09:00:00,1019.5,2026-01-29T15:35:00,,,18.2,22.9,2026-01-29T11:20:00,14.6,2026-01-29T01:56:00,,,,,,,57,52.0,2026-01-29T03:50:00,2.5,10.9,,
2026-01-30,,,,,,,,,,,,,,,,0.0,2026-01-30T01:00:00,,,0,,0.0,85,74,2026-01-30T00:01:00,93,2026-01-30T23:44:00,,,,,,,,,,,,,,,,,,,,,,,,,,,,,,,,,,,,,,,,,,,,,,,,,,,,,,,,,,,,,,,,,1021.1,1023.2,2026-01-30T09:44:00,1019.4,2026-01-30T14:23:00,,,18.3,22.4,2026-01-30T12:19:00,16.3,2026-01-30T06:01:00,,,,,,,25,340.0,2026-01-30T14:58:00,1.8,8.7,,
2026-01-31,,,,,,,,,,,,,,,,1.5,2026-01-31T21:00:00,,,0,,4.5,92,83,2026-01-31T13:29:00,96,2026-01-31T09:35:00,,,,,,,,,,,,,,,,,,,,,,,,,,,,,,,,,,,,,,,,,,,,,,,,,,,,,,,,,,,,,,,,,1022.9,1025.2,2026-01-31T20:28:00,1020.7,2026-01-31T02:20:00,,,15.4,17.3,2026-01-31T00:01:00,13.0,2026-01-31T23:58:00,,,,,,,55,55.0,2026-01-31T11:12:00,2.7,12.6,,
2026-02-01,,,,,,,,,,,,,,,,0.5,2026-02-01T01:00:00,,,0,,3.0,90,82,2026-02-01T18:37:00,96,2026-02-01T23:55:00,,,,,,,,,,,,,,,,,,,,,,,,,,,,,,,,,,,,,,,,,,,,,,,,,,,,,,,,,,,,,,,,,1024.0,1025.4,2026-02-01T09:34:00,1021.9,2026-02-01T16:48:00,,,14.2,15.7,2026-02-01T18:46:00,12.9,2026-02-01T02:52:00,,,,,,,49,60.0,2026-02-01T20:54:00,3.5,13.4,,
2026-02-02,,,,,,,,,,,,,,,,0.5,2026-02-02T01:00:00,,,0,,1.5,87,76,2026-02-02T23:29:00,96,2026-02-02T00:04:00,,,,,,,,,,,,,,,,,,,,,,,,,,,,,,,,,,,,,,,,,,,,,,,,,,,,,,,,,,,,,,,,,1025.7,1027.2,2026-02-02T20:35:00,1024.4,2026-02-02T03:14:00,,,13.9,14.5,2026-02-02T00:15:00,13.1,2026-02-02T12:03:00,,,,,,,55,48.0,2026-02-02T19:53:00,3.6,13.4,,
2026-02-03,,,,,,,,,,,,,,,,0.0,2026-02-03T01:00:00,,,0,,0.0,67,50,2026-02-03T13:05:00,80,2026-02-03T23:46:00,,,,,,,,,,,,,,,,,,,,,,,,,,,,,,,,,,,,,,,,,,,,,,,,,,,,,,,,,,,,,,,,,1023.9,1026.5,2026-02-03T00:01:00,1021.4,2026-02-03T15:41:00,,,17.1,22.1,2026-02-03T13:01:00,14.1,2026-02-03T00:01:00,,,,,,,65,55.0,2026-02-03T03:53:00,2.8,13.3,,
2026-02-04,,,,,,,,,,,,,,,,0.0,2026-02-04T01:00:00,,,0,,0.0,86,70,2026-02-04T10:05:00,94,2026-02-04T08:06:00,,,,,,,,,,,,,,,,,,,,,,,,,,,,,,,,,,,,,,,,,,,,,,,,,,,,,,,,,,,,,,,,,1019.8,1022.2,2026-02-04T07:00:00,1017.7,2026-02-04T22:44:00,,,16.8,21.4,2026-02-04T12:32:00,13.2,2026-02-04T06:30:00,,,,,,,70,346.0,2026-02-04T11:06:00,1.0,6.2,,
2026-02-05,,,,,,,,,,,,,,,,0.0,2026-02-05T01:00:00,,,0,,0.0,83,49,2026-02-05T15:29:00,96,2026-02-05T02:58:00,,,,,,,,,,,,,,,,,,,,,,,,,,,,,,,,,,,,,,,,,,,,,,,,,,,,,,,,,,,,,,,,,1017.1,1019.5,2026-02-05T09:09:00,1014.4,2026-02-05T15:21:00,,,19.2,25.2,2026-02-05T15:27:00,16.3,2026-02-05T00:01:00,,,,,,,253,322.0,2026-02-05T03:11:00,0.9,4.6,,
2026-02-06,,,,,,,,,,,,,,,,0.5,2026-02-06T12:00:00,,,0,,0.5,91,83,2026-02-06T00:01:00,95,2026-02-06T17:17:00,,,,,,,,,,,,,,,,,,,,,,,,,,,,,,,,,,,,,,,,,,,,,,,,,,,,,,,,,,,,,,,,,1016.7,1019.0,2026-02-06T23:31:00,1014.7,2026-02-06T15:33:00,,,17.9,20.8,2026-02-06T09:32:00,16.1,2026-02-06T23:59:00,,,,,,,55,29.0,2026-02-06T23:43:00,1.7,7.7,,
2026-02-07,,,,,,,,,,,,,,,,0.5,2026-02-07T04:00:00,,,0,,0.5,82,70,2026-02-07T23:22:00,94,2026-02-07T02:05:00,,,,,,,,,,,,,,,,,,,,,,,,,,,,,,,,,,,,,,,,,,,,,,,,,,,,,,,,,,,,,,,,,1022.3,1025.3,2026-02-07T23:02:00,1018.9,2026-02-07T00:01:00,,,13.8,16.1,2026-02-07T00:01:00,12.8,2026-02-07T17:42:00,,,,,,,49,58.0,2026-02-07T21:12:00,4.1,15.8,,
2026-02-08,,,,,,,,,,,,,,,,0.0,2026-02-08T01:00:00,,,0,,0.0,63,51,2026-02-08T13:17:00,75,2026-02-08T03:06:00,,,,,,,,,,,,,,,,,,,,,,,,,,,,,,,,,,,,,,,,,,,,,,,,,,,,,,,,,,,,,,,,,1028.6,1030.9,2026-02-08T11:39:00,1024.8,2026-02-08T00:24:00,,,11.3,12.9,2026-02-08T00:03:00,9.6,2026-02-08T18:15:00,,,,,,,52,63.0,2026-02-08T19:55:00,4.6,15.4,,
2026-02-09,,,,,,,,,,,,,,,,0.0,2026-02-09T01:00:00,,,0,,0.0,64,48,2026-02-09T13:47:00,78,2026-02-09T23:09:00,,,,,,,,,,,,,,,,,,,,,,,,,,,,,,,,,,,,,,,,,,,,,,,,,,,,,,,,,,,,,,,,,1022.8,1028.3,2026-02-09T00:01:00,1020.3,2026-02-09T15:53:00,,,13.8,18.0,2026-02-09T13:46:00,9.7,2026-02-09T01:48:00,,,,,,,69,81.0,2026-02-09T00:42:00,2.2,12.5,,
2026-02-10,,,,,,,,,,,,,,,,0.0,2026-02-10T01:00:00,,,0,,0.0,76,62,2026-02-10T09:55:00,90,2026-02-10T07:35:00,,,,,,,,,,,,,,,,,,,,,,,,,,,,,,,,,,,,,,,,,,,,,,,,,,,,,,,,,,,,,,,,,1021.2,1023.5,2026-02-10T06:03:00,1019.4,2026-02-10T15:17:00,,,17.0,20.0,2026-02-10T09:40:00,12.5,2026-02-10T00:59:00,,,,,,,333,341.0,2026-02-10T03:26:00,1.8,10.9,,
2026-02-11,,,,,,,,,,,,,,,,0.0,2026-02-11T01:00:00,,,0,,0.0,80,68,2026-02-11T13:15:00,89,2026-02-11T02:34:00,,,,,,,,,,,,,,,,,,,,,,,,,,,,,,,,,,,,,,,,,,,,,,,,,,,,,,,,,,,,,,,,,1022.6,1024.3,2026-02-11T09:31:00,1020.9,2026-02-11T00:01:00,,,16.4,20.1,2026-02-11T10:21:00,14.8,2026-02-11T23:48:00,,,,,,,50,30.0,2026-02-11T12:54:00,2.3,11.3,,
2026-02-12,,,,,,,,,,,,,,,,0.0,2026-02-12T01:00:00,,,0,,0.0,71,54,2026-02-12T11:05:00,87,2026-02-12T23:55:00,,,,,,,,,,,,,,,,,,,,,,,,,,,,,,,,,,,,,,,,,,,,,,,,,,,,,,,,,,,,,,,,,1020.4,1022.7,2026-02-12T00:01:00,1018.4,2026-02-12T15:03:00,,,18.4,24.3,2026-02-12T13:50:00,14.0,2026-02-12T04:41:00,,,,,,,43,79.0,2026-02-12T00:03:00,1.8,9.1,,
2026-02-13,,,,,,,,,,,,,,,,0.0,2026-02-13T01:00:00,,,0,,0.0,85,71,2026-02-13T14:27:00,97,2026-02-13T22:40:00,,,,,,,,,,,,,,,,,,,,,,,,,,,,,,,,,,,,,,,,,,,,,,,,,,,,,,,,,,,,,,,,,1017.5,1019.1,2026-02-13T10:09:00,1016.1,2026-02-13T17:58:00,,,17.8,21.8,2026-02-13T12:46:00,13.7,2026-02-13T06:02:00,,,,,,,94,321.0,2026-02-13T22:47:00,1.4,6.3,,
2026-02-14,,,,,,,,,,,,,,,,0.0,2026-02-14T01:00:00,,,0,,0.0,82,48,2026-02-14T15:15:00,97,2026-02-14T07:16:00,,,,,,,,,,,,,,,,,,,,,,,,,,,,,,,,,,,,,,,,,,,,,,,,,,,,,,,,,,,,,,,,,1016.5,1018.2,2026-02-14T08:40:00,1014.8,2026-02-14T14:28:00,,,19.0,26.0,2026-02-14T15:58:00,14.4,2026-02-14T06:50:00,,,,,,,319,276.0,2026-02-14T02:48:00,0.9,3.6,,
2026-02-15,,,,,,,,,,,,,,,,0.0,2026-02-15T01:00:00,,,0,,0.0,85,67,2026-02-15T15:02:00,96,2026-02-15T23:52:00,,,,,,,,,,,,,,,,,,,,,,,,,,,,,,,,,,,,,,,,,,,,,,,,,,,,,,,,,,,,,,,,,1016.6,1018.4,2026-02-15T08:35:00,1015.0,2026-02-15T15:05:00,,,19.0,24.3,2026-02-15T14:59:00,15.3,2026-02-15T06:04:00,,,,,,,17,343.0,2026-02-15T23:33:00,1.1,5.4,,
2026-02-16,,,,,,,,,,,,,,,,0.0,2026-02-16T01:00:00,,,0,,0.0,93,78,2026-02-16T12:01:00,98,2026-02-16T05:06:00,,,,,,,,,,,,,,,,,,,,,,,,,,,,,,,,,,,,,,,,,,,,,,,,,,,,,,,,,,,,,,,,,1017.8,1020.1,2026-02-16T23:19:00,1015.7,2026-02-16T03:58:00,,,17.5,21.8,2026-02-16T11:59:00,15.1,2026-02-16T23:46:00,,,,,,,53,51.0,2026-02-16T19:20:00,2.0,11.8,,
2026-02-17,,,,,,,,,,,,,,,,0.5,2026-02-17T05:00:00,,,0,,0.5,87,82,2026-02-17T15:58:00,96,2026-02-17T01:46:00,,,,,,,,,,,,,,,,,,,,,,,,,,,,,,,,,,,,,,,,,,,,,,,,,,,,,,,,,,,,,,,,,1021.3,1023.5,2026-02-17T21:24:00,1019.4,2026-02-17T15:17:00,,,14.5,15.3,2026-02-17T09:49:00,13.6,2026-02-17T04:10:00,,,,,,,51,55.0,2026-02-17T10:11:00,3.3,13.0,,
2026-02-18,,,,,,,,,,,,,,,,0.0,2026-02-18T01:00:00,,,0,,0.0,72,63,2026-02-18T12:01:00,86,2026-02-18T04:32:00,,,,,,,,,,,,,,,,,,,,,,,,,,,,,,,,,,,,,,,,,,,,,,,,,,,,,,,,,,,,,,,,,1023.7,1025.7,2026-02-18T09:57:00,1022.7,2026-02-18T03:20:00,,,14.7,16.5,2026-02-18T11:57:00,13.3,2026-02-18T05:08:00,,,,,,,55,58.0,2026-02-18T16:45:00,3.2,11.1,,
2026-02-19,,,,,,,,,,,,,,,,0.0,2026-02-19T01:00:00,,,0,,0.0,69,-9997,,-9997,,,,,,,,,,,,,,,,,,,,,,,,,,,,,,,,,,,,,,,,,,,,,,,,,,,,,,,,,,,,,,,,,,1021.7,-9999.7,,-9999.7,,,,17.9,-99.7,,-99.7,,,,,,,,35,-999.7,,1.8,-99.7,,
2026-02-20,,,,,,,,,,,,,,,,0.5,2026-02-20T05:00:00,,,0,,0.5,84,66,2026-02-20T15:09:00,93,2026-02-20T07:47:00,,,,,,,,,,,,,,,,,,,,,,,,,,,,,,,,,,,,,,,,,,,,,,,,,,,,,,,,,,,,,,,,,1019.3,1021.6,2026-02-20T09:42:00,1016.8,2026-02-20T23:50:00,,,17.1,20.6,2026-02-20T12:39:00,13.3,2026-02-21T00:00:00,,,,,,,352,342.0,2026-02-20T03:08:00,1.6,10.2,,
2026-02-21,,,,,,,,,,,,,,,,0.0,2026-02-21T01:00:00,,,0,,0.0,81,63,2026-02-21T12:25:00,96,2026-02-21T04:50:00,,,,,,,,,,,,,,,,,,,,,,,,,,,,,,,,,,,,,,,,,,,,,,,,,,,,,,,,,,,,,,,,,1013.5,1016.8,2026-02-21T00:01:00,1011.1,2026-02-21T15:27:00,,,18.8,24.1,2026-02-21T12:42:00,12.9,2026-02-21T04:37:00,,,,,,,18,356.0,2026-02-21T14:44:00,0.9,4.5,,
2026-02-22,,,,,,,,,,,,,,,,0.0,2026-02-22T01:00:00,,,0,,0.0,78,54,2026-02-22T15:22:00,93,2026-02-22T01:03:00,,,,,,,,,,,,,,,,,,,,,,,,,,,,,,,,,,,,,,,,,,,,,,,,,,,,,,,,,,,,,,,,,1013.0,1015.0,2026-02-22T08:34:00,1011.4,2026-02-22T15:17:00,,,21.1,26.3,2026-02-22T14:58:00,16.7,2026-02-22T00:01:00,,,,,,,56,63.0,2026-02-22T22:48:00,1.7,8.5,,
2026-02-23,,,,,,,,,,,,,,,,0.0,2026-02-23T01:00:00,,,0,,0.0,82,66,2026-02-23T14:18:00,92,2026-02-23T19:32:00,,,,,,,,,,,,,,,,,,,,,,,,,,,,,,,,,,,,,,,,,,,,,,,,,,,,,,,,,,,,,,,,,1013.4,1015.1,2026-02-23T08:25:00,1011.8,2026-02-23T15:03:00,,,21.7,26.2,2026-02-23T13:04:00,19.3,2026-02-23T03:49:00,,,,,,,61,43.0,2026-02-23T05:10:00,3.1,11.9,,
2026-02-24,,,,,,,,,,,,,,,,0.5,2026-02-24T19:00:00,,,0,,0.5,88,80,2026-02-24T12:29:00,95,2026-02-24T23:12:00,,,,,,,,,,,,,,,,,,,,,,,,,,,,,,,,,,,,,,,,,,,,,,,,,,,,,,,,,,,,,,,,,1014.7,1016.4,2026-02-24T21:58:00,1013.1,2026-02-24T03:42:00,,,20.4,22.4,2026-02-24T13:59:00,18.9,2026-02-24T03:52:00,,,,,,,322,321.0,2026-02-24T00:02:00,1.1,10.0,,
2026-02-25,,,,,,,,,,,,,,,,3.0,2026-02-25T02:00:00,,,0,,7.5,86,72,2026-02-25T12:48:00,97,2026-02-25T03:54:00,,,,,,,,,,,,,,,,,,,,,,,,,,,,,,,,,,,,,,,,,,,,,,,,,,,,,,,,,,,,,,,,,1016.0,1017.8,2026-02-25T08:12:00,1014.6,2026-02-25T13:45:00,,,18.6,21.2,2026-02-25T12:45:00,17.1,2026-02-25T04:49:00,,,,,,,57,54.0,2026-02-25T14:59:00,2.8,11.7,,
2026-02-26,,,,,,,,,,,,,,,,0.5,2026-02-26T23:59:00,,,0,,0.5,83,65,2026-02-26T09:35:00,94,2026-02-26T23:39:00,,,,,,,,,,,,,,,,,,,,,,,,,,,,,,,,,,,,,,,,,,,,,,,,,,,,,,,,,,,,,,,,,1012.2,1015.4,2026-02-26T00:14:00,1009.3,2026-02-26T16:26:00,,,20.6,25.7,2026-02-26T11:39:00,18.0,2026-02-26T00:32:00,,,,,,,58,333.0,2026-02-26T23:08:00,1.8,11.1,,
2026-02-27,,,,,,,,,,,,,,,,12.0,2026-02-27T03:00:00,,,0,,20.0,85,59,2026-02-27T13:26:00,97,2026-02-27T02:30:00,,,,,,,,,,,,,,,,,,,,,,,,,,,,,,,,,,,,,,,,,,,,,,,,,,,,,,,,,,,,,,,,,1011.4,1013.4,2026-02-27T23:53:00,1009.6,2026-02-27T15:08:00,,,20.0,25.5,2026-02-27T13:23:00,17.9,2026-02-27T00:28:00,,,,,,,175,70.0,2026-02-27T20:44:00,2.1,8.2,,
2026-02-28,,,,,,,,,,,,,,,,0.5,2026-02-28T17:00:00,,,0,,0.5,83,75,2026-02-28T09:08:00,92,2026-02-28T23:42:00,,,,,,,,,,,,,,,,,,,,,,,,,,,,,,,,,,,,,,,,,,,,,,,,,,,,,,,,,,,,,,,,,1013.4,1015.2,2026-02-28T09:11:00,1011.7,2026-02-28T16:50:00,,,19.8,21.9,2026-02-28T14:34:00,18.0,2026-02-28T00:58:00,,,,,,,59,66.0,2026-02-28T01:40:00,2.2,9.6,,
2026-03-01,,,,,,,,,,,,,,,,1.0,2026-03-01T05:00:00,,,0,,4.5,91,76,2026-03-01T11:42:00,97,2026-03-01T05:46:00,,,,,,,,,,,,,,,,,,,,,,,,,,,,,,,,,,,,,,,,,,,,,,,,,,,,,,,,,,,,,,,,,1010.8,1013.4,2026-03-01T00:33:00,1008.4,2026-03-01T15:11:00,,,20.7,24.4,2026-03-01T11:32:00,19.0,2026-03-01T03:06:00,,,,,,,349,320.0,2026-03-01T23:10:00,1.3,7.7,,
2026-03-02,,,,,,,,,,,,,,,,8.5,2026-03-02T03:00:00,,,0,,13.5,91,76,2026-03-02T14:32:00,98,2026-03-02T04:07:00,,,,,,,,,,,,,,,,,,,,,,,,,,,,,,,,,,,,,,,,,,,,,,,,,,,,,,,,,,,,,,,,,1011.2,1014.4,2026-03-02T23:33:00,1009.4,2026-03-02T04:39:00,,,21.5,26.0,2026-03-02T09:31:00,18.8,2026-03-02T02:12:00,,,,,,,331,70.0,2026-03-02T23:57:00,1.9,12.2,,
2026-03-03,,,,,,,,,,,,,,,,4.5,2026-03-03T09:00:00,,,0,,5.0,81,73,2026-03-03T02:47:00,91,2026-03-03T08:38:00,,,,,,,,,,,,,,,,,,,,,,,,,,,,,,,,,,,,,,,,,,,,,,,,,,,,,,,,,,,,,,,,,1017.0,1019.6,2026-03-03T21:46:00,1014.1,2026-03-03T01:51:00,,,16.6,19.4,2026-03-03T00:04:00,14.4,2026-03-03T08:37:00,,,,,,,66,61.0,2026-03-03T16:54:00,3.9,13.9,,
2026-03-04,,,,,,,,,,,,,,,,0.0,2026-03-04T01:00:00,,,0,,0.0,80,71,2026-03-04T01:12:00,90,2026-03-04T22:14:00,,,,,,,,,,,,,,,,,,,,,,,,,,,,,,,,,,,,,,,,,,,,,,,,,,,,,,,,,,,,,,,,,1017.0,1019.7,2026-03-04T00:19:00,1014.9,2026-03-04T16:02:00,,,17.6,19.7,2026-03-04T13:06:00,16.0,2026-03-04T06:42:00,,,,,,,54,66.0,2026-03-04T00:31:00,3.1,12.2,,
2026-03-05,,,,,,,,,,,,,,,,1.5,2026-03-05T09:00:00,,,0,,2.0,90,77,2026-03-05T12:13:00,95,2026-03-05T08:49:00,,,,,,,,,,,,,,,,,,,,,,,,,,,,,,,,,,,,,,,,,,,,,,,,,,,,,,,,,,,,,,,,,1014.8,1016.1,2026-03-05T23:44:00,1013.5,2026-03-05T13:40:00,,,20.0,22.9,2026-03-05T12:17:00,18.0,2026-03-05T07:25:00,,,,,,,13,346.0,2026-03-05T16:49:00,1.4,10.9,,
2026-03-06,,,,,,,,,,,,,,,,0.0,2026-03-06T01:00:00,,,0,,0.0,86,69,2026-03-06T23:41:00,96,2026-03-06T07:50:00,,,,,,,,,,,,,,,,,,,,,,,,,,,,,,,,,,,,,,,,,,,,,,,,,,,,,,,,,,,,,,,,,1018.8,1022.1,2026-03-06T23:13:00,1015.7,2026-03-06T01:04:00,,,17.0,19.9,2026-03-06T00:01:00,15.6,2026-03-06T17:38:00,,,,,,,56,33.0,2026-03-06T14:19:00,3.4,14.3,,
2026-03-07,,,,,,,,,,,,,,,,0.0,2026-03-07T01:00:00,,,0,,0.0,66,55,2026-03-07T12:37:00,72,2026-03-07T03:32:00,,,,,,,,,,,,,,,,,,,,,,,,,,,,,,,,,,,,,,,,,,,,,,,,,,,,,,,,,,,,,,,,,1021.6,1023.9,2026-03-07T09:17:00,1019.4,2026-03-07T03:38:00,,,16.5,19.6,2026-03-07T13:45:00,14.7,2026-03-07T20:17:00,,,,,,,64,69.0,2026-03-07T16:10:00,4.3,16.5,,
2026-03-08,,,,,,,,,,,,,,,,0.0,2026-03-08T01:00:00,,,0,,0.0,76,64,2026-03-08T11:57:00,82,2026-03-08T19:59:00,,,,,,,,,,,,,,,,,,,,,,,,,,,,,,,,,,,,,,,,,,,,,,,,,,,,,,,,,,,,,,,,,1021.0,1023.1,2026-03-08T10:29:00,1019.8,2026-03-08T15:34:00,,,17.3,20.6,2026-03-08T11:53:00,15.0,2026-03-08T00:01:00,,,,,,,57,65.0,2026-03-08T00:15:00,3.6,12.9,,
2026-03-09,,,,,,,,,,,,,,,,0.5,2026-03-09T17:00:00,,,0,,1.0,81,69,2026-03-09T08:46:00,93,2026-03-09T17:08:00,,,,,,,,,,,,,,,,,,,,,,,,,,,,,,,,,,,,,,,,,,,,,,,,,,,,,,,,,,,,,,,,,1024.0,1027.0,2026-03-09T21:24:00,1020.8,2026-03-09T01:43:00,,,15.7,17.9,2026-03-09T09:32:00,13.1,2026-03-09T23:09:00,,,,,,,52,45.0,2026-03-09T11:35:00,3.5,12.7,,
2026-03-10,,,,,,,,,,,,,,,,2.0,2026-03-10T06:00:00,,,0,,8.0,81,72,2026-03-10T17:49:00,93,2026-03-10T06:01:00,,,,,,,,,,,,,,,,,,,,,,,,,,,,,,,,,,,,,,,,,,,,,,,,,,,,,,,,,,,,,,,,,1023.5,1025.8,2026-03-10T00:01:00,1021.7,2026-03-10T14:50:00,,,13.3,14.7,2026-03-10T16:24:00,11.6,2026-03-10T06:48:00,,,,,,,69,74.0,2026-03-10T00:56:00,2.8,11.8,,
2026-03-11,,,,,,,,,,,,,,,,0.0,2026-03-11T01:00:00,,,0,,0.0,62,43,2026-03-11T15:14:00,80,2026-03-11T00:54:00,,,,,,,,,,,,,,,,,,,,,,,,,,,,,,,,,,,,,,,,,,,,,,,,,,,,,,,,,,,,,,,,,1020.0,1022.4,2026-03-11T00:12:00,1017.5,2026-03-11T15:52:00,,,16.6,20.0,2026-03-11T14:31:00,12.8,2026-03-11T06:12:00,,,,,,,46,49.0,2026-03-11T13:21:00,2.5,10.3,,
2026-03-12,,,,,,,,,,,,,,,,0.0,2026-03-12T01:00:00,,,0,,0.0,62,48,2026-03-12T12:10:00,75,2026-03-12T01:39:00,,,,,,,,,,,,,,,,,,,,,,,,,,,,,,,,,,,,,,,,,,,,,,,,,,,,,,,,,,,,,,,,,1022.6,1025.9,2026-03-12T22:30:00,1019.2,2026-03-12T03:16:00,,,16.4,20.3,2026-03-12T12:33:00,13.1,2026-03-12T22:33:00,,,,,,,45,54.0,2026-03-12T03:20:00,3.0,11.5,,
2026-03-13,,,,,,,,,,,,,,,,0.0,2026-03-13T01:00:00,,,0,,0.0,54,41,2026-03-13T10:02:00,62,2026-03-13T20:13:00,,,,,,,,,,,,,,,,,,,,,,,,,,,,,,,,,,,,,,,,,,,,,,,,,,,,,,,,,,,,,,,,,1024.2,1026.2,2026-03-13T09:10:00,1022.1,2026-03-13T16:59:00,,,16.1,18.8,2026-03-13T12:15:00,12.7,2026-03-13T03:54:00,,,,,,,58,70.0,2026-03-13T15:29:00,3.8,15.5,,
2026-03-14,,,,,,,,,,,,,,,,0.0,2026-03-14T01:00:00,,,0,,0.0,60,47,2026-03-14T09:27:00,73,2026-03-14T23:57:00,,,,,,,,,,,,,,,,,,,,,,,,,,,,,,,,,,,,,,,,,,,,,,,,,,,,,,,,,,,,,,,,,1023.2,1025.1,2026-03-14T09:42:00,1021.6,2026-03-14T16:49:00,,,17.9,22.6,2026-03-14T10:12:00,14.3,2026-03-14T01:24:00,,,,,,,43,33.0,2026-03-14T14:51:00,2.8,12.3,,
2026-03-15,,,,,,,,,,,,,,,,0.0,2026-03-15T01:00:00,,,0,,0.0,75,40,2026-03-15T10:23:00,90,2026-03-15T23:54:00,,,,,,,,,,,,,,,,,,,,,,,,,,,,,,,,,,,,,,,,,,,,,,,,,,,,,,,,,,,,,,,,,1021.5,1023.8,2026-03-15T09:54:00,1019.0,2026-03-15T18:34:00,,,18.2,25.0,2026-03-15T10:25:00,11.3,2026-03-15T05:43:00,,,,,,,57,45.0,2026-03-15T16:36:00,1.5,8.7,,
2026-03-16,,,,,,,,,,,,,,,,0.0,2026-03-16T01:00:00,,,0,,0.0,81,57,2026-03-16T09:30:00,98,2026-03-16T07:00:00,,,,,,,,,,,,,,,,,,,,,,,,,,,,,,,,,,,,,,,,,,,,,,,,,,,,,,,,,,,,,,,,,1019.0,1021.1,2026-03-16T00:05:00,1016.7,2026-03-16T16:07:00,,,19.6,25.7,2026-03-16T13:26:00,14.2,2026-03-16T04:37:00,,,,,,,29,45.0,2026-03-16T11:06:00,1.1,7.6,,
2026-03-17,,,,,,,,,,,,,,,,0.0,2026-03-17T01:00:00,,,0,,0.0,85,69,2026-03-17T11:32:00,97,2026-03-17T06:23:00,,,,,,,,,,,,,,,,,,,,,,,,,,,,,,,,,,,,,,,,,,,,,,,,,,,,,,,,,,,,,,,,,1017.7,1019.6,2026-03-17T08:50:00,1016.1,2026-03-17T14:56:00,,,18.4,22.2,2026-03-17T11:42:00,16.0,2026-03-17T05:29:00,,,,,,,311,323.0,2026-03-17T12:53:00,1.2,4.9,,
2026-03-18,,,,,,,,,,,,,,,,0.0,2026-03-18T01:00:00,,,0,,0.0,83,66,2026-03-18T12:46:00,98,2026-03-18T06:04:00,,,,,,,,,,,,,,,,,,,,,,,,,,,,,,,,,,,,,,,,,,,,,,,,,,,,,,,,,,,,,,,,,1015.5,1017.6,2026-03-18T09:39:00,1013.5,2026-03-18T14:55:00,,,20.4,25.2,2026-03-18T15:49:00,14.9,2026-03-18T05:44:00,,,,,,,262,281.0,2026-03-18T13:58:00,1.2,4.8,,
2026-03-19,,,,,,,,,,,,,,,,0.0,2026-03-19T01:00:00,,,0,,0.0,87,84,2026-03-19T00:01:00,93,2026-03-19T03:14:00,,,,,,,,,,,,,,,,,,,,,,,,,,,,,,,,,,,,,,,,,,,,,,,,,,,,,,,,,,,,,,,,,1016.5,1018.3,2026-03-19T09:40:00,1014.6,2026-03-19T00:55:00,,,18.2,20.1,2026-03-19T00:01:00,17.2,2026-03-19T15:22:00,,,,,,,53,50.0,2026-03-19T11:46:00,2.3,9.2,,
2026-03-20,,,,,,,,,,,,,,,,0.0,2026-03-20T01:00:00,,,0,,0.0,81,67,2026-03-20T11:28:00,87,2026-03-20T03:06:00,,,,,,,,,,,,,,,,,,,,,,,,,,,,,,,,,,,,,,,,,,,,,,,,,,,,,,,,,,,,,,,,,1017.0,1019.6,2026-03-20T23:56:00,1015.0,2026-03-20T14:22:00,,,19.6,23.9,2026-03-20T13:53:00,17.6,2026-03-20T04:09:00,,,,,,,51,12.0,2026-03-20T14:31:00,2.5,10.1,,
2026-03-21,,,,,,,,,,,,,,,,0.0,2026-03-21T01:00:00,,,0,,0.0,88,83,2026-03-21T11:38:00,92,2026-03-21T01:12:00,,,,,,,,,,,,,,,,,,,,,,,,,,,,,,,,,,,,,,,,,,,,,,,,,,,,,,,,,,,,,,,,,1018.6,1020.2,2026-03-21T10:32:00,1017.8,2026-03-21T16:04:00,,,17.5,18.7,2026-03-21T12:31:00,16.6,2026-03-21T02:50:00,,,,,,,47,48.0,2026-03-21T13:01:00,2.4,9.5,,
2026-03-22,,,,,,,,,,,,,,,,0.0,2026-03-22T01:00:00,,,0,,0.0,89,74,2026-03-22T12:25:00,97,2026-03-22T04:07:00,,,,,,,,,,,,,,,,,,,,,,,,,,,,,,,,,,,,,,,,,,,,,,,,,,,,,,,,,,,,,,,,,1016.6,1017.9,2026-03-22T00:01:00,1014.5,2026-03-22T15:15:00,,,19.0,22.7,2026-03-22T12:15:00,16.5,2026-03-22T02:37:00,,,,,,,59,2.0,2026-03-22T00:40:00,1.2,5.4,,
2026-03-23,,,,,,,,,,,,,,,,0.0,2026-03-23T01:00:00,,,0,,0.0,86,62,2026-03-23T10:11:00,97,2026-03-23T05:48:00,,,,,,,,,,,,,,,,,,,,,,,,,,,,,,,,,,,,,,,,,,,,,,,,,,,,,,,,,,,,,,,,,1015.2,1016.7,2026-03-23T00:01:00,1013.9,2026-03-23T14:07:00,,,21.2,26.4,2026-03-23T12:42:00,18.2,2026-03-23T05:39:00,,,,,,,68,64.0,2026-03-23T16:20:00,1.1,6.6,,
2026-03-24,,,,,,,,,,,,,,,,0.0,2026-03-24T01:00:00,,,0,,0.0,88,68,2026-03-24T09:32:00,96,2026-03-24T05:49:00,,,,,,,,,,,,,,,,,,,,,,,,,,,,,,,,,,,,,,,,,,,,,,,,,,,,,,,,,,,,,,,,,1013.1,1015.5,2026-03-24T00:08:00,1010.8,2026-03-24T16:33:00,,,21.1,26.0,2026-03-24T11:16:00,19.0,2026-03-24T04:37:00,,,,,,,67,331.0,2026-03-24T13:16:00,1.3,9.4,,
2026-03-25,,,,,,,,,,,,,,,,0.0,2026-03-25T01:00:00,,,0,,0.0,81,63,2026-03-25T13:24:00,97,2026-03-25T04:30:00,,,,,,,,,,,,,,,,,,,,,,,,,,,,,,,,,,,,,,,,,,,,,,,,,,,,,,,,,,,,,,,,,1013.8,1015.4,2026-03-25T10:12:00,1011.8,2026-03-25T03:38:00,,,21.4,26.5,2026-03-25T13:21:00,18.5,2026-03-25T22:40:00,,,,,,,38,70.0,2026-03-25T16:16:00,1.7,7.9,,
2026-03-26,,,,,,,,,,,,,,,,0.0,2026-03-26T01:00:00,,,0,,0.0,72,44,2026-03-26T12:25:00,93,2026-03-26T21:27:00,,,,,,,,,,,,,,,,,,,,,,,,,,,,,,,,,,,,,,,,,,,,,,,,,,,,,,,,,,,,,,,,,1013.1,1015.4,2026-03-26T00:07:00,1010.5,2026-03-26T13:49:00,,,21.4,29.0,2026-03-26T12:53:00,17.8,2026-03-26T04:50:00,,,,,,,67,48.0,2026-03-26T15:20:00,1.8,8.3,,
2026-03-27,,,,,,,,,,,,,,,,3.5,2026-03-27T10:00:00,,,0,,6.5,94,89,2026-03-27T01:20:00,97,2026-03-27T09:55:00,,,,,,,,,,,,,,,,,,,,,,,,,,,,,,,,,,,,,,,,,,,,,,,,,,,,,,,,,,,,,,,,,1013.2,1014.7,2026-03-27T08:56:00,1011.4,2026-03-27T15:38:00,,,19.5,20.3,2026-03-27T00:01:00,18.7,2026-03-27T04:41:00,,,,,,,64,89.0,2026-03-27T18:22:00,1.2,5.6,,
2026-03-28,,,,,,,,,,,,,,,,0.0,2026-03-28T01:00:00,,,0,,0.0,86,75,2026-03-28T12:20:00,94,2026-03-28T00:01:00,,,,,,,,,,,,,,,,,,,,,,,,,,,,,,,,,,,,,,,,,,,,,,,,,,,,,,,,,,,,,,,,,1013.1,1015.5,2026-03-28T08:57:00,1011.4,2026-03-28T15:40:00,,,20.8,23.2,2026-03-28T12:25:00,19.4,2026-03-28T00:01:00,,,,,,,50,58.0,2026-03-28T06:28:00,2.1,9.1,,
2026-03-29,,,,,,,,,,,,,,,,0.0,2026-03-29T01:00:00,,,0,,0.0,88,76,2026-03-29T13:37:00,95,2026-03-29T05:20:00,,,,,,,,,,,,,,,,,,,,,,,,,,,,,,,,,,,,,,,,,,,,,,,,,,,,,,,,,,,,,,,,,1012.0,1013.9,2026-03-29T08:27:00,1010.2,2026-03-29T16:32:00,,,21.0,23.7,2026-03-29T13:35:00,18.9,2026-03-29T23:20:00,,,,,,,8,358.0,2026-03-29T04:12:00,1.2,6.1,,
2026-03-30,,,,,,,,,,,,,,,,0.0,2026-03-30T01:00:00,,,0,,0.0,84,67,2026-03-30T18:56:00,96,2026-03-30T00:21:00,,,,,,,,,,,,,,,,,,,,,,,,,,,,,,,,,,,,,,,,,,,,,,,,,,,,,,,,,,,,,,,,,1010.3,1013.2,2026-03-30T00:35:00,1007.8,2026-03-30T18:15:00,,,23.7,27.7,2026-03-30T13:38:00,19.1,2026-03-30T00:01:00,,,,,,,165,214.0,2026-03-30T18:06:00,2.1,9.9,,
2026-03-31,,,,,,,,,,,,,,,,0.0,2026-03-31T01:00:00,,,0,,0.0,80,59,2026-03-31T09:19:00,90,2026-03-31T23:41:00,,,,,,,,,,,,,,,,,,,,,,,,,,,,,,,,,,,,,,,,,,,,,,,,,,,,,,,,,,,,,,,,,1010.5,1012.3,2026-03-31T07:45:00,1008.8,2026-03-31T15:18:00,,,25.0,29.5,2026-03-31T09:16:00,22.2,2026-03-31T23:58:00,,,,,,,237,240.0,2026-03-31T00:28:00,2.4,9.1,,
2026-04-01,,,,,,,,,,,,,,,,5.0,2026-04-01T07:00:00,,,0,,17.0,86,73,2026-04-01T16:27:00,98,2026-04-01T08:16:00,,,,,,,,,,,,,,,,,,,,,,,,,,,,,,,,,,,,,,,,,,,,,,,,,,,,,,,,,,,,,,,,,1014.0,1017.2,2026-04-01T22:07:00,1008.5,2026-04-01T02:14:00,,,19.6,25.0,2026-04-01T03:59:00,17.3,2026-04-01T21:46:00,,,,,,,81,323.0,2026-04-01T04:43:00,2.3,14.1,,
2026-04-02,,,,,,,,,,,,,,,,7.0,2026-04-02T23:59:00,,,0,,13.0,61,37,2026-04-02T12:57:00,93,2026-04-02T23:39:00,,,,,,,,,,,,,,,,,,,,,,,,,,,,,,,,,,,,,,,,,,,,,,,,,,,,,,,,,,,,,,,,,1014.7,1017.1,2026-04-02T00:01:00,1011.3,2026-04-02T15:56:00,,,22.2,29.7,2026-04-02T13:55:00,16.9,2026-04-02T03:10:00,,,,,,,77,60.0,2026-04-02T09:04:00,1.8,8.4,,
2026-04-03,,,,,,,,,,,,,,,,13.5,2026-04-03T05:00:00,,,0,,56.5,94,76,2026-04-03T13:37:00,99,2026-04-03T07:10:00,,,,,,,,,,,,,,,,,,,,,,,,,,,,,,,,,,,,,,,,,,,,,,,,,,,,,,,,,,,,,,,,,1009.3,1014.9,2026-04-03T00:01:00,1005.2,2026-04-03T18:48:00,,,21.1,25.3,2026-04-03T13:47:00,18.2,2026-04-03T07:00:00,,,,,,,339,332.0,2026-04-03T22:00:00,1.8,15.0,,
2026-04-04,,,,,,,,,,,,,,,,20.5,2026-04-04T02:00:00,,,0,,52.0,94,77,2026-04-04T13:57:00,100,2026-04-04T01:04:00,,,,,,,,,,,,,,,,,,,,,,,,,,,,,,,,,,,,,,,,,,,,,,,,,,,,,,,,,,,,,,,,,1008.3,1010.6,2026-04-04T21:09:00,1005.6,2026-04-04T01:45:00,,,20.9,23.9,2026-04-04T13:55:00,18.8,2026-04-04T22:40:00,,,,,,,119,211.0,2026-04-04T02:36:00,1.1,12.4,,
2026-04-05,,,,,,,,,,,,,,,,2.0,2026-04-05T01:00:00,,,0,,4.0,85,64,2026-04-05T11:14:00,100,2026-04-05T04:03:00,,,,,,,,,,,,,,,,,,,,,,,,,,,,,,,,,,,,,,,,,,,,,,,,,,,,,,,,,,,,,,,,,1010.0,1011.4,2026-04-05T10:11:00,1008.4,2026-04-05T14:49:00,,,23.3,28.1,2026-04-05T11:01:00,18.9,2026-04-05T00:06:00,,,,,,,126,335.0,2026-04-05T13:47:00,1.0,3.6,,
2026-04-06,,,,,,,,,,,,,,,,20.0,2026-04-06T05:00:00,,,0,,69.5,86,72,2026-04-06T15:30:00,100,2026-04-06T06:33:00,,,,,,,,,,,,,,,,,,,,,,,,,,,,,,,,,,,,,,,,,,,,,,,,,,,,,,,,,,,,,,,,,1007.9,1010.3,2026-04-06T07:08:00,1005.6,2026-04-06T15:40:00,,,24.3,27.1,2026-04-06T15:28:00,21.3,2026-04-06T06:16:00,,,,,,,237,234.0,2026-04-06T23:12:00,2.9,13.2,,
2026-04-07,,,,,,,,,,,,,,,,9.5,2026-04-07T09:00:00,,,0,,46.5,89,71,2026-04-07T03:53:00,98,2026-04-07T12:25:00,,,,,,,,,,,,,,,,,,,,,,,,,,,,,,,,,,,,,,,,,,,,,,,,,,,,,,,,,,,,,,,,,1011.5,1015.4,2026-04-07T20:50:00,1006.0,2026-04-07T02:14:00,,,21.6,26.1,2026-04-07T00:35:00,19.2,2026-04-07T18:48:00,,,,,,,62,248.0,2026-04-07T01:55:00,3.2,12.8,,
2026-04-08,,,,,,,,,,,,,,,,0.5,2026-04-08T07:00:00,,,0,,1.0,86,68,2026-04-08T13:35:00,94,2026-04-08T08:04:00,,,,,,,,,,,,,,,,,,,,,,,,,,,,,,,,,,,,,,,,,,,,,,,,,,,,,,,,,,,,,,,,,1013.6,1015.5,2026-04-08T08:13:00,1011.9,2026-04-08T15:09:00,,,22.7,27.6,2026-04-08T14:09:00,20.0,2026-04-08T00:03:00,,,,,,,62,67.0,2026-04-08T00:10:00,1.8,8.3,,
2026-04-09,,,,,,,,,,,,,,,,0.0,2026-04-09T01:00:00,,,0,,0.0,88,74,2026-04-09T13:02:00,96,2026-04-09T05:41:00,,,,,,,,,,,,,,,,,,,,,,,,,,,,,,,,,,,,,,,,,,,,,,,,,,,,,,,,,,,,,,,,,1010.3,1014.0,2026-04-09T00:01:00,1007.1,2026-04-09T16:06:00,,,24.9,28.6,2026-04-09T13:13:00,21.6,2026-04-09T05:28:00,,,,,,,246,238.0,2026-04-09T23:42:00,3.0,15.1,,
2026-04-10,,,,,,,,,,,,,,,,0.0,2026-04-10T01:00:00,,,0,,0.0,79,66,2026-04-10T13:01:00,93,2026-04-10T00:44:00,,,,,,,,,,,,,,,,,,,,,,,,,,,,,,,,,,,,,,,,,,,,,,,,,,,,,,,,,,,,,,,,,1008.7,1010.4,2026-04-10T10:56:00,1006.5,2026-04-10T16:45:00,,,26.3,28.6,2026-04-10T12:31:00,24.8,2026-04-10T03:12:00,,,,,,,230,240.0,2026-04-10T06:13:00,4.9,15.8,,
2026-04-11,,,,,,,,,,,,,,,,0.0,2026-04-11T01:00:00,,,0,,0.0,81,60,2026-04-11T11:04:00,93,2026-04-11T05:30:00,,,,,,,,,,,,,,,,,,,,,,,,,,,,,,,,,,,,,,,,,,,,,,,,,,,,,,,,,,,,,,,,,1010.3,1011.7,2026-04-11T09:11:00,1008.7,2026-04-11T16:08:00,,,26.0,30.0,2026-04-11T10:36:00,22.3,2026-04-11T03:27:00,,,,,,,267,215.0,2026-04-11T00:42:00,1.7,7.6,,
2026-04-12,,,,,,,,,,,,,,,,0.0,2026-04-12T01:00:00,,,0,,0.0,77,57,2026-04-12T09:58:00,88,2026-04-12T01:56:00,,,,,,,,,,,,,,,,,,,,,,,,,,,,,,,,,,,,,,,,,,,,,,,,,,,,,,,,,,,,,,,,,1010.0,1011.5,2026-04-12T08:23:00,1008.3,2026-04-12T16:02:00,,,26.8,30.2,2026-04-12T10:27:00,24.7,2026-04-12T05:35:00,,,,,,,263,247.0,2026-04-12T16:45:00,3.1,11.0,,
2026-04-13,,,,,,,,,,,,,,,,0.0,2026-04-13T01:00:00,,,0,,0.0,77,57,2026-04-13T08:42:00,89,2026-04-13T06:06:00,,,,,,,,,,,,,,,,,,,,,,,,,,,,,,,,,,,,,,,,,,,,,,,,,,,,,,,,,,,,,,,,,1011.8,1013.7,2026-04-13T09:46:00,1010.4,2026-04-13T01:56:00,,,26.4,30.0,2026-04-13T08:43:00,22.1,2026-04-13T05:43:00,,,,,,,239,243.0,2026-04-13T00:34:00,1.9,7.5,,
2026-04-14,,,,,,,,,,,,,,,,0.0,2026-04-14T01:00:00,,,0,,0.0,78,60,2026-04-14T08:09:00,88,2026-04-14T03:39:00,,,,,,,,,,,,,,,,,,,,,,,,,,,,,,,,,,,,,,,,,,,,,,,,,,,,,,,,,,,,,,,,,1010.7,1012.8,2026-04-14T09:17:00,1008.6,2026-04-14T15:55:00,,,26.4,30.0,2026-04-14T11:19:00,22.9,2026-04-14T05:48:00,,,,,,,238,273.0,2026-04-14T14:42:00,2.4,9.0,,
2026-04-15,,,,,,,,,,,,,,,,0.0,2026-04-15T01:00:00,,,0,,0.0,82,64,2026-04-15T09:13:00,93,2026-04-15T22:22:00,,,,,,,,,,,,,,,,,,,,,,,,,,,,,,,,,,,,,,,,,,,,,,,,,,,,,,,,,,,,,,,,,1010.4,1012.2,2026-04-15T23:17:00,1008.7,2026-04-15T16:03:00,,,25.8,29.6,2026-04-15T10:34:00,23.0,2026-04-15T05:11:00,,,,,,,343,232.0,2026-04-15T23:27:00,1.4,5.9,,
2026-04-16,,,,,,,,,,,,,,,,0.0,2026-04-16T01:00:00,,,0,,0.0,86,70,2026-04-16T12:08:00,95,2026-04-16T04:15:00,,,,,,,,,,,,,,,,,,,,,,,,,,,,,,,,,,,,,,,,,,,,,,,,,,,,,,,,,,,,,,,,,1011.2,1013.0,2026-04-16T21:16:00,1009.6,2026-04-16T14:13:00,,,24.9,29.0,2026-04-16T14:11:00,22.7,2026-04-16T02:21:00,,,,,,,52,54.0,2026-04-16T00:23:00,1.6,8.2,,
2026-04-17,,,,,,,,,,,,,,,,0.0,2026-04-17T01:00:00,,,0,,0.0,83,-9997,,-9997,,,,,,,,,,,,,,,,,,,,,,,,,,,,,,,,,,,,,,,,,,,,,,,,,,,,,,,,,,,,,,,,,,1011.6,-9999.7,,-9999.7,,,,24.7,-99.7,,-99.7,,,,,,,,347,-999.7,,1.7,-99.7,,
2026-04-18,,,,,,,,,,,,,,,,0.0,2026-04-18T01:00:00,,,0,,0.0,82,66,2026-04-18T10:41:00,96,2026-04-18T03:21:00,,,,,,,,,,,,,,,,,,,,,,,,,,,,,,,,,,,,,,,,,,,,,,,,,,,,,,,,,,,,,,,,,1011.3,1012.9,2026-04-18T21:52:00,1010.2,2026-04-18T15:14:00,,,24.4,28.9,2026-04-18T11:47:00,21.8,2026-04-18T02:55:00,,,,,,,60,67.0,2026-04-18T18:59:00,1.4,8.1,,
2026-04-19,,,,,,,,,,,,,,,,0.0,2026-04-19T01:00:00,,,0,,0.0,77,59,2026-04-19T14:03:00,94,2026-04-19T22:57:00,,,,,,,,,,,,,,,,,,,,,,,,,,,,,,,,,,,,,,,,,,,,,,,,,,,,,,,,,,,,,,,,,1011.6,1012.9,2026-04-19T08:37:00,1010.0,2026-04-19T15:45:00,,,24.1,28.8,2026-04-19T13:31:00,20.4,2026-04-19T22:42:00,,,,,,,30,5.0,2026-04-19T11:54:00,1.1,7.1,,
2026-04-20,,,,,,,,,,,,,,,,0.0,2026-04-20T01:00:00,,,0,,0.0,76,53,2026-04-20T16:42:00,96,2026-04-20T02:13:00,,,,,,,,,,,,,,,,,,,,,,,,,,,,,,,,,,,,,,,,,,,,,,,,,,,,,,,,,,,,,,,,,1012.6,1014.2,2026-04-20T10:51:00,1011.4,2026-04-20T03:11:00,,,24.7,29.8,2026-04-20T16:18:00,20.2,2026-04-20T00:58:00,,,,,,,170,345.0,2026-04-20T12:51:00,1.5,6.0,,
2026-04-21,,,,,,,,,,,,,,,,0.0,2026-04-21T01:00:00,,,0,,0.0,71,46,2026-04-21T10:40:00,89,2026-04-21T05:46:00,,,,,,,,,,,,,,,,,,,,,,,,,,,,,,,,,,,,,,,,,,,,,,,,,,,,,,,,,,,,,,,,,1011.8,1014.3,2026-04-21T08:49:00,1009.4,2026-04-21T15:55:00,,,27.0,32.4,2026-04-21T14:27:00,20.0,2026-04-21T00:42:00,,,,,,,344,342.0,2026-04-21T11:25:00,1.3,6.1,,
2026-04-22,,,,,,,,,,,,,,,,0.0,2026-04-22T01:00:00,,,0,,0.0,78,66,2026-04-22T10:20:00,92,2026-04-22T03:26:00,,,,,,,,,,,,,,,,,,,,,,,,,,,,,,,,,,,,,,,,,,,,,,,,,,,,,,,,,,,,,,,,,1007.9,1011.3,2026-04-22T00:01:00,1005.5,2026-04-22T15:51:00,,,26.8,29.9,2026-04-22T12:32:00,22.8,2026-04-22T04:54:00,,,,,,,229,240.0,2026-04-22T18:07:00,2.7,13.5,,
2026-04-23,,,,,,,,,,,,,,,,5.5,2026-04-23T23:00:00,,,0,,28.0,80,63,2026-04-23T08:23:00,97,2026-04-23T23:20:00,,,,,,,,,,,,,,,,,,,,,,,,,,,,,,,,,,,,,,,,,,,,,,,,,,,,,,,,,,,,,,,,,1007.6,1012.2,2026-04-23T20:48:00,1005.6,2026-04-23T13:57:00,,,25.2,30.0,2026-04-23T10:40:00,19.5,2026-04-23T23:07:00,,,,,,,258,238.0,2026-04-23T08:51:00,3.9,13.3,,
2026-04-24,,,,,,,,,,,,,,,,13.5,2026-04-24T20:00:00,,,0,,43.5,96,91,2026-04-24T11:56:00,98,2026-04-24T04:40:00,,,,,,,,,,,,,,,,,,,,,,,,,,,,,,,,,,,,,,,,,,,,,,,,,,,,,,,,,,,,,,,,,1014.0,1017.9,2026-04-24T21:56:00,1010.6,2026-04-24T02:30:00,,,19.1,19.8,2026-04-24T01:50:00,17.7,2026-04-24T19:57:00,,,,,,,68,66.0,2026-04-24T14:28:00,1.7,7.1,,
2026-04-25,,,,,,,,,,,,,,,,0.5,2026-04-25T02:00:00,,,0,,2.5,88,62,2026-04-25T09:51:00,99,2026-04-25T02:11:00,,,,,,,,,,,,,,,,,,,,,,,,,,,,,,,,,,,,,,,,,,,,,,,,,,,,,,,,,,,,,,,,,1015.6,1016.9,2026-04-25T10:34:00,1014.4,2026-04-25T15:58:00,,,19.7,23.8,2026-04-25T09:56:00,17.3,2026-04-25T04:37:00,,,,,,,82,83.0,2026-04-25T09:53:00,1.4,8.1,,
2026-04-26,,,0.0,,,24.0,24.0,24.0,,,,0.0,0.0,0.0,0.0,0.0,2026-04-26T01:00:00,0.0,0.0,0,,0.0,76,47,2026-04-26T16:06:00,95,2026-04-26T05:20:00,,,0.0,,,,,,,24.0,,,,,,,,,24.0,,,,,,,,,24.0,,,,,,,,,24.0,,,,,,,,,24.0,,,,,,,,,24.0,,,,,,,0.0,,,1013.6,1015.9,2026-04-26T08:44:00,1011.5,2026-04-26T15:48:00,,24.0,22.7,29.5,2026-04-26T14:49:00,17.9,2026-04-26T05:17:00,,,,,,,128,59.0,2026-04-26T08:37:00,1.0,4.9,0.0,0.0
2026-04-27,,,0.0,,,24.0,24.0,24.0,,,,0.0,0.0,0.0,0.0,0.0,2026-04-27T01:00:00,0.0,0.0,0,,0.0,80,62,2026-04-27T08:28:00,95,2026-04-27T23:02:00,,,0.0,,,,,,,24.0,,,,,,,,,24.0,,,,,,,,,24.0,,,,,,,,,24.0,,,,,,,,,24.0,,,,,,,,,24.0,,,,,,,0.0,,,1013.2,1014.8,2026-04-27T08:33:00,1011.9,2026-04-27T15:17:00,,24.0,23.2,28.7,2026-04-27T12:39:00,18.0,2026-04-27T01:47:00,,,,,,,314,240.0,2026-04-27T08:47:00,1.2,4.7,0.0,0.0
2026-04-28,,,0.0,,,24.0,24.0,24.0,,,,0.0,0.0,0.0,0.0,0.0,2026-04-28T01:00:00,0.0,0.0,0,,0.0,77,40,2026-04-28T15:31:00,97,2026-04-28T02:04:00,,,0.0,,,,,,,24.0,,,,,,,,,24.0,,,,,,,,,24.0,,,,,,,,,24.0,,,,,,,,,24.0,,,,,,,,,24.0,,,,,,,0.0,,,1012.1,1013.6,2026-04-28T10:56:00,1010.4,2026-04-28T15:41:00,,24.0,24.5,28.6,2026-04-28T14:06:00,19.6,2026-04-28T04:45:00,,,,,,,332,329.0,2026-04-28T11:25:00,1.2,5.0,0.0,0.0
2026-04-29,,,0.0,,,24.0,24.0,24.0,,,,0.0,0.0,0.0,0.0,3.5,2026-04-29T18:00:00,0.0,0.0,0,,6.5,87,66,2026-04-29T09:08:00,96,2026-04-29T18:21:00,,,0.0,,,,,,,24.0,,,,,,,,,24.0,,,,,,,,,24.0,,,,,,,,,24.0,,,,,,,,,24.0,,,,,,,,,24.0,,,,,,,0.0,,,1011.5,1015.1,2026-04-29T22:35:00,1009.3,2026-04-29T15:01:00,,24.0,23.8,29.1,2026-04-29T11:16:00,20.1,2026-04-29T23:47:00,,,,,,,334,43.0,2026-04-29T22:06:00,1.6,8.3,0.0,0.0
2026-04-30,,,0.0,,,24.0,24.0,24.0,,,,0.0,0.0,0.0,0.0,7.0,2026-04-30T13:00:00,0.0,0.0,0,,13.5,95,90,2026-04-30T00:03:00,97,2026-04-30T08:30:00,,,0.0,,,,,,,24.0,,,,,,,,,24.0,,,,,,,,,24.0,,,,,,,,,24.0,,,,,,,,,24.0,,,,,,,,,24.0,,,,,,,0.0,,,1015.6,1017.2,2026-04-30T21:12:00,1013.6,2026-04-30T03:27:00,,24.0,18.6,20.2,2026-04-30T00:01:00,17.8,2026-04-30T19:23:00,,,,,,,54,37.0,2026-04-30T09:46:00,2.0,8.6,0.0,0.0
2026-05-01,,,0.0,,,24.0,24.0,24.0,,,,0.0,0.0,0.0,0.0,0.0,2026-05-01T01:00:00,0.0,0.0,0,,0.0,75,56,2026-05-01T13:47:00,94,2026-05-01T00:09:00,,,0.0,,,,,,,24.0,,,,,,,,,24.0,,,,,,,,,24.0,,,,,,,,,24.0,,,,,,,,,24.0,,,,,,,,,24.0,,,,,,,0.0,,,1014.8,1016.6,2026-05-01T07:53:00,1012.7,2026-05-01T16:14:00,,24.0,21.9,26.7,2026-05-01T13:47:00,18.0,2026-05-01T00:01:00,,,,,,,73,59.0,2026-05-01T11:07:00,1.6,7.8,0.0,0.0
2026-05-02,,,0.0,,,24.0,24.0,24.0,,,,0.0,0.0,0.0,0.0,0.0,2026-05-02T01:00:00,0.0,0.0,0,,0.0,79,62,2026-05-02T15:51:00,92,2026-05-02T05:50:00,,,0.0,,,,,,,24.0,,,,,,,,,24.0,,,,,,,,,24.0,,,,,,,,,24.0,,,,,,,,,24.0,,,,,,,,,24.0,,,,,,,0.0,,,1011.7,1013.7,2026-05-02T08:15:00,1009.5,2026-05-02T17:04:00,,24.0,24.5,28.2,2026-05-02T16:36:00,20.9,2026-05-02T00:01:00,,,,,,,170,321.0,2026-05-02T08:08:00,1.2,6.1,0.0,0.0
2026-05-03,,,0.0,,,24.0,24.0,24.0,,,,0.0,0.0,0.0,0.0,0.0,2026-05-03T01:00:00,0.0,0.0,0,,0.0,86,72,2026-05-03T07:50:00,93,2026-05-03T04:45:00,,,0.0,,,,,,,24.0,,,,,,,,,24.0,,,,,,,,,24.0,,,,,,,,,24.0,,,,,,,,,24.0,,,,,,,,,24.0,,,,,,,0.0,,,1010.1,1013.7,2026-05-03T23:53:00,1008.0,2026-05-03T04:36:00,,24.0,25.8,29.2,2026-05-03T08:02:00,22.3,2026-05-03T02:41:00,,,,,,,264,262.0,2026-05-03T10:50:00,2.7,11.3,0.0,0.0
2026-05-04,,,0.0,,,24.0,24.0,24.0,,,,0.0,0.0,0.0,0.0,0.5,2026-05-04T19:00:00,0.0,0.0,0,,1.5,71,43,2026-05-04T17:49:00,88,2026-05-04T20:10:00,,,0.0,,,,,,,24.0,,,,,,,,,24.0,,,,,,,,,24.0,,,,,,,,,24.0,,,,,,,,,24.0,,,,,,,,,24.0,,,,,,,0.0,,,1015.8,1018.2,2026-05-04T08:58:00,1013.6,2026-05-04T00:01:00,,24.0,21.1,26.2,2026-05-04T12:46:00,16.8,2026-05-04T19:33:00,,,,,,,77,71.0,2026-05-04T15:50:00,2.9,14.6,0.0,0.0
2026-05-05,,,0.0,,,24.0,24.0,24.0,,,,0.0,0.0,0.0,0.0,3.0,2026-05-05T09:00:00,0.0,0.0,0,,16.5,92,79,2026-05-05T00:02:00,98,2026-05-05T21:50:00,,,0.0,,,,,,,24.0,,,,,,,,,24.0,,,,,,,,,24.0,,,,,,,,,24.0,,,,,,,,,24.0,,,,,,,,,24.0,,,,,,,0.0,,,1014.3,1015.6,2026-05-05T08:52:00,1012.7,2026-05-05T18:26:00,,24.0,20.2,22.4,2026-05-05T12:52:00,18.5,2026-05-05T01:46:00,,,,,,,100,93.0,2026-05-05T00:02:00,0.9,6.8,0.0,0.0
2026-05-06,,,0.0,,,24.0,24.0,24.0,,,,0.0,0.0,0.0,0.0,1.0,2026-05-06T01:00:00,0.0,0.0,0,,4.0,87,67,2026-05-06T15:09:00,100,2026-05-06T05:36:00,,,0.0,,,,,,,24.0,,,,,,,,,24.0,,,,,,,,,24.0,,,,,,,,,24.0,,,,,,,,,24.0,,,,,,,,,24.0,,,,,,,0.0,,,1013.0,1014.6,2026-05-06T09:10:00,1011.7,2026-05-06T16:38:00,,24.0,23.2,27.5,2026-05-06T15:07:00,20.3,2026-05-06T01:04:00,,,,,,,41,35.0,2026-05-06T14:27:00,1.2,7.2,0.0,0.0
2026-05-07,,,0.0,,,24.0,24.0,24.0,,,,0.0,0.0,0.0,0.0,0.0,2026-05-07T01:00:00,0.0,0.0,0,,0.0,87,71,2026-05-07T12:37:00,97,2026-05-07T01:24:00,,,0.0,,,,,,,24.0,,,,,,,,,24.0,,,,,,,,,24.0,,,,,,,,,24.0,,,,,,,,,24.0,,,,,,,,,24.0,,,,,,,0.0,,,1011.9,1013.5,2026-05-07T07:05:00,1010.2,2026-05-07T15:09:00,,24.0,24.5,28.6,2026-05-07T12:33:00,20.6,2026-05-07T01:06:00,,,,,,,354,347.0,2026-05-07T12:16:00,1.4,5.8,0.0,0.0
2026-05-08,,,0.0,,,24.0,24.0,24.0,,,,0.0,0.0,0.0,0.0,0.0,2026-05-08T01:00:00,0.0,0.0,0,,0.0,85,70,2026-05-08T09:15:00,98,2026-05-08T04:32:00,,,0.0,,,,,,,24.0,,,,,,,,,24.0,,,,,,,,,24.0,,,,,,,,,24.0,,,,,,,,,24.0,,,,,,,,,24.0,,,,,,,0.0,,,1014.0,1016.4,2026-05-08T21:59:00,1011.5,2026-05-08T01:11:00,,24.0,23.3,28.7,2026-05-08T09:19:00,20.6,2026-05-08T21:41:00,,,,,,,61,51.0,2026-05-08T22:54:00,2.5,12.9,0.0,0.0
2026-05-09,,,0.0,,,24.0,24.0,24.0,,,,0.0,0.0,0.0,0.0,0.5,2026-05-09T17:00:00,0.0,0.0,0,,0.5,82,72,2026-05-09T11:13:00,91,2026-05-09T16:54:00,,,0.0,,,,,,,24.0,,,,,,,,,24.0,,,,,,,,,24.0,,,,,,,,,24.0,,,,,,,,,24.0,,,,,,,,,24.0,,,,,,,0.0,,,1015.3,1017.6,2026-05-09T09:32:00,1014.0,2026-05-09T23:59:00,,24.0,21.1,22.9,2026-05-09T13:14:00,20.4,2026-05-09T00:31:00,,,,,,,56,63.0,2026-05-09T11:39:00,2.9,11.5,0.0,0.0
2026-05-10,,,0.0,,,24.0,24.0,24.0,,,,0.0,0.0,0.0,0.0,0.0,2026-05-10T01:00:00,0.0,0.0,0,,0.0,91,79,2026-05-10T10:59:00,96,2026-05-10T19:32:00,,,0.0,,,,,,,24.0,,,,,,,,,24.0,,,,,,,,,24.0,,,,,,,,,24.0,,,,,,,,,24.0,,,,,,,,,24.0,,,,,,,0.0,,,1013.4,1014.4,2026-05-10T08:55:00,1012.4,2026-05-10T16:03:00,,24.0,22.9,26.1,2026-05-10T10:50:00,21.7,2026-05-10T01:33:00,,,,,,,66,64.0,2026-05-10T00:07:00,1.2,7.6,0.0,0.0
2026-05-11,,,0.0,,,24.0,24.0,24.0,,,,0.0,0.0,0.0,0.0,0.0,2026-05-11T01:00:00,0.0,0.0,0,,0.0,85,66,2026-05-11T15:14:00,98,2026-05-11T03:33:00,,,0.0,,,,,,,24.0,,,,,,,,,24.0,,,,,,,,,24.0,,,,,,,,,24.0,,,,,,,,,24.0,,,,,,,,,24.0,,,,,,,0.0,,,1011.3,1013.3,2026-05-11T08:21:00,1009.5,2026-05-11T23:34:00,,24.0,24.4,28.3,2026-05-11T15:42:00,22.4,2026-05-11T02:15:00,,,,,,,357,343.0,2026-05-11T05:04:00,1.4,6.1,0.0,0.0
2026-05-12,,,0.0,,,24.0,24.0,24.0,,,,0.0,0.0,0.0,0.0,0.0,2026-05-12T01:00:00,0.0,0.0,0,,0.0,82,64,2026-05-12T15:12:00,97,2026-05-12T05:54:00,,,0.0,,,,,,,24.0,,,,,,,,,24.0,,,,,,,,,24.0,,,,,,,,,24.0,,,,,,,,,24.0,,,,,,,,,24.0,,,,,,,0.0,,,1008.6,1010.5,2026-05-12T07:23:00,1006.9,2026-05-12T15:05:00,,24.0,24.9,29.2,2026-05-12T13:01:00,22.1,2026-05-12T01:52:00,,,,,,,8,50.0,2026-05-12T19:41:00,0.9,4.8,0.0,0.0
2026-05-13,,,0.0,,,24.0,24.0,24.0,,,,0.0,0.0,0.0,0.0,5.0,2026-05-13T17:00:00,0.0,0.0,0,,16.0,89,70,2026-05-13T09:33:00,98,2026-05-13T22:20:00,,,0.0,,,,,,,24.0,,,,,,,,,24.0,,,,,,,,,24.0,,,,,,,,,24.0,,,,,,,,,24.0,,,,,,,,,24.0,,,,,,,0.0,,,1007.9,1009.8,2026-05-13T10:48:00,1006.5,2026-05-13T23:57:00,,24.0,23.6,27.9,2026-05-13T09:30:00,20.7,2026-05-13T17:48:00,,,,,,,34,24.0,2026-05-13T15:47:00,1.0,6.4,0.0,0.0
2026-05-14,,,0.0,,,24.0,24.0,24.0,,,,0.0,0.0,0.0,0.0,5.5,2026-05-14T03:00:00,0.0,0.0,0,,16.0,96,88,2026-05-14T14:20:00,100,2026-05-14T07:22:00,,,0.0,,,,,,,24.0,,,,,,,,,24.0,,,,,,,,,24.0,,,,,,,,,24.0,,,,,,,,,24.0,,,,,,,,,24.0,,,,,,,0.0,,,1008.3,1011.0,2026-05-14T21:51:00,1005.6,2026-05-14T01:03:00,,24.0,22.9,24.6,2026-05-14T15:36:00,21.8,2026-05-14T00:01:00,,,,,,,167,165.0,2026-05-14T12:09:00,1.2,6.7,0.0,0.0
2026-05-15,,,0.0,,,24.0,24.0,24.0,,,,0.0,0.0,0.0,0.0,0.0,2026-05-15T01:00:00,0.0,0.0,0,,0.0,77,55,2026-05-15T13:52:00,99,2026-05-15T03:16:00,,,0.0,,,,,,,24.0,,,,,,,,,24.0,,,,,,,,,24.0,,,,,,,,,24.0,,,,,,,,,24.0,,,,,,,,,24.0,,,,,,,0.0,,,1009.7,1011.5,2026-05-15T08:45:00,1007.4,2026-05-15T16:17:00,,24.0,25.8,31.8,2026-05-15T12:57:00,22.1,2026-05-15T00:02:00,,,,,,,88,95.0,2026-05-15T16:22:00,1.9,9.3,0.0,0.0
2026-05-16,,,1.0,,,24.0,24.0,24.0,,,,0.0,0.0,0.0,0.0,0.0,2026-05-16T01:00:00,0.0,0.0,0,,0.0,61,-9997,,-9997,,,,1.0,,,,,,,24.0,,,,,,,,,24.0,,,,,,,,,24.0,,,,,,,,,24.0,,,,,,,,,24.0,,,,,,,,,24.0,,,,,,,1.0,,,1010.8,-9999.7,,-9999.7,,,24.0,26.4,-99.7,,-99.7,,,,,,,,97,-999.7,,3.1,-99.7,1.0,1.0
2026-05-17,,,0.0,,,24.0,24.0,24.0,,,,0.0,0.0,0.0,1.0,0.0,2026-05-17T02:00:00,1.0,1.0,0,,0.0,61,43,2026-05-17T13:17:00,74,2026-05-17T04:46:00,,,0.0,,,,,,,24.0,,,,,,,,,24.0,,,,,,,,,24.0,,,,,,,,,24.0,,,,,,,,,24.0,,,,,,,,,24.0,,,,,,,0.0,,,1010.8,1012.6,2026-05-17T09:10:00,1009.0,2026-05-17T16:16:00,,24.0,26.6,32.4,2026-05-17T13:38:00,22.6,2026-05-17T04:52:00,,,,,,,98,82.0,2026-05-17T11:23:00,2.0,9.2,0.0,0.0
2026-05-18,,,1.0,,,24.0,24.0,24.0,,,,0.0,0.0,0.0,1.0,0.0,2026-05-18T01:00:00,1.0,1.0,0,,0.0,70,54,2026-05-18T09:29:00,89,2026-05-18T23:59:00,,,1.0,,,,,,,24.0,,,,,,,,,24.0,,,,,,,,,24.0,,,,,,,,,24.0,,,,,,,,,24.0,,,,,,,,,24.0,,,,,,,1.0,,,1010.6,1012.0,2026-05-18T10:01:00,1009.1,2026-05-18T16:18:00,,24.0,26.1,31.2,2026-05-18T11:19:00,22.1,2026-05-18T23:56:00,,,,,,,119,338.0,2026-05-18T12:20:00,1.4,4.9,1.0,1.0
2026-05-19,,,0.0,,,24.0,24.0,24.0,,,,0.0,0.0,0.0,0.0,0.0,2026-05-19T01:00:00,0.0,0.0,0,,0.0,80,67,2026-05-19T15:13:00,91,2026-05-19T01:09:00,,,0.0,,,,,,,24.0,,,,,,,,,24.0,,,,,,,,,24.0,,,,,,,,,24.0,,,,,,,,,24.0,,,,,,,,,24.0,,,,,,,0.0,,,1009.5,1010.8,2026-05-19T09:22:00,1008.6,2026-05-19T15:56:00,,24.0,25.9,29.8,2026-05-19T13:16:00,22.1,2026-05-19T00:08:00,,,,,,,292,242.0,2026-05-19T06:44:00,1.2,5.3,0.0,0.0
2026-05-20,,,0.0,,,24.0,24.0,24.0,,,,0.0,0.0,0.0,0.0,0.0,2026-05-20T01:00:00,0.0,0.0,0,,0.0,81,64,2026-05-20T09:59:00,94,2026-05-20T02:37:00,,,0.0,,,,,,,24.0,,,,,,,,,24.0,,,,,,,,,24.0,,,,,,,,,24.0,,,,,,,,,24.0,,,,,,,,,24.0,,,,,,,0.0,,,1008.7,1010.1,2026-05-20T22:14:00,1007.4,2026-05-20T16:03:00,,24.0,26.9,30.7,2026-05-20T10:03:00,22.9,2026-05-20T01:42:00,,,,,,,267,242.0,2026-05-20T17:34:00,2.4,9.5,0.0,0.0
2026-05-21,,,0.0,,,24.0,24.0,24.0,,,,0.0,0.0,0.0,0.0,0.0,2026-05-21T01:00:00,0.0,0.0,0,,0.0,80,64,2026-05-21T09:40:00,88,2026-05-21T04:09:00,,,0.0,,,,,,,24.0,,,,,,,,,24.0,,,,,,,,,24.0,,,,,,,,,24.0,,,,,,,,,24.0,,,,,,,,,24.0,,,,,,,0.0,,,1010.9,1012.3,2026-05-21T21:26:00,1009.4,2026-05-21T01:06:00,,24.0,28.0,31.9,2026-05-21T09:39:00,25.6,2026-05-21T00:36:00,,,,,,,242,248.0,2026-05-21T03:26:00,2.4,8.6,0.0,0.0
2026-05-22,,,0.0,,,24.0,24.0,24.0,,,,0.0,0.0,0.0,0.0,0.0,2026-05-22T01:00:00,0.0,0.0,0,,0.0,82,70,2026-05-22T08:38:00,92,2026-05-22T05:03:00,,,0.0,,,,,,,24.0,,,,,,,,,24.0,,,,,,,,,24.0,,,,,,,,,24.0,,,,,,,,,24.0,,,,,,,,,24.0,,,,,,,0.0,,,1010.0,1011.1,2026-05-22T00:01:00,1008.5,2026-05-22T18:40:00,,24.0,28.2,31.2,2026-05-22T13:23:00,25.9,2026-05-22T02:09:00,,,,,,,236,247.0,2026-05-22T16:45:00,2.3,8.6,0.0,0.0
2026-05-23,,,0.0,,,24.0,24.0,24.0,,,,0.0,0.0,0.0,0.0,0.0,2026-05-23T01:00:00,0.0,0.0,0,,0.0,76,60,2026-05-23T15:04:00,91,2026-05-23T03:21:00,,,0.0,,,,,,,24.0,,,,,,,,,24.0,,,,,,,,,24.0,,,,,,,,,24.0,,,,,,,,,24.0,,,,,,,,,24.0,,,,,,,0.0,,,1009.0,1010.2,2026-05-23T10:00:00,1007.7,2026-05-23T15:51:00,,24.0,29.1,32.6,2026-05-23T13:03:00,26.5,2026-05-23T04:53:00,,,,,,,244,238.0,2026-05-23T16:28:00,3.2,11.3,0.0,0.0
2026-05-24,,,0.0,,,24.0,24.0,24.0,,,,0.0,0.0,0.0,0.0,0.0,2026-05-24T01:00:00,0.0,0.0,0,,0.0,77,62,2026-05-24T10:10:00,87,2026-05-24T04:22:00,,,0.0,,,,,,,24.0,,,,,,,,,24.0,,,,,,,,,24.0,,,,,,,,,24.0,,,,,,,,,24.0,,,,,,,,,24.0,,,,,,,0.0,,,1008.8,1010.6,2026-05-24T06:34:00,1007.5,2026-05-24T16:08:00,,24.0,28.7,32.7,2026-05-24T12:36:00,26.3,2026-05-24T03:04:00,,,,,,,222,235.0,2026-05-24T16:07:00,2.7,11.6,0.0,0.0
2026-05-25,,,1.0,,,24.0,24.0,24.0,,,,0.0,0.0,0.0,0.0,0.0,2026-05-25T01:00:00,0.0,0.0,0,,0.0,76,64,2026-05-25T14:29:00,87,2026-05-25T06:07:00,,,1.0,,,,,,,24.0,,,,,,,,,24.0,,,,,,,,,24.0,,,,,,,,,24.0,,,,,,,,,24.0,,,,,,,,,24.0,,,,,,,1.0,,,1007.0,1009.7,2026-05-25T08:18:00,1005.1,2026-05-25T17:14:00,,24.0,29.2,32.0,2026-05-25T15:05:00,26.4,2026-05-25T01:16:00,,,,,,,234,248.0,2026-05-25T09:06:00,3.9,13.0,1.0,1.0
2026-05-26,,,0.0,,,24.0,24.0,24.0,,,,0.0,0.0,0.0,0.0,0.0,2026-05-26T01:00:00,0.0,0.0,0,,0.0,75,63,2026-05-26T10:03:00,85,2026-05-26T03:11:00,,,0.0,,,,,,,24.0,,,,,,,,,24.0,,,,,,,,,24.0,,,,,,,,,24.0,,,,,,,,,24.0,,,,,,,,,24.0,,,,,,,0.0,,,1005.3,1007.4,2026-05-26T08:33:00,1003.4,2026-05-26T16:05:00,,24.0,29.5,32.8,2026-05-26T14:08:00,27.4,2026-05-26T05:05:00,,,,,,,239,244.0,2026-05-26T08:18:00,4.6,13.9,0.0,0.0
2026-05-27,,,0.0,,,24.0,24.0,24.0,,,,0.0,0.0,0.0,0.0,0.0,2026-05-27T01:00:00,0.0,0.0,0,,0.0,78,63,2026-05-27T16:03:00,92,2026-05-27T22:22:00,,,0.0,,,,,,,24.0,,,,,,,,,24.0,,,,,,,,,24.0,,,,,,,,,24.0,,,,,,,,,24.0,,,,,,,,,24.0,,,,,,,0.0,,,1006.8,1010.4,2026-05-27T21:46:00,1004.6,2026-05-27T16:43:00,,24.0,29.7,33.4,2026-05-27T15:04:00,26.9,2026-05-27T23:38:00,,,,,,,242,249.0,2026-05-27T08:45:00,4.2,13.3,0.0,0.0
2026-05-28,,,0.0,,,24.0,24.0,24.0,,,,0.0,0.0,0.0,0.0,0.0,2026-05-28T01:00:00,0.0,0.0,0,,0.0,82,68,2026-05-28T10:46:00,92,2026-05-28T21:51:00,,,0.0,,,,,,,24.0,,,,,,,,,24.0,,,,,,,,,24.0,,,,,,,,,24.0,,,,,,,,,24.0,,,,,,,,,24.0,,,,,,,0.0,,,1008.4,1010.1,2026-05-28T21:46:00,1006.0,2026-05-28T14:47:00,,24.0,29.5,32.9,2026-05-28T14:02:00,26.7,2026-05-28T04:41:00,,,,,,,245,240.0,2026-05-28T15:38:00,2.4,9.4,0.0,0.0
2026-05-29,,,0.0,,,24.0,24.0,24.0,,,,0.0,0.0,0.0,0.0,0.0,2026-05-29T01:00:00,0.0,0.0,0,,0.0,80,55,2026-05-29T14:37:00,94,2026-05-29T05:40:00,,,0.0,,,,,,,24.0,,,,,,,,,24.0,,,,,,,,,24.0,,,,,,,,,24.0,,,,,,,,,24.0,,,,,,,,,24.0,,,,,,,0.0,,,1009.6,1011.3,2026-05-29T08:51:00,1007.8,2026-05-29T16:43:00,,24.0,27.2,29.8,2026-05-29T15:23:00,25.1,2026-05-29T21:04:00,,,,,,,63,60.0,2026-05-29T16:15:00,2.0,9.4,0.0,0.0
2026-05-30,,,0.0,,,24.0,24.0,24.0,,,,0.0,0.0,0.0,0.0,0.0,2026-05-30T01:00:00,0.0,0.0,0,,0.0,68,58,2026-05-30T08:39:00,76,2026-05-30T03:06:00,,,0.0,,,,,,,24.0,,,,,,,,,24.0,,,,,,,,,24.0,,,,,,,,,24.0,,,,,,,,,24.0,,,,,,,,,24.0,,,,,,,0.0,,,1009.4,1010.6,2026-05-30T22:02:00,1008.1,2026-05-30T15:48:00,,24.0,26.7,30.2,2026-05-30T09:44:00,24.3,2026-05-30T23:51:00,,,,,,,50,50.0,2026-05-30T17:22:00,2.8,11.4,0.0,0.0
2026-05-31,,,0.0,,,24.0,24.0,24.0,,,,0.0,0.0,0.0,0.0,0.0,2026-05-31T01:00:00,0.0,0.0,0,,0.0,68,53,2026-05-31T09:31:00,81,2026-05-31T05:07:00,,,0.0,,,,,,,24.0,,,,,,,,,24.0,,,,,,,,,24.0,,,,,,,,,24.0,,,,,,,,,24.0,,,,,,,,,24.0,,,,,,,0.0,,,1009.2,1010.2,2026-05-31T08:59:00,1007.8,2026-05-31T16:19:00,,24.0,26.1,29.3,2026-05-31T12:21:00,23.2,2026-05-31T05:14:00,,,,,,,46,62.0,2026-05-31T14:37:00,2.6,10.6,0.0,0.0
2026-06-01,,,0.0,,,24.0,24.0,24.0,,,,0.0,0.0,0.0,0.0,0.0,2026-06-01T01:00:00,0.0,0.0,0,,0.0,79,59,2026-06-01T09:59:00,91,2026-06-01T23:22:00,,,0.0,,,,,,,24.0,,,,,,,,,24.0,,,,,,,,,24.0,,,,,,,,,24.0,,,,,,,,,24.0,,,,,,,,,24.0,,,,,,,0.0,,,1008.1,1009.9,2026-06-01T07:24:00,1006.4,2026-06-01T16:20:00,,24.0,25.9,30.6,2026-06-01T10:05:00,21.8,2026-06-01T05:14:00,,,,,,,67,65.0,2026-06-01T00:37:00,1.0,4.3,0.0,0.0
2026-06-02,,,0.0,,,24.0,24.0,24.0,,,,0.0,0.0,0.0,0.0,0.0,2026-06-02T01:00:00,0.0,0.0,0,,0.0,80,64,2026-06-02T11:07:00,94,2026-06-02T02:13:00,,,0.0,,,,,,,24.0,,,,,,,,,24.0,,,,,,,,,24.0,,,,,,,,,24.0,,,,,,,,,24.0,,,,,,,,,24.0,,,,,,,0.0,,,1006.6,1008.2,2026-06-02T07:20:00,1005.1,2026-06-02T17:51:00,,24.0,27.9,32.1,2026-06-02T11:04:00,24.1,2026-06-02T01:55:00,,,,,,,317,244.0,2026-06-02T17:05:00,1.1,5.5,0.0,0.0
2026-06-03,,,0.0,,,24.0,24.0,24.0,,,,0.0,0.0,0.0,0.0,0.0,2026-06-03T01:00:00,0.0,0.0,0,,0.0,76,64,2026-06-03T09:31:00,85,2026-06-03T00:46:00,,,0.0,,,,,,,24.0,,,,,,,,,24.0,,,,,,,,,24.0,,,,,,,,,24.0,,,,,,,,,24.0,,,,,,,,,24.0,,,,,,,0.0,,,1005.2,1006.7,2026-06-03T06:36:00,1003.3,2026-06-03T15:48:00,,24.0,29.0,32.9,2026-06-03T14:24:00,25.5,2026-06-03T05:30:00,,,,,,,243,241.0,2026-06-03T10:32:00,2.0,8.3,0.0,0.0
2026-06-04,,,0.0,,,24.0,24.0,24.0,,,,0.0,0.0,0.0,0.0,2.0,2026-06-04T20:00:00,0.0,0.0,0,,2.0,82,67,2026-06-04T10:56:00,96,2026-06-04T22:32:00,,,0.0,,,,,,,24.0,,,,,,,,,24.0,,,,,,,,,24.0,,,,,,,,,24.0,,,,,,,,,24.0,,,,,,,,,24.0,,,,,,,0.0,,,1003.7,1005.3,2026-06-04T19:13:00,1002.2,2026-06-04T15:38:00,,24.0,28.4,32.7,2026-06-04T10:53:00,25.2,2026-06-04T21:39:00,,,,,,,245,256.0,2026-06-04T13:03:00,2.1,10.2,0.0,0.0
2026-06-05,,,0.0,,,24.0,24.0,24.0,,,,0.0,0.0,0.0,0.0,3.0,2026-06-05T19:00:00,0.0,0.0,0,,12.0,92,72,2026-06-05T15:16:00,97,2026-06-05T02:47:00,,,0.0,,,,,,,24.0,,,,,,,,,24.0,,,,,,,,,24.0,,,,,,,,,24.0,,,,,,,,,24.0,,,,,,,,,24.0,,,,,,,0.0,,,1004.4,1005.7,2026-06-05T22:47:00,1003.0,2026-06-05T15:05:00,,24.0,26.8,30.5,2026-06-05T14:22:00,25.5,2026-06-05T01:41:00,,,,,,,36,30.0,2026-06-05T19:34:00,1.2,8.0,0.0,0.0
2026-06-06,,,0.0,,,24.0,24.0,24.0,,,,0.0,0.0,0.0,0.0,0.5,2026-06-06T08:00:00,0.0,0.0,0,,0.5,88,74,2026-06-06T15:36:00,96,2026-06-06T00:01:00,,,0.0,,,,,,,24.0,,,,,,,,,24.0,,,,,,,,,24.0,,,,,,,,,24.0,,,,,,,,,24.0,,,,,,,,,24.0,,,,,,,0.0,,,1006.9,1008.6,2026-06-06T10:32:00,1004.2,2026-06-06T01:29:00,,24.0,26.1,28.9,2026-06-06T15:33:00,24.8,2026-06-06T22:32:00,,,,,,,353,344.0,2026-06-06T05:31:00,2.5,8.6,0.0,0.0
2026-06-07,,,0.0,,,24.0,24.0,24.0,,,,0.0,0.0,0.0,0.0,0.0,2026-06-07T01:00:00,0.0,0.0,0,,0.0,84,68,2026-06-07T14:20:00,96,2026-06-07T01:28:00,,,0.0,,,,,,,24.0,,,,,,,,,24.0,,,,,,,,,24.0,,,,,,,,,24.0,,,,,,,,,24.0,,,,,,,,,24.0,,,,,,,0.0,,,1006.7,1008.3,2026-06-07T08:48:00,1005.1,2026-06-07T14:26:00,,24.0,28.2,32.0,2026-06-07T14:19:00,25.0,2026-06-07T00:01:00,,,,,,,272,257.0,2026-06-07T09:35:00,1.1,5.5,0.0,0.0
2026-06-08,,,0.0,,,24.0,24.0,24.0,,,,0.0,0.0,0.0,0.0,2.0,2026-06-08T23:59:00,0.0,0.0,0,,4.0,87,69,2026-06-08T09:40:00,95,2026-06-08T06:19:00,,,0.0,,,,,,,24.0,,,,,,,,,24.0,,,,,,,,,24.0,,,,,,,,,24.0,,,,,,,,,24.0,,,,,,,,,24.0,,,,,,,0.0,,,1004.6,1006.2,2026-06-08T07:48:00,1003.0,2026-06-08T17:00:00,,24.0,27.4,31.7,2026-06-08T09:38:00,25.6,2026-06-08T05:12:00,,,,,,,111,245.0,2026-06-08T12:21:00,1.3,8.3,0.0,0.0
2026-06-09,,,0.0,,,24.0,24.0,24.0,,,,0.0,0.0,0.0,0.0,53.0,2026-06-09T03:00:00,0.0,0.0,0,,181.5,99,94,2026-06-09T00:01:00,100,2026-06-09T05:46:00,,,0.0,,,,,,,24.0,,,,,,,,,24.0,,,,,,,,,24.0,,,,,,,,,24.0,,,,,,,,,24.0,,,,,,,,,24.0,,,,,,,0.0,,,1004.3,1007.2,2026-06-09T21:41:00,1001.8,2026-06-09T02:24:00,,24.0,23.6,25.7,2026-06-09T01:30:00,22.2,2026-06-09T23:58:00,,,,,,,57,84.0,2026-06-09T18:21:00,2.2,9.6,0.0,0.0
2026-06-10,,,0.0,,,24.0,24.0,24.0,,,,0.0,0.0,0.0,0.0,18.0,2026-06-10T07:00:00,0.0,0.0,0,,70.0,97,89,2026-06-10T15:40:00,100,2026-06-10T00:01:00,,,0.0,,,,,,,24.0,,,,,,,,,24.0,,,,,,,,,24.0,,,,,,,,,24.0,,,,,,,,,24.0,,,,,,,,,24.0,,,,,,,0.0,,,1008.7,1012.2,2026-06-10T22:38:00,1004.8,2026-06-10T03:03:00,,24.0,22.6,23.5,2026-06-10T14:50:00,22.1,2026-06-10T00:06:00,,,,,,,52,74.0,2026-06-10T02:38:00,2.1,9.2,0.0,0.0
2026-06-11,,,0.0,,,24.0,24.0,24.0,,,,0.0,0.0,0.0,0.0,1.5,2026-06-11T03:00:00,0.0,0.0,0,,4.0,93,82,2026-06-11T11:27:00,98,2026-06-11T03:55:00,,,0.0,,,,,,,24.0,,,,,,,,,24.0,,,,,,,,,24.0,,,,,,,,,24.0,,,,,,,,,24.0,,,,,,,,,24.0,,,,,,,0.0,,,1012.7,1014.3,2026-06-11T21:25:00,1011.0,2026-06-11T01:52:00,,24.0,22.8,25.2,2026-06-11T11:17:00,21.5,2026-06-11T04:07:00,,,,,,,72,53.0,2026-06-11T14:03:00,1.2,6.7,0.0,0.0
2026-06-12,,,0.0,,,24.0,24.0,24.0,,,,0.0,0.0,0.0,0.0,7.5,2026-06-12T13:00:00,0.0,0.0,0,,17.5,95,91,2026-06-12T17:04:00,99,2026-06-12T06:33:00,,,0.0,,,,,,,24.0,,,,,,,,,24.0,,,,,,,,,24.0,,,,,,,,,24.0,,,,,,,,,24.0,,,,,,,,,24.0,,,,,,,0.0,,,1012.2,1013.5,2026-06-12T08:54:00,1011.0,2026-06-12T15:49:00,,24.0,23.6,25.5,2026-06-12T15:06:00,22.2,2026-06-12T00:12:00,,,,,,,73,76.0,2026-06-12T18:19:00,1.0,6.0,0.0,0.0
2026-06-13,,,0.0,,,24.0,24.0,24.0,,,,0.0,0.0,0.0,0.0,0.0,2026-06-13T01:00:00,0.0,0.0,0,,0.0,84,68,2026-06-13T15:28:00,96,2026-06-13T04:55:00,,,0.0,,,,,,,24.0,,,,,,,,,24.0,,,,,,,,,24.0,,,,,,,,,24.0,,,,,,,,,24.0,,,,,,,,,24.0,,,,,,,0.0,,,1009.1,1011.4,2026-06-13T00:01:00,1006.7,2026-06-13T23:14:00,,24.0,26.2,30.3,2026-06-13T15:27:00,22.5,2026-06-13T01:03:00,,,,,,,271,282.0,2026-06-13T11:50:00,1.3,5.3,0.0,0.0
2026-06-14,,,0.0,,,24.0,24.0,24.0,,,,0.0,0.0,0.0,0.0,2.5,2026-06-14T15:00:00,0.0,0.0,0,,12.0,85,69,2026-06-14T23:56:00,96,2026-06-14T17:30:00,,,0.0,,,,,,,24.0,,,,,,,,,24.0,,,,,,,,,24.0,,,,,,,,,24.0,,,,,,,,,24.0,,,,,,,,,24.0,,,,,,,0.0,,,1005.8,1006.8,2026-06-14T00:01:00,1004.5,2026-06-14T04:36:00,,24.0,25.9,27.9,2026-06-14T08:28:00,23.8,2026-06-14T18:53:00,,,,,,,216,242.0,2026-06-14T14:07:00,3.1,12.6,0.0,0.0
2026-06-15,,,0.0,,,24.0,24.0,24.0,,,,0.0,0.0,0.0,0.0,2.0,2026-06-15T23:00:00,0.0,0.0,0,,5.0,82,68,2026-06-15T00:08:00,95,2026-06-15T22:44:00,,,0.0,,,,,,,24.0,,,,,,,,,24.0,,,,,,,,,24.0,,,,,,,,,24.0,,,,,,,,,24.0,,,,,,,,,24.0,,,,,,,0.0,,,1006.9,1009.9,2026-06-15T22:04:00,1004.8,2026-06-15T04:35:00,,24.0,26.3,28.3,2026-06-15T07:21:00,24.2,2026-06-15T22:20:00,,,,,,,219,232.0,2026-06-15T09:59:00,2.9,12.4,0.0,0.0
2026-06-16,,,0.0,,,24.0,24.0,24.0,,,,0.0,0.0,0.0,0.0,0.0,2026-06-16T01:00:00,0.0,0.0,0,,0.0,82,69,2026-06-16T09:14:00,95,2026-06-16T02:05:00,,,0.0,,,,,,,24.0,,,,,,,,,24.0,,,,,,,,,24.0,,,,,,,,,24.0,,,,,,,,,24.0,,,,,,,,,24.0,,,,,,,0.0,,,1008.7,1010.8,2026-06-16T22:00:00,1006.7,2026-06-16T03:21:00,,24.0,27.1,31.1,2026-06-16T10:25:00,23.9,2026-06-16T02:20:00,,,,,,,253,241.0,2026-06-16T14:59:00,2.4,12.3,0.0,0.0
2026-06-17,,,0.0,,,24.0,24.0,24.0,,,,0.0,0.0,0.0,0.0,0.0,2026-06-17T01:00:00,0.0,0.0,0,,0.0,87,73,2026-06-17T09:28:00,95,2026-06-17T03:02:00,,,0.0,,,,,,,24.0,,,,,,,,,24.0,,,,,,,,,24.0,,,,,,,,,24.0,,,,,,,,,24.0,,,,,,,,,24.0,,,,,,,0.0,,,1010.6,1012.2,2026-06-17T21:55:00,1009.2,2026-06-17T14:08:00,,24.0,27.5,30.8,2026-06-17T09:27:00,24.7,2026-06-17T03:24:00,,,,,,,246,238.0,2026-06-17T14:39:00,1.9,8.4,0.0,0.0
2026-06-18,,,1.0,,,24.0,24.0,24.0,,,,0.0,0.0,0.0,0.0,0.0,2026-06-18T01:00:00,0.0,0.0,0,,0.0,83,59,2026-06-18T08:31:00,91,2026-06-18T03:59:00,,,1.0,,,,,,,24.0,,,,,,,,,24.0,,,,,,,,,24.0,,,,,,,,,24.0,,,,,,,,,24.0,,,,,,,,,24.0,,,,,,,1.0,,,1011.2,1012.3,2026-06-18T21:43:00,1010.0,2026-06-18T15:51:00,,24.0,28.7,32.8,2026-06-18T08:59:00,25.7,2026-06-18T05:08:00,,,,,,,251,241.0,2026-06-18T15:49:00,1.8,7.5,1.0,1.0
2026-06-19,,,0.0,,,24.0,24.0,24.0,,,,0.0,0.0,0.0,0.0,0.0,2026-06-19T01:00:00,0.0,0.0,0,,0.0,80,59,2026-06-19T08:08:00,92,2026-06-19T00:24:00,,,0.0,,,,,,,24.0,,,,,,,,,24.0,,,,,,,,,24.0,,,,,,,,,24.0,,,,,,,,,24.0,,,,,,,,,24.0,,,,,,,0.0,,,1010.1,1011.3,2026-06-19T00:01:00,1009.0,2026-06-19T15:36:00,,24.0,28.5,31.8,2026-06-19T08:00:00,24.6,2026-06-19T05:17:00,,,,,,,250,237.0,2026-06-19T19:17:00,2.3,10.2,0.0,0.0
2026-06-20,,,0.0,,,24.0,24.0,24.0,,,,0.0,0.0,0.0,0.0,0.0,2026-06-20T01:00:00,0.0,0.0,0,,0.0,77,64,2026-06-20T08:21:00,90,2026-06-20T23:25:00,,,0.0,,,,,,,24.0,,,,,,,,,24.0,,,,,,,,,24.0,,,,,,,,,24.0,,,,,,,,,24.0,,,,,,,,,24.0,,,,,,,0.0,,,1010.3,1011.5,2026-06-20T09:31:00,1009.1,2026-06-20T17:04:00,,24.0,28.6,32.0,2026-06-20T10:20:00,25.2,2026-06-20T05:41:00,,,,,,,244,242.0,2026-06-20T11:30:00,2.3,10.3,0.0,0.0
2026-06-21,,,0.0,,,24.0,24.0,24.0,,,,0.0,0.0,0.0,0.0,0.0,2026-06-21T01:00:00,0.0,0.0,0,,0.0,80,57,2026-06-21T08:46:00,92,2026-06-21T22:59:00,,,0.0,,,,,,,24.0,,,,,,,,,24.0,,,,,,,,,24.0,,,,,,,,,24.0,,,,,,,,,24.0,,,,,,,,,24.0,,,,,,,0.0,,,1009.5,1011.0,2026-06-21T00:01:00,1008.0,2026-06-21T16:10:00,,24.0,28.6,32.8,2026-06-21T08:40:00,25.0,2026-06-21T05:17:00,,,,,,,193,233.0,2026-06-21T00:16:00,1.8,8.2,0.0,0.0
2026-06-22,,,0.0,,,24.0,24.0,24.0,,,,0.0,0.0,0.0,0.0,0.0,2026-06-22T01:00:00,0.0,0.0,0,,0.0,80,65,2026-06-22T08:32:00,95,2026-06-22T01:19:00,,,0.0,,,,,,,24.0,,,,,,,,,24.0,,,,,,,,,24.0,,,,,,,,,24.0,,,,,,,,,24.0,,,,,,,,,24.0,,,,,,,0.0,,,1006.1,1008.3,2026-06-22T07:19:00,1003.8,2026-06-22T16:58:00,,24.0,29.0,32.0,2026-06-22T08:26:00,25.8,2026-06-22T00:01:00,,,,,,,254,244.0,2026-06-22T03:06:00,1.9,8.4,0.0,0.0
2026-06-23,,,0.0,,,24.0,24.0,24.0,,,,0.0,0.0,0.0,0.0,0.0,2026-06-23T01:00:00,0.0,0.0,0,,0.0,79,63,2026-06-23T09:00:00,90,2026-06-23T23:46:00,,,0.0,,,,,,,24.0,,,,,,,,,24.0,,,,,,,,,24.0,,,,,,,,,24.0,,,,,,,,,24.0,,,,,,,,,24.0,,,,,,,0.0,,,1003.8,1004.9,2026-06-23T22:03:00,1002.8,2026-06-23T16:31:00,,24.0,28.9,32.9,2026-06-23T09:02:00,25.4,2026-06-23T06:05:00,,,,,,,243,248.0,2026-06-23T12:32:00,1.6,7.6,0.0,0.0
2026-06-24,,,0.0,,,24.0,24.0,24.0,,,,0.0,0.0,0.0,0.0,0.0,2026-06-24T01:00:00,0.0,0.0,0,,0.0,82,65,2026-06-24T13:54:00,94,2026-06-24T04:34:00,,,0.0,,,,,,,24.0,,,,,,,,,24.0,,,,,,,,,24.0,,,,,,,,,24.0,,,,,,,,,24.0,,,,,,,,,24.0,,,,,,,0.0,,,1003.3,1005.0,2026-06-24T08:16:00,1001.1,2026-06-24T16:03:00,,24.0,29.6,33.9,2026-06-24T14:45:00,26.0,2026-06-24T04:31:00,,,,,,,272,267.0,2026-06-24T10:58:00,1.4,5.1,0.0,0.0
2026-06-25,,,0.0,,,24.0,24.0,24.0,,,,0.0,0.0,0.0,0.0,2.0,2026-06-25T16:00:00,0.0,0.0,0,,7.0,90,76,2026-06-25T13:15:00,98,2026-06-25T23:04:00,,,0.0,,,,,,,24.0,,,,,,,,,24.0,,,,,,,,,24.0,,,,,,,,,24.0,,,,,,,,,24.0,,,,,,,,,24.0,,,,,,,0.0,,,1003.1,1004.8,2026-06-25T22:09:00,1001.7,2026-06-25T03:06:00,,24.0,27.8,31.1,2026-06-25T13:14:00,25.5,2026-06-25T21:25:00,,,,,,,213,260.0,2026-06-25T19:23:00,1.9,8.2,0.0,0.0
2026-06-26,,,0.0,,,24.0,24.0,24.0,,,,0.0,0.0,0.0,0.0,68.0,2026-06-26T06:00:00,0.0,0.0,0,,138.5,96,88,2026-06-26T17:03:00,100,2026-06-26T08:34:00,,,0.0,,,,,,,24.0,,,,,,,,,24.0,,,,,,,,,24.0,,,,,,,,,24.0,,,,,,,,,24.0,,,,,,,,,24.0,,,,,,,0.0,,,1005.0,1007.3,2026-06-26T22:07:00,1002.5,2026-06-26T03:47:00,,24.0,25.5,27.1,2026-06-26T02:36:00,24.4,2026-06-26T22:55:00,,,,,,,87,236.0,2026-06-26T02:47:00,1.2,7.4,0.0,0.0
2026-06-27,,,0.0,,,24.0,24.0,24.0,,,,0.0,0.0,0.0,0.0,5.0,2026-06-27T10:00:00,0.0,0.0,0,,23.0,95,81,2026-06-27T13:24:00,100,2026-06-27T07:11:00,,,0.0,,,,,,,24.0,,,,,,,,,24.0,,,,,,,,,24.0,,,,,,,,,24.0,,,,,,,,,24.0,,,,,,,,,24.0,,,,,,,0.0,,,1005.9,1007.5,2026-06-27T21:56:00,1004.7,2026-06-27T02:14:00,,24.0,25.9,28.8,2026-06-27T13:14:00,24.4,2026-06-27T05:48:00,,,,,,,87,208.0,2026-06-27T15:00:00,1.0,7.9,0.0,0.0
2026-06-28,,,1.0,,,24.0,24.0,24.0,,,,0.0,0.0,0.0,0.0,0.0,2026-06-28T01:00:00,0.0,0.0,0,,0.0,89,-9997,,-9997,,,,1.0,,,,,,,24.0,,,,,,,,,24.0,,,,,,,,,24.0,,,,,,,,,24.0,,,,,,,,,24.0,,,,,,,,,24.0,,,,,,,1.0,,,1007.8,-9999.7,,-9999.7,,,24.0,27.6,-99.7,,-99.7,,,,,,,,118,-999.7,,0.9,-99.7,1.0,1.0
2026-06-29,,,0.0,,,24.0,24.0,24.0,,,,0.0,0.0,0.0,0.0,0.0,2026-06-29T01:00:00,0.0,0.0,0,,0.0,84,66,2026-06-29T13:55:00,100,2026-06-29T02:39:00,,,0.0,,,,,,,24.0,,,,,,,,,24.0,,,,,,,,,24.0,,,,,,,,,24.0,,,,,,,,,24.0,,,,,,,,,24.0,,,,,,,0.0,,,1009.4,1011.7,2026-06-29T22:29:00,1007.9,2026-06-29T16:08:00,,24.0,29.3,33.8,2026-06-29T12:44:00,25.4,2026-06-29T04:50:00,,,,,,,358,354.0,2026-06-29T10:10:00,0.9,4.0,0.0,0.0
2026-06-30,,,0.0,,,24.0,24.0,24.0,,,,0.0,0.0,0.0,0.0,0.0,2026-06-30T01:00:00,0.0,0.0,0,,0.0,82,63,2026-06-30T10:50:00,99,2026-06-30T05:56:00,,,0.0,,,,,,,24.0,,,,,,,,,24.0,,,,,,,,,24.0,,,,,,,,,24.0,,,,,,,,,24.0,,,,,,,,,24.0,,,,,,,0.0,,,1010.2,1011.6,2026-06-30T00:01:00,1009.3,2026-06-30T04:37:00,,24.0,29.0,33.3,2026-06-30T14:25:00,25.2,2026-06-30T04:44:00,,,,,,,331,345.0,2026-06-30T14:15:00,1.2,5.6,0.0,0.0
2026-07-01,,,0.0,,,24.0,24.0,24.0,,,,0.0,0.0,0.0,0.0,0.0,2026-07-01T01:00:00,0.0,0.0,0,,0.0,82,64,2026-07-01T09:48:00,96,2026-07-01T23:41:00,,,0.0,,,,,,,24.0,,,,,,,,,24.0,,,,,,,,,24.0,,,,,,,,,24.0,,,,,,,,,24.0,,,,,,,,,24.0,,,,,,,0.0,,,1009.9,1011.2,2026-07-01T21:33:00,1008.7,2026-07-01T17:06:00,,24.0,29.3,33.4,2026-07-01T11:17:00,25.9,2026-07-01T04:43:00,,,,,,,167,335.0,2026-07-01T13:52:00,1.8,6.1,0.0,0.0
2026-07-02,,,0.0,,,24.0,24.0,24.0,,,,0.0,0.0,0.0,0.0,0.0,2026-07-02T01:00:00,0.0,0.0,0,,0.0,82,64,2026-07-02T15:18:00,98,2026-07-02T00:46:00,,,0.0,,,,,,,24.0,,,,,,,,,24.0,,,,,,,,,24.0,,,,,,,,,24.0,,,,,,,,,24.0,,,,,,,,,24.0,,,,,,,0.0,,,1011.6,1013.8,2026-07-02T21:57:00,1010.2,2026-07-02T04:35:00,,24.0,29.3,33.7,2026-07-02T15:25:00,26.1,2026-07-02T04:38:00,,,,,,,287,276.0,2026-07-02T11:52:00,1.0,3.8,0.0,0.0
2026-07-03,,,0.0,,,24.0,24.0,24.0,,,,0.0,0.0,0.0,0.0,0.0,2026-07-03T01:00:00,0.0,0.0,0,,0.0,78,64,2026-07-03T08:09:00,89,2026-07-03T23:34:00,,,0.0,,,,,,,24.0,,,,,,,,,24.0,,,,,,,,,24.0,,,,,,,,,24.0,,,,,,,,,24.0,,,,,,,,,24.0,,,,,,,0.0,,,1012.6,1013.9,2026-07-03T21:41:00,1011.3,2026-07-03T16:55:00,,24.0,29.8,34.2,2026-07-03T15:41:00,25.7,2026-07-03T04:41:00,,,,,,,166,323.0,2026-07-03T14:02:00,1.4,4.8,0.0,0.0
2026-07-04,,,0.0,,,24.0,24.0,24.0,,,,0.0,0.0,0.0,0.0,0.0,2026-07-04T01:00:00,0.0,0.0,0,,0.0,78,61,2026-07-04T08:46:00,96,2026-07-04T05:34:00,,,0.0,,,,,,,24.0,,,,,,,,,24.0,,,,,,,,,24.0,,,,,,,,,24.0,,,,,,,,,24.0,,,,,,,,,24.0,,,,,,,0.0,,,1012.1,1013.1,2026-07-04T00:01:00,1009.9,2026-07-04T17:41:00,,24.0,29.9,33.6,2026-07-04T14:34:00,26.4,2026-07-04T02:50:00,,,,,,,259,242.0,2026-07-04T23:04:00,1.9,7.1,0.0,0.0
2026-07-05,,,0.0,,,24.0,24.0,24.0,,,,0.0,0.0,0.0,0.0,0.0,2026-07-05T01:00:00,0.0,0.0,0,,0.0,79,62,2026-07-05T09:17:00,89,2026-07-05T21:47:00,,,0.0,,,,,,,24.0,,,,,,,,,24.0,,,,,,,,,24.0,,,,,,,,,24.0,,,,,,,,,24.0,,,,,,,,,24.0,,,,,,,0.0,,,1011.2,1013.0,2026-07-05T07:44:00,1009.4,2026-07-05T16:51:00,,24.0,30.1,33.4,2026-07-05T09:24:00,27.1,2026-07-05T05:29:00,,,,,,,252,247.0,2026-07-05T15:42:00,1.8,7.1,0.0,0.0
2026-07-06,,,0.0,,,24.0,24.0,24.0,,,,0.0,0.0,0.0,0.0,0.0,2026-07-06T01:00:00,0.0,0.0,0,,0.0,76,62,2026-07-06T16:15:00,89,2026-07-06T01:35:00,,,0.0,,,,,,,24.0,,,,,,,,,24.0,,,,,,,,,24.0,,,,,,,,,24.0,,,,,,,,,24.0,,,,,,,,,24.0,,,,,,,0.0,,,1010.2,1011.4,2026-07-06T07:44:00,1009.1,2026-07-06T17:11:00,,24.0,29.9,33.5,2026-07-06T11:23:00,26.7,2026-07-06T04:55:00,,,,,,,254,237.0,2026-07-06T08:59:00,1.8,6.8,0.0,0.0
2026-07-07,,,,,,,,,,,,,,,,0.0,2026-07-07T01:00:00,,,0,,0.0,75,58,2026-07-07T16:04:00,86,2026-07-07T00:59:00,,,,,,,,,,,,,,,,,,,,,,,,,,,,,,,,,,,,,,,,,,,,,,,,,,,,,,,,,,,,,,,,,1009.1,1010.2,2026-07-07T06:37:00,1007.5,2026-07-07T17:51:00,,,30.1,33.6,2026-07-07T14:46:00,27.2,2026-07-07T23:15:00,,,,,,,266,252.0,2026-07-07T03:10:00,2.0,8.1,,
2026-07-08,,,0.0,,,24.0,24.0,24.0,,,,0.0,0.0,0.0,0.0,0.0,2026-07-08T01:00:00,0.0,0.0,0,,0.0,76,62,2026-07-08T13:10:00,88,2026-07-08T00:42:00,,,0.0,,,,,,,24.0,,,,,,,,,24.0,,,,,,,,,24.0,,,,,,,,,24.0,,,,,,,,,24.0,,,,,,,,,24.0,,,,,,,0.0,,,1008.3,1010.1,2026-07-08T10:07:00,1006.5,2026-07-08T16:52:00,,24.0,29.7,34.1,2026-07-08T13:07:00,26.1,2026-07-08T04:52:00,,,,,,,272,291.0,2026-07-08T12:23:00,1.3,5.1,0.0,0.0
2026-07-09,,,0.0,,,24.0,24.0,24.0,,,,0.0,0.0,0.0,0.0,0.0,2026-07-09T01:00:00,0.0,0.0,0,,0.0,73,51,2026-07-09T15:24:00,92,2026-07-09T05:03:00,,,0.0,,,,,,,24.0,,,,,,,,,24.0,,,,,,,,,24.0,,,,,,,,,24.0,,,,,,,,,24.0,,,,,,,,,24.0,,,,,,,0.0,,,1005.9,1007.9,2026-07-09T07:36:00,1003.9,2026-07-09T16:03:00,,24.0,29.9,34.8,2026-07-09T13:53:00,25.4,2026-07-09T05:07:00,,,,,,,61,67.0,2026-07-09T18:29:00,1.5,8.6,0.0,0.0
2026-07-10,,,0.0,,,24.0,24.0,24.0,,,,0.0,0.0,0.0,0.0,0.5,2026-07-10T08:00:00,0.0,0.0,0,,1.5,79,64,2026-07-10T11:18:00,92,2026-07-10T07:32:00,,,0.0,,,,,,,24.0,,,,,,,,,24.0,,,,,,,,,24.0,,,,,,,,,24.0,,,,,,,,,24.0,,,,,,,,,24.0,,,,,,,0.0,,,1000.5,1004.0,2026-07-10T00:01:00,994.6,2026-07-10T23:58:00,,24.0,29.7,33.4,2026-07-10T11:20:00,27.6,2026-07-10T01:55:00,,,,,,,44,65.0,2026-07-10T20:16:00,3.2,15.1,0.0,0.0
2026-07-11,,,0.0,,,24.0,24.0,24.0,,,,0.0,0.0,0.0,0.0,8.5,2026-07-11T12:00:00,0.0,0.0,0,,68.0,95,76,2026-07-11T23:55:00,100,2026-07-11T11:35:00,,,0.0,,,,,,,24.0,,,,,,,,,24.0,,,,,,,,,24.0,,,,,,,,,24.0,,,,,,,,,24.0,,,,,,,,,24.0,,,,,,,0.0,,,989.4,994.6,2026-07-11T00:01:00,985.9,2026-07-11T13:29:00,,24.0,26.6,28.8,2026-07-11T00:03:00,24.2,2026-07-11T20:26:00,,,,,,,7,320.0,2026-07-11T13:14:00,7.9,24.3,0.0,0.0
2026-07-12,,,0.0,,,24.0,24.0,24.0,,,,0.0,0.0,0.0,0.0,1.0,2026-07-12T08:00:00,0.0,0.0,0,,2.0,82,65,2026-07-12T11:25:00,98,2026-07-12T22:48:00,,,0.0,,,,,,,24.0,,,,,,,,,24.0,,,,,,,,,24.0,,,,,,,,,24.0,,,,,,,,,24.0,,,,,,,,,24.0,,,,,,,0.0,,,999.5,1004.6,2026-07-12T23:04:00,991.8,2026-07-12T00:01:00,,24.0,29.4,33.8,2026-07-12T12:29:00,26.3,2026-07-12T01:05:00,,,,,,,213,206.0,2026-07-12T01:20:00,2.7,15.8,0.0,0.0
2026-07-13,,,0.0,,,24.0,24.0,24.0,,,,0.0,0.0,0.0,0.0,0.0,2026-07-13T01:00:00,0.0,0.0,0,,0.0,87,67,2026-07-13T12:52:00,100,2026-07-13T00:22:00,,,0.0,,,,,,,24.0,,,,,,,,,24.0,,,,,,,,,24.0,,,,,,,,,24.0,,,,,,,,,24.0,,,,,,,,,24.0,,,,,,,0.0,,,1006.0,1008.3,2026-07-13T22:18:00,1003.9,2026-07-13T01:35:00,,24.0,29.1,33.4,2026-07-13T12:49:00,27.2,2026-07-13T00:50:00,,,,,,,343,241.0,2026-07-13T01:35:00,1.1,4.2,0.0,0.0
2026-07-14,,,0.0,,,24.0,24.0,24.0,,,,0.0,0.0,0.0,0.0,0.0,2026-07-14T01:00:00,0.0,0.0,0,,0.0,86,65,2026-07-14T12:46:00,100,2026-07-14T04:31:00,,,0.0,,,,,,,24.0,,,,,,,,,24.0,,,,,,,,,24.0,,,,,,,,,24.0,,,,,,,,,24.0,,,,,,,,,24.0,,,,,,,0.0,,,1008.5,1010.4,2026-07-14T22:44:00,1006.7,2026-07-14T04:57:00,,24.0,29.2,33.8,2026-07-14T12:45:00,26.1,2026-07-14T05:14:00,,,,,,,352,337.0,2026-07-14T14:18:00,1.3,4.9,0.0,0.0
2026-07-15,,,0.0,,,24.0,24.0,24.0,,,,0.0,0.0,0.0,0.0,0.0,2026-07-15T01:00:00,0.0,0.0,0,,0.0,80,63,2026-07-15T09:34:00,100,2026-07-15T04:30:00,,,0.0,,,,,,,24.0,,,,,,,,,24.0,,,,,,,,,24.0,,,,,,,,,24.0,,,,,,,,,24.0,,,,,,,,,24.0,,,,,,,0.0,,,1009.0,1010.2,2026-07-15T09:49:00,1007.4,2026-07-15T15:42:00,,24.0,29.9,33.6,2026-07-15T15:16:00,25.9,2026-07-15T04:57:00,,,,,,,245,256.0,2026-07-15T20:01:00,2.6,10.5,0.0,0.0
2026-07-16,,,0.0,,,24.0,24.0,24.0,,,,0.0,0.0,0.0,0.0,0.0,2026-07-16T01:00:00,0.0,0.0,0,,0.0,79,66,2026-07-16T08:30:00,91,2026-07-16T20:48:00,,,0.0,,,,,,,24.0,,,,,,,,,24.0,,,,,,,,,24.0,,,,,,,,,24.0,,,,,,,,,24.0,,,,,,,,,24.0,,,,,,,0.0,,,1008.0,1009.7,2026-07-16T00:07:00,1006.5,2026-07-16T16:44:00,,24.0,29.7,32.4,2026-07-16T15:17:00,26.6,2026-07-16T05:18:00,,,,,,,243,236.0,2026-07-16T21:43:00,3.4,11.9,0.0,0.0
2026-07-17,,,0.0,,,24.0,24.0,24.0,,,,0.0,0.0,0.0,0.0,0.0,2026-07-17T01:00:00,0.0,0.0,0,,0.0,77,67,2026-07-17T08:30:00,88,2026-07-17T04:33:00,,,0.0,,,,,,,24.0,,,,,,,,,24.0,,,,,,,,,24.0,,,,,,,,,24.0,,,,,,,,,24.0,,,,,,,,,24.0,,,,,,,0.0,,,1006.2,1007.8,2026-07-17T07:17:00,1004.3,2026-07-17T17:00:00,,24.0,29.8,32.4,2026-07-17T09:43:00,27.9,2026-07-17T05:29:00,,,,,,,236,247.0,2026-07-17T20:22:00,4.1,14.7,0.0,0.0
2026-07-18,,,0.0,,,24.0,24.0,24.0,,,,0.0,0.0,0.0,0.0,0.0,2026-07-18T01:00:00,0.0,0.0,0,,0.0,73,62,2026-07-18T09:03:00,83,2026-07-18T21:35:00,,,0.0,,,,,,,24.0,,,,,,,,,24.0,,,,,,,,,24.0,,,,,,,,,24.0,,,,,,,,,24.0,,,,,,,,,24.0,,,,,,,0.0,,,1005.3,1006.5,2026-07-18T00:01:00,1004.1,2026-07-18T03:26:00,,24.0,29.9,32.7,2026-07-18T10:05:00,27.9,2026-07-18T23:28:00,,,,,,,240,241.0,2026-07-18T05:55:00,3.8,12.2,0.0,0.0
2026-07-19,,,0.0,,,24.0,24.0,24.0,,,,0.0,0.0,0.0,0.0,0.0,2026-07-19T01:00:00,0.0,0.0,0,,0.0,75,65,2026-07-19T08:15:00,83,2026-07-19T19:07:00,,,0.0,,,,,,,24.0,,,,,,,,,24.0,,,,,,,,,24.0,,,,,,,,,24.0,,,,,,,,,24.0,,,,,,,,,24.0,,,,,,,0.0,,,1006.0,1007.7,2026-07-19T10:15:00,1004.0,2026-07-19T15:43:00,,24.0,29.8,32.6,2026-07-19T09:44:00,27.5,2026-07-19T05:23:00,,,,,,,243,241.0,2026-07-19T02:53:00,3.0,11.7,0.0,0.0
2026-07-20,,,0.0,,,24.0,24.0,24.0,,,,0.0,0.0,0.0,0.0,0.0,2026-07-20T01:00:00,0.0,0.0,0,,0.0,75,59,2026-07-20T15:27:00,92,2026-07-21T00:00:00,,,0.0,,,,,,,24.0,,,,,,,,,24.0,,,,,,,,,24.0,,,,,,,,,24.0,,,,,,,,,24.0,,,,,,,,,24.0,,,,,,,0.0,,,1007.4,1008.9,2026-07-20T22:04:00,1006.2,2026-07-20T14:13:00,,24.0,29.5,33.1,2026-07-20T09:28:00,26.9,2026-07-20T23:58:00,,,,,,,224,238.0,2026-07-20T10:22:00,2.5,11.4,0.0,0.0
2026-07-21,,,0.0,,,24.0,24.0,24.0,,,,0.0,0.0,0.0,0.0,0.0,2026-07-21T01:00:00,0.0,0.0,0,,0.0,79,66,2026-07-21T15:04:00,93,2026-07-21T00:36:00,,,0.0,,,,,,,24.0,,,,,,,,,24.0,,,,,,,,,24.0,,,,,,,,,24.0,,,,,,,,,24.0,,,,,,,,,24.0,,,,,,,0.0,,,1009.1,1010.3,2026-07-21T22:31:00,1007.6,2026-07-21T14:26:00,,24.0,29.5,34.1,2026-07-21T15:17:00,26.2,2026-07-21T05:08:00,,,,,,,177,236.0,2026-07-21T09:05:00,1.7,8.1,0.0,0.0
2026-07-22,,,0.0,,,24.0,24.0,24.0,,,,0.0,0.0,0.0,0.0,0.0,2026-07-22T01:00:00,0.0,0.0,0,,0.0,75,64,2026-07-22T14:05:00,90,2026-07-23T00:00:00,,,0.0,,,,,,,24.0,,,,,,,,,24.0,,,,,,,,,24.0,,,,,,,,,24.0,,,,,,,,,24.0,,,,,,,,,24.0,,,,,,,0.0,,,1009.1,1010.4,2026-07-22T07:05:00,1007.6,2026-07-22T16:43:00,,24.0,29.7,34.1,2026-07-22T13:09:00,25.7,2026-07-22T04:44:00,,,,,,,267,258.0,2026-07-22T09:49:00,1.5,6.6,0.0,0.0
2026-07-23,,,0.0,,,24.0,24.0,24.0,,,,0.0,0.0,0.0,0.0,0.0,2026-07-23T01:00:00,0.0,0.0,0,,0.0,78,64,2026-07-23T12:02:00,93,2026-07-23T01:00:00,,,0.0,,,,,,,24.0,,,,,,,,,24.0,,,,,,,,,24.0,,,,,,,,,24.0,,,,,,,,,24.0,,,,,,,,,24.0,,,,,,,0.0,,,1008.1,1009.7,2026-07-23T10:34:00,1007.0,2026-07-23T16:23:00,,24.0,30.0,33.9,2026-07-23T12:46:00,26.4,2026-07-23T04:57:00,,,,,,,274,289.0,2026-07-23T10:55:00,1.1,4.9,0.0,0.0
2026-07-24,,,0.0,,,24.0,24.0,24.0,,,,0.0,0.0,0.0,0.0,0.0,2026-07-24T01:00:00,0.0,0.0,0,,0.0,73,51,2026-07-24T16:01:00,98,2026-07-24T03:01:00,,,0.0,,,,,,,24.0,,,,,,,,,24.0,,,,,,,,,24.0,,,,,,,,,24.0,,,,,,,,,24.0,,,,,,,,,24.0,,,,,,,0.0,,,1005.1,1007.4,2026-07-24T00:01:00,1002.3,2026-07-24T17:52:00,,24.0,30.4,35.9,2026-07-24T16:00:00,25.7,2026-07-24T02:31:00,,,,,,,99,72.0,2026-07-24T21:39:00,1.5,8.0,0.0,0.0
2026-07-25,,,0.0,,,24.0,24.0,24.0,,,,0.0,0.0,0.0,0.0,0.0,2026-07-25T01:00:00,0.0,0.0,0,,0.0,79,62,2026-07-25T10:40:00,92,2026-07-25T04:37:00,,,0.0,,,,,,,24.0,,,,,,,,,24.0,,,,,,,,,24.0,,,,,,,,,24.0,,,,,,,,,24.0,,,,,,,,,24.0,,,,,,,0.0,,,1006.2,1008.9,2026-07-25T22:07:00,1003.0,2026-07-25T00:01:00,,24.0,30.7,35.4,2026-07-25T11:25:00,27.8,2026-07-25T05:11:00,,,,,,,340,248.0,2026-07-25T17:12:00,1.4,5.9,0.0,0.0
2026-07-26,,,0.0,,,24.0,24.0,24.0,,,,0.0,0.0,0.0,0.0,0.0,2026-07-26T01:00:00,0.0,0.0,0,,0.0,80,61,2026-07-26T14:20:00,94,2026-07-26T03:00:00,,,0.0,,,,,,,24.0,,,,,,,,,24.0,,,,,,,,,24.0,,,,,,,,,24.0,,,,,,,,,24.0,,,,,,,,,24.0,,,,,,,0.0,,,1007.7,1009.2,2026-07-26T08:28:00,1006.7,2026-07-26T14:29:00,,24.0,30.1,34.8,2026-07-26T14:14:00,27.7,2026-07-26T03:49:00,,,,,,,359,24.0,2026-07-26T12:39:00,1.1,5.3,0.0,0.0
2026-07-27,,,0.0,,,24.0,24.0,24.0,,,,0.0,0.0,0.0,0.0,8.5,2026-07-27T21:00:00,0.0,0.0,0,,13.5,88,75,2026-07-27T08:49:00,100,2026-07-27T20:05:00,,,0.0,,,,,,,24.0,,,,,,,,,24.0,,,,,,,,,24.0,,,,,,,,,24.0,,,,,,,,,24.0,,,,,,,,,24.0,,,,,,,0.0,,,1009.6,1011.8,2026-07-27T21:23:00,1007.2,2026-07-27T00:49:00,,24.0,28.4,31.4,2026-07-27T10:12:00,25.2,2026-07-27T21:01:00,,,,,,,323,321.0,2026-07-27T12:15:00,1.8,6.2,0.0,0.0
2026-07-28,,,0.0,,,24.0,24.0,24.0,,,,0.0,0.0,0.0,0.0,0.0,2026-07-28T01:00:00,0.0,0.0,0,,0.0,87,64,2026-07-28T15:31:00,100,2026-07-28T00:01:00,,,0.0,,,,,,,24.0,,,,,,,,,24.0,,,,,,,,,24.0,,,,,,,,,24.0,,,,,,,,,24.0,,,,,,,,,24.0,,,,,,,0.0,,,1011.7,1012.9,2026-07-28T22:44:00,1011.0,2026-07-28T01:19:00,,24.0,29.1,33.9,2026-07-28T15:54:00,25.7,2026-07-28T02:21:00,,,,,,,322,332.0,2026-07-28T08:33:00,1.4,5.6,0.0,0.0
2026-07-29,,,0.0,,,24.0,24.0,24.0,,,,0.0,0.0,0.0,0.0,0.0,2026-07-29T01:00:00,0.0,0.0,0,,0.0,-9991,68,2026-07-29T13:10:00,100,2026-07-29T00:01:00,,,0.0,,,,,,,24.0,,,,,,,,,24.0,,,,,,,,,24.0,,,,,,,,,24.0,,,,,,,,,24.0,,,,,,,,,24.0,,,,,,,0.0,,,1011.2,1012.4,2026-07-29T00:01:00,1009.5,2026-07-29T18:25:00,,24.0,29.6,33.8,2026-07-29T13:01:00,26.8,2026-07-29T05:35:00,,,,,,,170,241.0,2026-07-29T09:15:00,1.5,4.9,0.0,0.0
2026-07-30,,,0.0,,,24.0,24.0,24.0,,,,0.0,0.0,0.0,0.0,0.0,2026-07-30T01:00:00,0.0,0.0,0,,0.0,-9991,73,2026-07-30T11:31:00,100,2026-07-30T00:01:00,,,0.0,,,,,,,24.0,,,,,,,,,24.0,,,,,,,,,24.0,,,,,,,,,24.0,,,,,,,,,24.0,,,,,,,,,24.0,,,,,,,0.0,,,1010.8,1012.1,2026-07-30T08:51:00,1009.5,2026-07-30T16:26:00,,24.0,29.2,32.7,2026-07-30T11:27:00,27.4,2026-07-30T23:15:00,,,,,,,230,346.0,2026-07-30T16:37:00,1.4,5.0,0.0,0.0
2026-07-31,,,0.0,,,24.0,24.0,24.0,,,,0.0,0.0,0.0,0.0,0.0,2026-07-31T01:00:00,0.0,0.0,0,,0.0,-9991,68,2026-07-31T15:24:00,100,2026-07-31T00:01:00,,,0.0,,,,,,,24.0,,,,,,,,,24.0,,,,,,,,,24.0,,,,,,,,,24.0,,,,,,,,,24.0,,,,,,,,,24.0,,,,,,,0.0,,,1010.2,1011.6,2026-07-31T08:11:00,1007.8,2026-07-31T15:56:00,,24.0,30.0,33.6,2026-07-31T15:57:00,27.4,2026-07-31T00:02:00,,,,,,,1,341.0,2026-07-31T15:41:00,1.6,5.4,0.0,0.0
2026-08-01,,,0.0,,,24.0,24.0,24.0,,,,0.0,0.0,0.0,0.0,0.0,2026-08-01T01:00:00,0.0,0.0,0,,0.0,-9991,64,2026-08-01T09:50:00,100,2026-08-01T00:01:00,,,0.0,,,,,,,24.0,,,,,,,,,24.0,,,,,,,,,24.0,,,,,,,,,24.0,,,,,,,,,24.0,,,,,,,,,24.0,,,,,,,0.0,,,1009.6,1010.6,2026-08-01T09:02:00,1007.9,2026-08-01T15:54:00,,24.0,30.0,34.1,2026-08-01T15:38:00,27.4,2026-08-01T01:23:00,,,,,,,284,248.0,2026-08-01T05:12:00,1.3,5.4,0.0,0.0
2026-08-02,,,0.0,,,24.0,24.0,24.0,,,,0.0,0.0,0.0,0.0,0.0,2026-08-02T01:00:00,0.0,0.0,0,,0.0,-9991,62,2026-08-02T12:33:00,100,2026-08-02T00:01:00,,,0.0,,,,,,,24.0,,,,,,,,,24.0,,,,,,,,,24.0,,,,,,,,,24.0,,,,,,,,,24.0,,,,,,,,,24.0,,,,,,,0.0,,,1008.9,1010.1,2026-08-02T00:01:00,1007.9,2026-08-02T17:40:00,,24.0,30.1,34.2,2026-08-02T14:50:00,26.8,2026-08-02T05:05:00,,,,,,,320,340.0,2026-08-02T11:03:00,1.7,5.5,0.0,0.0
2026-08-03,,,0.0,,,24.0,24.0,24.0,,,,0.0,0.0,0.0,0.0,0.0,2026-08-03T01:00:00,0.0,0.0,0,,0.0,-9991,57,2026-08-03T14:52:00,100,2026-08-03T00:05:00,,,0.0,,,,,,,24.0,,,,,,,,,24.0,,,,,,,,,24.0,,,,,,,,,24.0,,,,,,,,,24.0,,,,,,,,,24.0,,,,,,,0.0,,,1007.5,1009.3,2026-08-03T08:13:00,1005.6,2026-08-03T15:54:00,,24.0,29.8,34.3,2026-08-03T12:31:00,26.1,2026-08-03T23:11:00,,,,,,,3,41.0,2026-08-03T17:15:00,1.2,8.3,0.0,0.0
2026-08-04,,,0.0,,,24.0,24.0,24.0,,,,0.0,0.0,0.0,0.0,0.0,2026-08-04T01:00:00,0.0,0.0,0,,0.0,-9991,49,2026-08-04T09:50:00,100,2026-08-04T03:04:00,,,0.0,,,,,,,24.0,,,,,,,,,24.0,,,,,,,,,24.0,,,,,,,,,24.0,,,,,,,,,24.0,,,,,,,,,24.0,,,,,,,0.0,,,1005.3,1006.9,2026-08-04T08:27:00,1003.3,2026-08-04T16:33:00,,24.0,29.9,35.5,2026-08-04T10:03:00,25.0,2026-08-04T05:13:00,,,,,,,43,55.0,2026-08-04T14:59:00,1.9,11.3,0.0,0.0
2026-08-05,,,0.0,,,24.0,24.0,24.0,,,,0.0,0.0,0.0,0.0,0.0,2026-08-05T01:00:00,0.0,0.0,0,,0.0,-9991,61,2026-08-05T08:33:00,100,2026-08-05T03:38:00,,,0.0,,,,,,,24.0,,,,,,,,,24.0,,,,,,,,,24.0,,,,,,,,,24.0,,,,,,,,,24.0,,,,,,,,,24.0,,,,,,,0.0,,,1003.7,1005.4,2026-08-05T09:27:00,1002.0,2026-08-05T16:43:00,,24.0,30.1,34.8,2026-08-05T13:15:00,24.8,2026-08-05T05:30:00,,,,,,,57,29.0,2026-08-05T17:18:00,1.4,6.5,0.0,0.0
2026-08-06,,,0.0,,,24.0,24.0,24.0,,,,0.0,0.0,0.0,0.0,0.0,2026-08-06T01:00:00,0.0,0.0,0,,0.0,-9991,65,2026-08-06T13:48:00,100,2026-08-06T02:06:00,,,0.0,,,,,,,24.0,,,,,,,,,24.0,,,,,,,,,24.0,,,,,,,,,24.0,,,,,,,,,24.0,,,,,,,,,24.0,,,,,,,0.0,,,1002.0,1003.6,2026-08-06T00:01:00,1000.7,2026-08-06T16:10:00,,24.0,30.0,34.9,2026-08-06T13:18:00,25.8,2026-08-06T05:30:00,,,,,,,67,5.0,2026-08-06T15:18:00,1.4,6.4,0.0,0.0
2026-08-07,,,0.0,,,24.0,24.0,24.0,,,,0.0,0.0,0.0,0.0,1.0,2026-08-07T23:00:00,0.0,0.0,0,,1.0,-9991,59,2026-08-07T16:31:00,100,2026-08-07T00:01:00,,,0.0,,,,,,,24.0,,,,,,,,,24.0,,,,,,,,,24.0,,,,,,,,,24.0,,,,,,,,,24.0,,,,,,,,,24.0,,,,,,,0.0,,,999.3,1001.5,2026-08-07T00:12:00,997.0,2026-08-07T19:52:00,,24.0,30.2,33.9,2026-08-07T13:03:00,27.2,2026-08-07T05:13:00,,,,,,,329,326.0,2026-08-07T22:19:00,1.7,6.6,0.0,0.0
2026-08-08,,,0.0,,,24.0,24.0,24.0,,,,0.0,0.0,0.0,0.0,18.5,2026-08-08T03:00:00,0.0,0.0,0,,29.5,-9991,67,2026-08-08T10:55:00,100,2026-08-08T00:01:00,,,0.0,,,,,,,24.0,,,,,,,,,24.0,,,,,,,,,24.0,,,,,,,,,24.0,,,,,,,,,24.0,,,,,,,,,24.0,,,,,,,0.0,,,995.5,998.5,2026-08-08T02:03:00,992.2,2026-08-08T21:34:00,,24.0,28.8,34.2,2026-08-08T12:27:00,24.3,2026-08-08T03:01:00,,,,,,,186,289.0,2026-08-08T15:56:00,2.4,10.2,0.0,0.0
2026-08-09,,,0.0,,,24.0,24.0,24.0,,,,0.0,0.0,0.0,0.0,29.5,2026-08-09T09:00:00,0.0,0.0,0,,143.0,-9991,83,2026-08-09T22:49:00,100,2026-08-09T00:01:00,,,0.0,,,,,,,24.0,,,,,,,,,24.0,,,,,,,,,24.0,,,,,,,,,24.0,,,,,,,,,24.0,,,,,,,,,24.0,,,,,,,0.0,,,988.7,992.9,2026-08-09T00:10:00,986.4,2026-08-09T16:36:00,,24.0,25.6,28.2,2026-08-09T23:32:00,24.1,2026-08-09T13:38:00,,,,,,,224,240.0,2026-08-09T08:48:00,4.3,14.4,0.0,0.0
2026-08-10,,,0.0,,,24.0,24.0,24.0,,,,0.0,0.0,0.0,0.0,0.0,2026-08-10T01:00:00,0.0,0.0,0,,0.0,-9991,63,2026-08-10T11:42:00,100,2026-08-10T06:08:00,,,0.0,,,,,,,24.0,,,,,,,,,24.0,,,,,,,,,24.0,,,,,,,,,24.0,,,,,,,,,24.0,,,,,,,,,24.0,,,,,,,0.0,,,992.2,997.1,2026-08-10T22:30:00,987.8,2026-08-10T01:31:00,,24.0,29.6,33.8,2026-08-10T11:40:00,26.7,2026-08-10T05:46:00,,,,,,,237,239.0,2026-08-10T14:18:00,2.0,11.5,0.0,0.0
2026-08-11,,,0.0,,,24.0,24.0,24.0,,,,0.0,0.0,0.0,0.0,0.0,2026-08-11T01:00:00,0.0,0.0,0,,0.0,-9991,75,2026-08-11T03:20:00,100,2026-08-11T00:31:00,,,0.0,,,,,,,24.0,,,,,,,,,24.0,,,,,,,,,24.0,,,,,,,,,24.0,,,,,,,,,24.0,,,,,,,,,24.0,,,,,,,0.0,,,998.4,1001.1,2026-08-11T22:43:00,995.8,2026-08-11T03:18:00,,24.0,30.2,33.5,2026-08-11T14:39:00,27.5,2026-08-11T01:13:00,,,,,,,249,214.0,2026-08-11T07:31:00,2.4,10.3,0.0,0.0
2026-08-12,,,0.0,,,24.0,24.0,24.0,,,,0.0,0.0,0.0,0.0,0.0,2026-08-12T01:00:00,0.0,0.0,0,,0.0,-9991,78,2026-08-12T09:12:00,100,2026-08-12T00:01:00,,,0.0,,,,,,,24.0,,,,,,,,,24.0,,,,,,,,,24.0,,,,,,,,,24.0,,,,,,,,,24.0,,,,,,,,,24.0,,,,,,,0.0,,,1000.1,1001.3,2026-08-12T23:35:00,998.6,2026-08-12T15:29:00,,24.0,29.9,32.7,2026-08-12T09:10:00,27.6,2026-08-12T02:47:00,,,,,,,243,250.0,2026-08-12T15:09:00,2.5,11.0,0.0,0.0
2026-08-13,,,0.0,,,24.0,24.0,24.0,,,,0.0,0.0,0.0,0.0,0.0,2026-08-13T01:00:00,0.0,0.0,0,,0.0,-9991,76,2026-08-13T08:47:00,100,2026-08-13T00:01:00,,,0.0,,,,,,,24.0,,,,,,,,,24.0,,,,,,,,,24.0,,,,,,,,,24.0,,,,,,,,,24.0,,,,,,,,,24.0,,,,,,,0.0,,,1001.7,1003.7,2026-08-13T22:33:00,1000.3,2026-08-13T15:35:00,,24.0,30.2,33.1,2026-08-13T12:47:00,28.2,2026-08-13T05:47:00,,,,,,,221,246.0,2026-08-13T12:35:00,2.2,9.3,0.0,0.0
2026-08-14,,,0.0,,,24.0,24.0,24.0,,,,0.0,0.0,0.0,0.0,0.0,2026-08-14T01:00:00,0.0,0.0,0,,0.0,-9991,84,2026-08-14T08:56:00,100,2026-08-14T00:01:00,,,0.0,,,,,,,24.0,,,,,,,,,24.0,,,,,,,,,24.0,,,,,,,,,24.0,,,,,,,,,24.0,,,,,,,,,24.0,,,,,,,0.0,,,1003.5,1005.1,2026-08-14T21:52:00,1002.1,2026-08-14T14:50:00,,24.0,30.1,32.9,2026-08-14T09:12:00,27.7,2026-08-14T04:11:00,,,,,,,259,254.0,2026-08-14T15:21:00,2.1,8.2,0.0,0.0
2026-08-15,,,0.0,,,24.0,24.0,24.0,,,,0.0,0.0,0.0,0.0,0.0,2026-08-15T01:00:00,0.0,0.0,0,,0.0,-9991,75,2026-08-15T08:15:00,100,2026-08-15T00:01:00,,,0.0,,,,,,,24.0,,,,,,,,,24.0,,,,,,,,,24.0,,,,,,,,,24.0,,,,,,,,,24.0,,,,,,,,,24.0,,,,,,,0.0,,,1003.9,1005.1,2026-08-15T08:35:00,1002.7,2026-08-15T14:58:00,,24.0,30.2,33.6,2026-08-15T09:36:00,27.6,2026-08-16T00:00:00,,,,,,,225,244.0,2026-08-15T15:39:00,2.5,11.8,0.0,0.0
2026-08-16,,,0.0,,,24.0,24.0,24.0,,,,0.0,0.0,0.0,0.0,0.0,2026-08-16T01:00:00,0.0,0.0,0,,0.0,-9991,73,2026-08-16T08:28:00,100,2026-08-16T00:01:00,,,0.0,,,,,,,24.0,,,,,,,,,24.0,,,,,,,,,24.0,,,,,,,,,24.0,,,,,,,,,24.0,,,,,,,,,24.0,,,,,,,0.0,,,1003.4,1004.3,2026-08-16T00:01:00,1001.9,2026-08-16T13:43:00,,24.0,29.5,34.3,2026-08-16T14:29:00,26.5,2026-08-16T23:48:00,,,,,,,266,263.0,2026-08-16T11:43:00,1.3,5.8,0.0,0.0
2026-08-17,,,0.0,,,24.0,24.0,24.0,,,,0.0,0.0,0.0,0.0,0.0,2026-08-17T01:00:00,0.0,0.0,0,,0.0,-9991,63,2026-08-17T16:55:00,100,2026-08-17T00:01:00,,,0.0,,,,,,,24.0,,,,,,,,,24.0,,,,,,,,,24.0,,,,,,,,,24.0,,,,,,,,,24.0,,,,,,,,,24.0,,,,,,,0.0,,,1003.6,1005.2,2026-08-17T08:51:00,1001.6,2026-08-17T16:16:00,,24.0,30.3,34.6,2026-08-17T16:06:00,26.0,2026-08-17T05:25:00,,,,,,,66,59.0,2026-08-17T20:20:00,1.8,11.3,0.0,0.0
2026-08-18,,,0.0,,,24.0,24.0,24.0,,,,0.0,0.0,0.0,0.0,0.0,2026-08-18T01:00:00,0.0,0.0,0,,0.0,-9991,55,2026-08-18T12:36:00,100,2026-08-18T00:01:00,,,0.0,,,,,,,24.0,,,,,,,,,24.0,,,,,,,,,24.0,,,,,,,,,24.0,,,,,,,,,24.0,,,,,,,,,24.0,,,,,,,0.0,,,1003.4,1004.4,2026-08-18T23:50:00,1002.3,2026-08-18T17:33:00,,24.0,30.8,36.6,2026-08-18T12:35:00,27.5,2026-08-18T06:18:00,,,,,,,91,55.0,2026-08-18T18:31:00,1.9,11.9,0.0,0.0
2026-08-19,,,0.0,,,24.0,24.0,24.0,,,,0.0,0.0,0.0,0.0,1.5,2026-08-19T20:00:00,0.0,0.0,0,,3.0,-9991,68,2026-08-19T09:26:00,100,2026-08-19T05:06:00,,,0.0,,,,,,,24.0,,,,,,,,,24.0,,,,,,,,,24.0,,,,,,,,,24.0,,,,,,,,,24.0,,,,,,,,,24.0,,,,,,,0.0,,,1004.8,1006.2,2026-08-19T21:56:00,1003.7,2026-08-19T14:50:00,,24.0,28.6,33.2,2026-08-19T09:46:00,26.2,2026-08-19T21:21:00,,,,,,,60,70.0,2026-08-19T12:39:00,1.7,10.3,0.0,0.0
2026-08-20,,,0.0,,,24.0,24.0,24.0,,,,0.0,0.0,0.0,0.0,3.0,2026-08-20T03:00:00,0.0,0.0,0,,3.0,-9991,77,2026-08-20T10:09:00,100,2026-08-20T00:01:00,,,0.0,,,,,,,24.0,,,,,,,,,24.0,,,,,,,,,24.0,,,,,,,,,24.0,,,,,,,,,24.0,,,,,,,,,24.0,,,,,,,0.0,,,1005.1,1006.2,2026-08-20T21:51:00,1004.2,2026-08-20T16:04:00,,24.0,29.0,33.3,2026-08-20T11:03:00,25.8,2026-08-20T00:28:00,,,,,,,290,241.0,2026-08-20T16:37:00,1.3,7.0,0.0,0.0
2026-08-21,,,0.0,,,24.0,24.0,24.0,,,,0.0,0.0,0.0,0.0,0.0,2026-08-21T01:00:00,0.0,0.0,0,,0.0,-9991,74,2026-08-21T09:48:00,100,2026-08-21T00:01:00,,,0.0,,,,,,,24.0,,,,,,,,,24.0,,,,,,,,,24.0,,,,,,,,,24.0,,,,,,,,,24.0,,,,,,,,,24.0,,,,,,,0.0,,,1003.8,1005.5,2026-08-21T00:09:00,1001.4,2026-08-21T15:47:00,,24.0,29.4,33.4,2026-08-21T12:58:00,25.7,2026-08-21T03:25:00,,,,,,,255,248.0,2026-08-21T17:23:00,1.7,8.4,0.0,0.0
2026-08-22,,,0.0,,,24.0,24.0,24.0,,,,0.0,0.0,0.0,0.0,0.0,2026-08-22T01:00:00,0.0,0.0,0,,0.0,-9991,71,2026-08-22T08:54:00,100,2026-08-22T00:01:00,,,0.0,,,,,,,24.0,,,,,,,,,24.0,,,,,,,,,24.0,,,,,,,,,24.0,,,,,,,,,24.0,,,,,,,,,24.0,,,,,,,0.0,,,1002.3,1003.7,2026-08-22T21:21:00,1000.8,2026-08-22T15:14:00,,24.0,29.6,34.1,2026-08-22T09:47:00,26.6,2026-08-22T02:38:00,,,,,,,229,236.0,2026-08-22T17:13:00,1.7,9.9,0.0,0.0
2026-08-23,,,0.0,,,24.0,24.0,24.0,,,,0.0,0.0,0.0,0.0,0.0,2026-08-23T01:00:00,0.0,0.0,0,,0.0,-9991,100,2026-08-23T00:01:00,100,2026-08-23T00:01:00,,,0.0,,,,,,,24.0,,,,,,,,,24.0,,,,,,,,,24.0,,,,,,,,,24.0,,,,,,,,,24.0,,,,,,,,,24.0,,,,,,,0.0,,,1001.4,1003.1,2026-08-23T00:01:00,999.4,2026-08-23T17:11:00,,24.0,28.7,32.3,2026-08-23T12:47:00,26.5,2026-08-23T05:51:00,,,,,,,330,339.0,2026-08-23T10:08:00,1.5,7.7,0.0,0.0
2026-08-24,,,0.0,,,24.0,24.0,24.0,,,,0.0,0.0,0.0,0.0,12.5,2026-08-24T15:00:00,0.0,0.0,0,,25.5,-9991,100,2026-08-24T00:01:00,100,2026-08-24T00:01:00,,,0.0,,,,,,,24.0,,,,,,,,,24.0,,,,,,,,,24.0,,,,,,,,,24.0,,,,,,,,,24.0,,,,,,,,,24.0,,,,,,,0.0,,,1002.8,1005.4,2026-08-24T21:39:00,1000.5,2026-08-24T04:25:00,,24.0,26.6,29.6,2026-08-24T10:25:00,25.4,2026-08-24T15:38:00,,,,,,,326,238.0,2026-08-24T11:11:00,0.7,4.2,0.0,0.0
2026-08-25,,,0.0,,,24.0,24.0,24.0,,,,0.0,0.0,0.0,0.0,3.0,2026-08-25T08:00:00,0.0,0.0,0,,9.5,-9991,100,2026-08-25T00:01:00,100,2026-08-25T00:01:00,,,0.0,,,,,,,24.0,,,,,,,,,24.0,,,,,,,,,24.0,,,,,,,,,24.0,,,,,,,,,24.0,,,,,,,,,24.0,,,,,,,0.0,,,1006.1,1007.8,2026-08-25T20:59:00,1004.0,2026-08-25T01:37:00,,24.0,26.1,29.4,2026-08-25T12:31:00,24.7,2026-08-25T08:36:00,,,,,,,77,234.0,2026-08-25T06:45:00,0.7,7.2,0.0,0.0
2026-08-26,,,0.0,,,24.0,24.0,24.0,,,,0.0,0.0,0.0,0.0,0.5,2026-08-26T03:00:00,0.0,0.0,0,,0.5,-9991,100,2026-08-26T00:01:00,100,2026-08-26T00:01:00,,,0.0,,,,,,,24.0,,,,,,,,,24.0,,,,,,,,,24.0,,,,,,,,,24.0,,,,,,,,,24.0,,,,,,,,,24.0,,,,,,,0.0,,,1005.8,1006.9,2026-08-26T00:01:00,1004.7,2026-08-26T16:29:00,,24.0,27.9,31.6,2026-08-26T12:10:00,24.9,2026-08-26T04:37:00,,,,,,,246,264.0,2026-08-26T23:36:00,1.2,5.9,0.0,0.0
2026-08-27,,,0.0,,,24.0,24.0,24.0,,,,0.0,0.0,0.0,0.0,0.0,2026-08-27T01:00:00,0.0,0.0,0,,0.0,-9991,93,2026-08-27T13:32:00,100,2026-08-27T00:01:00,,,0.0,,,,,,,24.0,,,,,,,,,24.0,,,,,,,,,24.0,,,,,,,,,24.0,,,,,,,,,24.0,,,,,,,,,24.0,,,,,,,0.0,,,1002.5,1004.9,2026-08-27T00:01:00,1000.4,2026-08-27T15:36:00,,24.0,29.6,33.0,2026-08-27T13:20:00,27.3,2026-08-27T05:17:00,,,,,,,241,255.0,2026-08-27T11:26:00,3.6,11.0,0.0,0.0
2026-08-28,,,0.0,,,24.0,24.0,24.0,,,,0.0,0.0,0.0,0.0,0.0,2026-08-28T01:00:00,0.0,0.0,0,,0.0,-9991,100,2026-08-28T00:01:00,100,2026-08-28T00:01:00,,,0.0,,,,,,,24.0,,,,,,,,,24.0,,,,,,,,,24.0,,,,,,,,,24.0,,,,,,,,,24.0,,,,,,,,,24.0,,,,,,,0.0,,,999.4,1002.6,2026-08-28T22:10:00,997.9,2026-08-28T14:32:00,,24.0,29.7,32.2,2026-08-28T10:19:00,27.9,2026-08-29T00:00:00,,,,,,,229,233.0,2026-08-28T01:09:00,2.9,14.0,0.0,0.0
2026-08-29,,,0.0,,,24.0,24.0,24.0,,,,0.0,0.0,0.0,0.0,0.5,2026-08-29T23:00:00,0.0,0.0,0,,1.0,-9991,83,2026-08-29T13:14:00,100,2026-08-29T00:01:00,,,0.0,,,,,,,24.0,,,,,,,,,24.0,,,,,,,,,24.0,,,,,,,,,24.0,,,,,,,,,24.0,,,,,,,,,24.0,,,,,,,0.0,,,1001.7,1003.7,2026-08-29T21:57:00,1000.0,2026-08-29T15:05:00,,24.0,29.0,34.4,2026-08-29T13:37:00,25.8,2026-08-29T23:45:00,,,,,,,112,163.0,2026-08-29T22:10:00,0.9,4.8,0.0,0.0
2026-08-30,,,0.0,,,24.0,24.0,24.0,,,,0.0,0.0,0.0,0.0,0.0,2026-08-30T01:00:00,0.0,0.0,0,,0.0,-9991,99,2026-08-30T08:11:00,100,2026-08-30T00:01:00,,,0.0,,,,,,,24.0,,,,,,,,,24.0,,,,,,,,,24.0,,,,,,,,,24.0,,,,,,,,,24.0,,,,,,,,,24.0,,,,,,,0.0,,,1002.4,1003.5,2026-08-30T08:54:00,1001.1,2026-08-30T14:41:00,,24.0,28.3,32.9,2026-08-30T14:18:00,25.6,2026-08-30T18:50:00,,,,,,,130,229.0,2026-08-30T17:47:00,1.1,8.6,0.0,0.0
2026-08-31,,,0.0,,,24.0,24.0,24.0,,,,0.0,0.0,0.0,0.0,2.5,2026-08-31T22:00:00,0.0,0.0,0,,4.5,-9991,94,2026-08-31T09:26:00,100,2026-08-31T00:01:00,,,0.0,,,,,,,24.0,,,,,,,,,24.0,,,,,,,,,24.0,,,,,,,,,24.0,,,,,,,,,24.0,,,,,,,,,24.0,,,,,,,0.0,,,1001.0,1002.5,2026-08-31T00:01:00,999.0,2026-08-31T15:39:00,,24.0,28.9,34.0,2026-08-31T14:12:00,25.3,2026-08-31T23:00:00,,,,,,,341,344.0,2026-08-31T11:13:00,1.4,6.2,0.0,0.0
2026-09-01,,,3.0,,,24.0,24.0,24.0,,,,2.0,2.0,2.0,2.0,10.5,2026-09-01T17:00:00,2.0,2.0,0,,19.5,92,68,2026-09-01T11:46:00,100,2026-09-01T00:01:00,,,0.0,,,,,,,24.0,,,,,,,,,24.0,,,,,,,,,24.0,,,,,,,,,24.0,,,,,,,,,24.0,,,,,,,,,24.0,,,,,,,3.0,,,1002.0,1003.5,2026-09-01T20:58:00,1000.8,2026-09-01T14:24:00,,24.0,26.7,32.1,2026-09-01T11:45:00,25.0,2026-09-01T20:00:00,,,,,,,270,200.0,2026-09-01T16:53:00,1.1,6.2,3.0,3.0
2026-09-02,,,0.0,,,24.0,24.0,24.0,,,,0.0,0.0,0.0,0.0,0.5,2026-09-02T06:00:00,0.0,0.0,0,,1.0,86,69,2026-09-02T12:09:00,97,2026-09-02T04:28:00,,,0.0,,,,,,,24.0,,,,,,,,,24.0,,,,,,,,,24.0,,,,,,,,,24.0,,,,,,,,,24.0,,,,,,,,,24.0,,,,,,,0.0,,,998.0,1002.0,2026-09-02T00:18:00,994.7,2026-09-02T18:57:00,,24.0,27.9,32.2,2026-09-02T12:49:00,24.8,2026-09-02T04:02:00,,,,,,,44,40.0,2026-09-02T14:06:00,1.5,8.2,0.0,0.0
2026-09-03,,,0.0,,,24.0,24.0,24.0,,,,0.0,0.0,0.0,0.0,5.5,2026-09-03T19:00:00,0.0,0.0,0,,13.5,90,76,2026-09-03T10:38:00,97,2026-09-03T20:13:00,,,0.0,,,,,,,24.0,,,,,,,,,24.0,,,,,,,,,24.0,,,,,,,,,24.0,,,,,,,,,24.0,,,,,,,,,24.0,,,,,,,0.0,,,998.8,1001.7,2026-09-03T21:19:00,996.4,2026-09-03T02:36:00,,24.0,27.4,29.8,2026-09-03T12:29:00,26.0,2026-09-03T18:34:00,,,,,,,62,83.0,2026-09-03T14:21:00,1.7,9.6,0.0,0.0
2026-09-04,,,0.0,,,24.0,24.0,24.0,,,,0.0,0.0,0.0,0.0,6.0,2026-09-04T19:00:00,0.0,0.0,0,,21.0,96,91,2026-09-04T08:00:00,97,2026-09-04T00:47:00,,,0.0,,,,,,,24.0,,,,,,,,,24.0,,,,,,,,,24.0,,,,,,,,,24.0,,,,,,,,,24.0,,,,,,,,,24.0,,,,,,,0.0,,,1003.6,1006.0,2026-09-04T21:41:00,1000.5,2026-09-04T02:26:00,,24.0,26.0,27.4,2026-09-04T07:46:00,25.0,2026-09-04T18:54:00,,,,,,,348,70.0,2026-09-04T18:03:00,1.2,7.0,0.0,0.0
2026-09-05,,,0.0,,,24.0,24.0,24.0,,,,0.0,0.0,0.0,0.0,0.0,2026-09-05T01:00:00,0.0,0.0,0,,0.0,86,65,2026-09-05T13:53:00,97,2026-09-05T00:01:00,,,0.0,,,,,,,24.0,,,,,,,,,24.0,,,,,,,,,24.0,,,,,,,,,24.0,,,,,,,,,24.0,,,,,,,,,24.0,,,,,,,0.0,,,1005.8,1007.3,2026-09-05T21:17:00,1004.3,2026-09-05T02:57:00,,24.0,27.3,32.4,2026-09-05T14:13:00,24.5,2026-09-05T23:35:00,,,,,,,108,53.0,2026-09-05T09:18:00,1.8,8.1,0.0,0.0
2026-09-06,,,0.0,,,24.0,24.0,24.0,,,,0.0,0.0,0.0,0.0,5.0,2026-09-06T18:00:00,0.0,0.0,0,,11.5,92,78,2026-09-06T08:43:00,97,2026-09-06T17:20:00,,,0.0,,,,,,,24.0,,,,,,,,,24.0,,,,,,,,,24.0,,,,,,,,,24.0,,,,,,,,,24.0,,,,,,,,,24.0,,,,,,,0.0,,,1006.8,1008.1,2026-09-06T09:45:00,1005.5,2026-09-06T03:06:00,,24.0,24.5,25.5,2026-09-06T13:36:00,23.7,2026-09-06T23:51:00,,,,,,,77,83.0,2026-09-06T17:57:00,1.3,7.5,0.0,0.0
2026-09-07,,,0.0,,,24.0,24.0,24.0,,,,0.0,0.0,0.0,0.0,0.0,2026-09-07T01:00:00,0.0,0.0,0,,0.0,81,61,2026-09-07T15:45:00,95,2026-09-07T01:00:00,,,0.0,,,,,,,24.0,,,,,,,,,24.0,,,,,,,,,24.0,,,,,,,,,24.0,,,,,,,,,24.0,,,,,,,,,24.0,,,,,,,0.0,,,1007.0,1008.3,2026-09-07T09:21:00,1005.6,2026-09-07T03:19:00,,24.0,26.1,31.5,2026-09-07T14:00:00,22.1,2026-09-07T22:45:00,,,,,,,88,22.0,2026-09-07T14:51:00,1.5,6.0,0.0,0.0
2026-09-08,,,,,,,,,,,,,,,,0.0,2026-09-08T01:00:00,,,0,,0.0,77,56,2026-09-08T08:12:00,92,2026-09-08T02:39:00,,,,,,,,,,,,,,,,,,,,,,,,,,,,,,,,,,,,,,,,,,,,,,,,,,,,,,,,,,,,,,,,,1007.6,1008.8,2026-09-08T09:08:00,1006.4,2026-09-08T15:53:00,,,25.5,30.3,2026-09-08T10:42:00,20.9,2026-09-08T04:25:00,,,,,,,9,92.0,2026-09-08T12:37:00,1.8,7.5,,
2026-09-09,,,0.0,,,24.0,24.0,24.0,,,,0.0,0.0,0.0,0.0,0.0,2026-09-09T01:00:00,0.0,0.0,0,,0.0,74,54,2026-09-09T09:53:00,87,2026-09-09T02:37:00,,,0.0,,,,,,,24.0,,,,,,,,,24.0,,,,,,,,,24.0,,,,,,,,,24.0,,,,,,,,,24.0,,,,,,,,,24.0,,,,,,,0.0,,,1009.1,1010.9,2026-09-09T21:24:00,1007.4,2026-09-09T02:38:00,,24.0,26.5,30.7,2026-09-09T11:15:00,23.2,2026-09-09T06:15:00,,,,,,,49,58.0,2026-09-09T13:21:00,2.7,11.2,0.0,0.0
2026-09-10,,,0.0,,,24.0,24.0,24.0,,,,0.0,0.0,0.0,0.0,0.0,2026-09-10T01:00:00,0.0,0.0,0,,0.0,76,61,2026-09-10T11:32:00,85,2026-09-10T04:14:00,,,0.0,,,,,,,24.0,,,,,,,,,24.0,,,,,,,,,24.0,,,,,,,,,24.0,,,,,,,,,24.0,,,,,,,,,24.0,,,,,,,0.0,,,1012.0,1014.4,2026-09-10T21:18:00,1010.0,2026-09-10T02:49:00,,24.0,27.0,30.4,2026-09-10T09:58:00,24.2,2026-09-10T05:03:00,,,,,,,67,76.0,2026-09-10T11:20:00,3.7,14.3,0.0,0.0
2026-09-11,,,0.0,,,24.0,24.0,24.0,,,,0.0,0.0,0.0,0.0,1.5,2026-09-11T23:00:00,0.0,0.0,0,,2.0,83,71,2026-09-11T11:35:00,94,2026-09-11T22:52:00,,,0.0,,,,,,,24.0,,,,,,,,,24.0,,,,,,,,,24.0,,,,,,,,,24.0,,,,,,,,,24.0,,,,,,,,,24.0,,,,,,,0.0,,,1013.7,1015.1,2026-09-11T09:07:00,1012.8,2026-09-11T15:17:00,,24.0,26.2,28.7,2026-09-11T11:39:00,23.8,2026-09-11T04:40:00,,,,,,,64,43.0,2026-09-11T14:06:00,3.7,14.6,0.0,0.0
2026-09-12,,,0.0,,,24.0,24.0,24.0,,,,0.0,0.0,0.0,0.0,0.0,2026-09-12T01:00:00,0.0,0.0,0,,0.0,88,75,2026-09-12T11:58:00,94,2026-09-12T00:01:00,,,0.0,,,,,,,24.0,,,,,,,,,24.0,,,,,,,,,24.0,,,,,,,,,24.0,,,,,,,,,24.0,,,,,,,,,24.0,,,,,,,0.0,,,1012.4,1014.0,2026-09-12T21:26:00,1010.7,2026-09-12T03:58:00,,24.0,27.3,30.6,2026-09-12T12:28:00,25.9,2026-09-12T00:01:00,,,,,,,51,46.0,2026-09-12T08:38:00,4.7,15.1,0.0,0.0
2026-09-13,,,0.0,,,24.0,24.0,24.0,,,,0.0,0.0,0.0,0.0,0.0,2026-09-13T01:00:00,0.0,0.0,0,,0.0,84,68,2026-09-13T15:06:00,95,2026-09-13T03:37:00,,,0.0,,,,,,,24.0,,,,,,,,,24.0,,,,,,,,,24.0,,,,,,,,,24.0,,,,,,,,,24.0,,,,,,,,,24.0,,,,,,,0.0,,,1012.6,1014.3,2026-09-13T21:27:00,1010.4,2026-09-13T15:23:00,,24.0,28.3,33.0,2026-09-13T13:19:00,25.1,2026-09-13T05:31:00,,,,,,,59,66.0,2026-09-13T17:44:00,2.6,12.6,0.0,0.0
2026-09-14,,,0.0,,,24.0,24.0,24.0,,,,0.0,0.0,0.0,0.0,0.5,2026-09-14T22:00:00,0.0,0.0,0,,0.5,82,69,2026-09-14T11:42:00,92,2026-09-14T18:59:00,,,0.0,,,,,,,24.0,,,,,,,,,24.0,,,,,,,,,24.0,,,,,,,,,24.0,,,,,,,,,24.0,,,,,,,,,24.0,,,,,,,0.0,,,1012.3,1013.7,2026-09-14T00:01:00,1009.8,2026-09-14T15:53:00,,24.0,27.6,31.0,2026-09-14T10:16:00,25.5,2026-09-14T21:34:00,,,,,,,47,52.0,2026-09-14T16:37:00,4.1,17.5,0.0,0.0
2026-09-15,,,0.0,,,24.0,24.0,24.0,,,,0.0,0.0,0.0,0.0,0.0,2026-09-15T01:00:00,0.0,0.0,0,,0.0,77,62,2026-09-15T14:28:00,87,2026-09-15T00:05:00,,,0.0,,,,,,,24.0,,,,,,,,,24.0,,,,,,,,,24.0,,,,,,,,,24.0,,,,,,,,,24.0,,,,,,,,,24.0,,,,,,,0.0,,,1012.8,1013.9,2026-09-15T09:35:00,1012.0,2026-09-15T04:36:00,,24.0,26.9,30.2,2026-09-15T14:33:00,25.3,2026-09-15T05:34:00,,,,,,,70,86.0,2026-09-15T15:23:00,3.7,13.8,0.0,0.0
2026-09-16,,,0.0,,,24.0,24.0,24.0,,,,0.0,0.0,0.0,0.0,0.0,2026-09-16T01:00:00,0.0,0.0,0,,0.0,69,55,2026-09-16T13:57:00,82,2026-09-16T01:08:00,,,0.0,,,,,,,24.0,,,,,,,,,24.0,,,,,,,,,24.0,,,,,,,,,24.0,,,,,,,,,24.0,,,,,,,,,24.0,,,,,,,0.0,,,1012.5,1013.8,2026-09-16T08:50:00,1011.4,2026-09-16T14:59:00,,24.0,26.5,29.6,2026-09-16T11:31:00,23.8,2026-09-16T23:55:00,,,,,,,65,66.0,2026-09-16T15:57:00,3.9,12.7,0.0,0.0
2026-09-17,,,0.0,,,24.0,24.0,24.0,,,,0.0,0.0,0.0,0.0,0.0,2026-09-17T01:00:00,0.0,0.0,0,,0.0,74,57,2026-09-17T12:40:00,85,2026-09-17T20:37:00,,,0.0,,,,,,,24.0,,,,,,,,,24.0,,,,,,,,,24.0,,,,,,,,,24.0,,,,,,,,,24.0,,,,,,,,,24.0,,,,,,,0.0,,,1011.6,1012.8,2026-09-17T07:33:00,1010.5,2026-09-17T14:35:00,,24.0,26.5,30.4,2026-09-17T13:56:00,22.5,2026-09-17T05:18:00,,,,,,,51,53.0,2026-09-17T16:45:00,3.2,11.5,0.0,0.0
2026-09-18,,,0.0,,,24.0,24.0,24.0,,,,0.0,0.0,0.0,0.0,0.0,2026-09-18T01:00:00,0.0,0.0,0,,0.0,75,62,2026-09-18T14:03:00,86,2026-09-18T06:26:00,,,0.0,,,,,,,24.0,,,,,,,,,24.0,,,,,,,,,24.0,,,,,,,,,24.0,,,,,,,,,24.0,,,,,,,,,24.0,,,,,,,0.0,,,1012.7,1014.1,2026-09-18T22:18:00,1010.7,2026-09-18T02:29:00,,24.0,27.4,30.7,2026-09-18T09:41:00,24.5,2026-09-18T23:53:00,,,,,,,49,33.0,2026-09-18T12:32:00,3.1,10.6,0.0,0.0
2026-09-19,,,0.0,,,24.0,24.0,24.0,,,,0.0,0.0,0.0,0.0,0.0,2026-09-19T01:00:00,0.0,0.0,0,,0.0,73,57,2026-09-19T12:47:00,84,2026-09-19T04:03:00,,,0.0,,,,,,,24.0,,,,,,,,,24.0,,,,,,,,,24.0,,,,,,,,,24.0,,,,,,,,,24.0,,,,,,,,,24.0,,,,,,,0.0,,,1014.2,1015.4,2026-09-19T09:02:00,1013.3,2026-09-19T04:22:00,,24.0,27.4,31.5,2026-09-19T10:47:00,24.2,2026-09-19T05:02:00,,,,,,,45,59.0,2026-09-19T14:42:00,2.8,9.8,0.0,0.0
2026-09-20,,,0.0,,,24.0,24.0,24.0,,,,0.0,0.0,0.0,0.0,0.0,2026-09-20T01:00:00,0.0,0.0,0,,0.0,73,60,2026-09-20T12:19:00,88,2026-09-20T06:00:00,,,0.0,,,,,,,24.0,,,,,,,,,24.0,,,,,,,,,24.0,,,,,,,,,24.0,,,,,,,,,24.0,,,,,,,,,24.0,,,,,,,0.0,,,1013.6,1015.2,2026-09-20T07:41:00,1011.8,2026-09-20T18:24:00,,24.0,28.1,32.0,2026-09-20T12:53:00,25.5,2026-09-20T05:45:00,,,,,,,52,51.0,2026-09-20T16:06:00,2.4,9.4,0.0,0.0
2026-09-21,,,0.0,,,24.0,24.0,24.0,,,,0.0,0.0,0.0,0.0,0.0,2026-09-21T01:00:00,0.0,0.0,0,,0.0,68,52,2026-09-21T12:45:00,83,2026-09-21T05:43:00,,,0.0,,,,,,,24.0,,,,,,,,,24.0,,,,,,,,,24.0,,,,,,,,,24.0,,,,,,,,,24.0,,,,,,,,,24.0,,,,,,,0.0,,,1011.8,1013.0,2026-09-21T09:24:00,1009.9,2026-09-21T15:02:00,,24.0,27.5,31.7,2026-09-21T11:08:00,24.4,2026-09-21T23:04:00,,,,,,,56,51.0,2026-09-21T11:40:00,2.4,9.0,0.0,0.0
2026-09-22,,,0.0,,,24.0,24.0,24.0,,,,0.0,0.0,0.0,0.0,0.0,2026-09-22T01:00:00,0.0,0.0,0,,0.0,66,41,2026-09-22T15:39:00,83,2026-09-22T05:45:00,,,0.0,,,,,,,24.0,,,,,,,,,24.0,,,,,,,,,24.0,,,,,,,,,24.0,,,,,,,,,24.0,,,,,,,,,24.0,,,,,,,0.0,,,1012.3,1014.0,2026-09-22T21:20:00,1010.6,2026-09-22T14:02:00,,24.0,27.2,32.1,2026-09-22T13:32:00,24.3,2026-09-22T04:28:00,,,,,,,60,35.0,2026-09-22T12:50:00,3.2,11.4,0.0,0.0
2026-09-23,,,0.0,,,24.0,24.0,24.0,,,,0.0,0.0,0.0,0.0,0.0,2026-09-23T01:00:00,0.0,0.0,0,,0.0,73,57,2026-09-23T11:28:00,87,2026-09-23T05:24:00,,,0.0,,,,,,,24.0,,,,,,,,,24.0,,,,,,,,,24.0,,,,,,,,,24.0,,,,,,,,,24.0,,,,,,,,,24.0,,,,,,,0.0,,,1013.3,1014.6,2026-09-23T22:20:00,1012.1,2026-09-23T15:55:00,,24.0,27.1,31.3,2026-09-23T11:14:00,23.5,2026-09-23T05:23:00,,,,,,,51,41.0,2026-09-23T16:39:00,3.0,10.6,0.0,0.0
2026-09-24,,,0.0,,,24.0,24.0,24.0,,,,0.0,0.0,0.0,0.0,0.0,2026-09-24T01:00:00,0.0,0.0,0,,0.0,74,59,2026-09-24T08:57:00,84,2026-09-24T05:56:00,,,0.0,,,,,,,24.0,,,,,,,,,24.0,,,,,,,,,24.0,,,,,,,,,24.0,,,,,,,,,24.0,,,,,,,,,24.0,,,,,,,0.0,,,1013.2,1015.0,2026-09-24T09:07:00,1011.9,2026-09-24T14:55:00,,24.0,27.0,30.7,2026-09-24T13:05:00,23.7,2026-09-24T06:00:00,,,,,,,47,76.0,2026-09-24T16:43:00,2.7,10.3,0.0,0.0
2026-09-25,,,0.0,,,24.0,24.0,24.0,,,,0.0,0.0,0.0,0.0,0.0,2026-09-25T01:00:00,0.0,0.0,0,,0.0,80,62,2026-09-25T14:53:00,93,2026-09-25T04:58:00,,,0.0,,,,,,,24.0,,,,,,,,,24.0,,,,,,,,,24.0,,,,,,,,,24.0,,,,,,,,,24.0,,,,,,,,,24.0,,,,,,,0.0,,,1012.0,1014.1,2026-09-25T08:41:00,1010.5,2026-09-25T15:51:00,,24.0,27.0,32.3,2026-09-25T13:34:00,22.3,2026-09-25T04:43:00,,,,,,,15,16.0,2026-09-25T11:05:00,1.6,7.2,0.0,0.0
2026-09-26,,,0.0,,,24.0,24.0,24.0,,,,0.0,0.0,0.0,0.0,0.0,2026-09-26T01:00:00,0.0,0.0,0,,0.0,80,64,2026-09-26T13:33:00,94,2026-09-26T00:04:00,,,0.0,,,,,,,24.0,,,,,,,,,24.0,,,,,,,,,24.0,,,,,,,,,24.0,,,,,,,,,24.0,,,,,,,,,24.0,,,,,,,0.0,,,1009.5,1011.8,2026-09-26T08:46:00,1007.8,2026-09-26T14:13:00,,24.0,27.3,31.8,2026-09-26T13:32:00,24.1,2026-09-26T05:12:00,,,,,,,179,252.0,2026-09-26T12:42:00,2.0,6.8,0.0,0.0
2026-09-27,,,1.0,,,24.0,24.0,24.0,,,,0.0,0.0,0.0,0.0,0.0,2026-09-27T01:00:00,0.0,0.0,0,,0.0,78,62,2026-09-27T08:53:00,94,2026-09-27T00:21:00,,,1.0,,,,,,,24.0,,,,,,,,,24.0,,,,,,,,,24.0,,,,,,,,,24.0,,,,,,,,,24.0,,,,,,,,,24.0,,,,,,,1.0,,,1007.9,1009.1,2026-09-27T00:01:00,1005.7,2026-09-27T15:32:00,,24.0,28.1,31.8,2026-09-27T14:27:00,25.0,2026-09-27T06:00:00,,,,,,,259,264.0,2026-09-27T12:57:00,2.8,9.8,1.0,1.0
2026-09-28,,,0.0,,,24.0,24.0,24.0,,,,0.0,0.0,0.0,0.0,0.0,2026-09-28T01:00:00,0.0,0.0,0,,0.0,78,64,2026-09-28T08:02:00,88,2026-09-28T20:40:00,,,0.0,,,,,,,24.0,,,,,,,,,24.0,,,,,,,,,24.0,,,,,,,,,24.0,,,,,,,,,24.0,,,,,,,,,24.0,,,,,,,0.0,,,1010.0,1011.8,2026-09-28T09:52:00,1008.2,2026-09-28T01:52:00,,24.0,28.5,32.1,2026-09-28T10:46:00,25.6,2026-09-28T03:46:00,,,,,,,260,264.0,2026-09-28T14:37:00,2.8,9.0,0.0,0.0
2026-09-29,,,0.0,,,24.0,24.0,24.0,,,,0.0,0.0,0.0,0.0,0.0,2026-09-29T01:00:00,0.0,0.0,0,,0.0,79,66,2026-09-29T09:33:00,90,2026-09-29T23:09:00,,,0.0,,,,,,,24.0,,,,,,,,,24.0,,,,,,,,,24.0,,,,,,,,,24.0,,,,,,,,,24.0,,,,,,,,,24.0,,,,,,,0.0,,,1011.1,1012.8,2026-09-29T08:06:00,1009.4,2026-09-29T14:54:00,,24.0,28.4,32.4,2026-09-29T15:22:00,25.4,2026-09-29T05:18:00,,,,,,,201,239.0,2026-09-29T12:31:00,2.5,8.6,0.0,0.0
2026-09-30,,,0.0,,,24.0,24.0,24.0,,,,0.0,0.0,0.0,0.0,0.0,2026-09-30T01:00:00,0.0,0.0,0,,0.0,80,57,2026-09-30T08:47:00,93,2026-09-30T23:23:00,,,0.0,,,,,,,24.0,,,,,,,,,24.0,,,,,,,,,24.0,,,,,,,,,24.0,,,,,,,,,24.0,,,,,,,,,24.0,,,,,,,0.0,,,1011.8,1013.0,2026-09-30T09:03:00,1010.3,2026-09-30T14:12:00,,24.0,28.8,32.9,2026-09-30T09:43:00,25.2,2026-09-30T05:36:00,,,,,,,196,290.0,2026-09-30T13:00:00,1.8,5.9,0.0,0.0
2026-10-01,,,0.0,,,24.0,24.0,24.0,,,,0.0,0.0,0.0,0.0,0.0,2026-10-01T01:00:00,0.0,0.0,0,,0.0,81,67,2026-10-01T11:09:00,95,2026-10-01T05:49:00,,,0.0,,,,,,,24.0,,,,,,,,,24.0,,,,,,,,,24.0,,,,,,,,,24.0,,,,,,,,,24.0,,,,,,,,,24.0,,,,,,,0.0,,,1012.8,1014.4,2026-10-01T21:22:00,1011.5,2026-10-01T03:26:00,,24.0,28.4,32.3,2026-10-01T12:40:00,24.8,2026-10-01T05:46:00,,,,,,,56,66.0,2026-10-01T20:05:00,1.7,5.8,0.0,0.0
2026-10-02,,,0.0,,,24.0,24.0,24.0,,,,0.0,0.0,0.0,0.0,0.0,2026-10-02T01:00:00,0.0,0.0,0,,0.0,80,64,2026-10-02T12:01:00,89,2026-10-02T03:59:00,,,0.0,,,,,,,24.0,,,,,,,,,24.0,,,,,,,,,24.0,,,,,,,,,24.0,,,,,,,,,24.0,,,,,,,,,24.0,,,,,,,0.0,,,1013.3,1014.5,2026-10-02T21:57:00,1012.1,2026-10-02T15:12:00,,24.0,27.9,31.7,2026-10-02T12:43:00,24.9,2026-10-02T03:49:00,,,,,,,42,25.0,2026-10-02T10:47:00,3.2,12.0,0.0,0.0
2026-10-03,,,1.0,,,24.0,24.0,24.0,,,,0.0,0.0,0.0,1.0,0.0,2026-10-03T01:00:00,1.0,1.0,0,,0.0,76,60,2026-10-03T13:14:00,91,2026-10-03T00:51:00,,,1.0,,,,,,,24.0,,,,,,,,,24.0,,,,,,,,,24.0,,,,,,,,,24.0,,,,,,,,,24.0,,,,,,,,,24.0,,,,,,,1.0,,,1012.3,1014.3,2026-10-03T00:01:00,1010.5,2026-10-03T15:14:00,,24.0,27.7,32.0,2026-10-03T12:37:00,25.0,2026-10-03T23:44:00,,,,,,,58,67.0,2026-10-03T13:30:00,2.6,10.2,1.0,1.0
