,StnPres,StnPresMax,StnPresMaxTime,StnPresMin,StnPresMinTime,Tx,TxMaxAbs,TxMaxAbsTime,TxMinAbs,TxMinAbsTime,RH,RHMin,RHMinTime,WS,WD,WSGust,WDGust,WGustTime,Precp,SunShine,GloblRad,TxSoil0cm,TxSoil5cm,TxSoil10cm,TxSoil20cm,TxSoil50cm,TxSoil100cm,AirTemperature.MaximumTimef,AirTemperature.Maximumf,AirTemperature.Meanf,AirTemperature.MinimumTimef,AirTemperature.Minimumf,GlobalSolarRadiation.Accumulationf,GlobalSolarRadiation.HourlyMaximumTimef,GlobalSolarRadiation.HourlyMaximumf,GloblRadMax,GloblRadMaxTime,PeakGust.Directionf,PeakGust.MaximumTimef,PeakGust.Maximumf,Precipitation.Accumulationf,Precipitation.HourlyMaximum,Precipitation.HourlyMaximumTime,Precipitation.HourlyMaximumTimef,Precipitation.HourlyMaximumf,Precipitation.MeltFlag,Precipitation.MeltFlagf,RelativeHumidity.Maximum,RelativeHumidity.MaximumTime,RelativeHumidity.MaximumTimef,RelativeHumidity.Maximumf,RelativeHumidity.Meanf,RelativeHumidity.MinimumTimef,RelativeHumidity.Minimumf,SoilTemperatureAt0cm.Maximum,SoilTemperatureAt0cm.MaximumTime,SoilTemperatureAt0cm.MaximumTimef,SoilTemperatureAt0cm.Maximumf,SoilTemperatureAt0cm.Meanf,SoilTemperatureAt0cm.Minimum,SoilTemperatureAt0cm.MinimumTime,SoilTemperatureAt0cm.MinimumTimef,SoilTemperatureAt0cm.Minimumf,SoilTemperatureAt100cm.Maximum,SoilTemperatureAt100cm.MaximumTime,SoilTemperatureAt100cm.MaximumTimef,SoilTemperatureAt100cm.Maximumf,SoilTemperatureAt100cm.Meanf,SoilTemperatureAt100cm.Minimum,SoilTemperatureAt100cm.MinimumTime,SoilTemperatureAt100cm.MinimumTimef,SoilTemperatureAt100cm.Minimumf,SoilTemperatureAt10cm.Maximum,SoilTemperatureAt10cm.MaximumTime,SoilTemperatureAt10cm.MaximumTimef,SoilTemperatureAt10cm.Maximumf,SoilTemperatureAt10cm.Meanf,SoilTemperatureAt10cm.Minimum,SoilTemperatureAt10cm.MinimumTime,SoilTemperatureAt10cm.MinimumTimef,SoilTemperatureAt10cm.Minimumf,SoilTemperatureAt20cm.Maximum,SoilTemperatureAt20cm.MaximumTime,SoilTemperatureAt20cm.MaximumTimef,SoilTemperatureAt20cm.Maximumf,SoilTemperatureAt20cm.Meanf,SoilTemperatureAt20cm.Minimum,SoilTemperatureAt20cm.MinimumTime,SoilTemperatureAt20cm.MinimumTimef,SoilTemperatureAt20cm.Minimumf,SoilTemperatureAt50cm.Maximum,SoilTemperatureAt50cm.MaximumTime,SoilTemperatureAt50cm.MaximumTimef,SoilTemperatureAt50cm.Maximumf,SoilTemperatureAt50cm.Meanf,SoilTemperatureAt50cm.Minimum,SoilTemperatureAt50cm.MinimumTime,SoilTemperatureAt50cm.MinimumTimef,SoilTemperatureAt50cm.Minimumf,SoilTemperatureAt5cm.Maximum,SoilTemperatureAt5cm.MaximumTime,SoilTemperatureAt5cm.MaximumTimef,SoilTemperatureAt5cm.Maximumf,SoilTemperatureAt5cm.Meanf,SoilTemperatureAt5cm.Minimum,SoilTemperatureAt5cm.MinimumTime,SoilTemperatureAt5cm.MinimumTimef,SoilTemperatureAt5cm.Minimumf,StationPressure.MaximumTimef,StationPressure.Maximumf,StationPressure.Meanf,StationPressure.MinimumTimef,StationPressure.Minimumf,SunshineDuration.Totalf,WindDirection.Prevailingf,WindSpeed.Meanf
2022-01-01,939.7,,,,,16.1,,,,,73,,,0.7,0,,,,0.0,,,,,,,,,,,,,,,,,,,,,,,0.0,2022-01-01T03:00:00,,,0,,,,,,,,,,,,,,,,,,,,,,,,,,,,,,,,,,,,,,,,,,,,,,,,,,,,,,,,,,,,,,,,,,,,,,
2022-01-02,938.5,940.2,2022-01-02T08:01:00,936.1,2022-01-02T14:44:00,16.0,24.1,2022-01-02T12:52:00,10.0,2022-01-02T06:52:00,70,35.0,2022-01-02T11:32:00,0.9,0,6.6,175.0,2022-01-02T13:47:00,0.0,,,,,,,,,,,,,,,,,,,,,,,0.0,2022-01-02T07:00:00,,,0,,90.0,2022-01-02T07:01:00,,,,,,,,,,,,,,,,,,,,,,,,,,,,,,,,,,,,,,,,,,,,,,,,,,,,,,,,,,,,,,,,,,,
2022-01-03,937.5,939.3,2022-01-03T00:25:00,934.6,2022-01-03T14:11:00,16.5,25.5,2022-01-03T12:51:00,9.6,2022-01-03T06:51:00,69,31.0,2022-01-03T11:08:00,0.8,0,6.4,210.0,2022-01-03T15:08:00,0.0,,,,,,,,,,,,,,,,,,,,,,,0.0,2022-01-03T08:00:00,,,0,,90.0,2022-01-03T00:51:00,,,,,,,,,,,,,,,,,,,,,,,,,,,,,,,,,,,,,,,,,,,,,,,,,,,,,,,,,,,,,,,,,,,
2022-01-04,936.7,939.0,2022-01-04T08:54:00,934.1,2022-01-04T14:41:00,16.7,24.0,2022-01-04T12:32:00,10.0,2022-01-04T06:12:00,69,29.0,2022-01-04T11:52:00,0.8,0,6.2,224.0,2022-01-04T13:00:00,0.0,,,,,,,,,,,,,,,,,,,,,,,0.0,2022-01-04T12:00:00,,,0,,86.0,2022-01-04T22:21:00,,,,,,,,,,,,,,,,,,,,,,,,,,,,,,,,,,,,,,,,,,,,,,,,,,,,,,,,,,,,,,,,,,,
2022-01-05,934.9,936.5,2022-01-05T00:01:00,932.5,2022-01-05T14:51:00,17.6,24.0,2022-01-05T14:51:00,13.3,2022-01-05T04:24:00,76,48.0,2022-01-05T12:44:00,0.4,0,5.2,200.0,2022-01-05T16:04:00,0.0,,,,,,,,,,,,,,,,,,,,,,,0.0,2022-01-05T02:00:00,,,0,,91.0,2022-01-05T23:26:00,,,,,,,,,,,,,,,,,,,,,,,,,,,,,,,,,,,,,,,,,,,,,,,,,,,,,,,,,,,,,,,,,,,
2022-01-06,935.1,937.2,2022-01-06T22:01:00,933.1,2022-01-06T12:52:00,17.7,24.8,2022-01-06T11:16:00,13.5,2022-01-06T05:34:00,80,49.0,2022-01-06T11:21:00,1.0,0,7.2,199.0,2022-01-06T13:49:00,0.0,,,,,,,,,,,,,,,,,,,,,,,0.0,2022-01-06T03:00:00,,,0,,92.0,2022-01-06T21:51:00,,,,,,,,,,,,,,,,,,,,,,,,,,,,,,,,,,,,,,,,,,,,,,,,,,,,,,,,,,,,,,,,,,,
2022-01-07,936.7,938.4,2022-01-07T08:31:00,934.6,2022-01-07T14:35:00,17.5,22.2,2022-01-07T12:20:00,14.8,2022-01-07T04:31:00,84,57.0,2022-01-07T12:41:00,0.8,0,6.2,221.0,2022-01-07T15:11:00,1.0,,,,,,,,,,,,,,,,,,,,,,,0.5,2022-01-07T19:00:00,,,0,,95.0,2022-01-07T08:11:00,,,,,,,,,,,,,,,,,,,,,,,,,,,,,,,,,,,,,,,,,,,,,,,,,,,,,,,,,,,,,,,,,,,
2022-01-08,935.4,937.3,2022-01-08T00:01:00,933.0,2022-01-08T14:51:00,18.2,25.6,2022-01-08T12:35:00,13.1,2022-01-08T23:58:00,78,44.0,2022-01-08T12:35:00,1.0,0,7.1,205.0,2022-01-08T14:23:00,0.0,,,,,,,,,,,,,,,,,,,,,,,0.0,2022-01-08T08:00:00,,,0,,95.0,2022-01-08T06:51:00,,,,,,,,,,,,,,,,,,,,,,,,,,,,,,,,,,,,,,,,,,,,,,,,,,,,,,,,,,,,,,,,,,,
2022-01-09,933.7,935.5,2022-01-09T08:01:00,930.9,2022-01-09T14:44:00,16.3,25.6,2022-01-09T12:42:00,10.0,2022-01-09T05:31:00,71,29.0,2022-01-09T12:51:00,0.9,0,6.1,204.0,2022-01-09T15:39:00,0.0,,,,,,,,,,,,,,,,,,,,,,,0.0,2022-01-09T12:00:00,,,0,,91.0,2022-01-09T22:02:00,,,,,,,,,,,,,,,,,,,,,,,,,,,,,,,,,,,,,,,,,,,,,,,,,,,,,,,,,,,,,,,,,,,
2022-01-10,933.0,934.7,2022-01-10T08:21:00,930.4,2022-01-10T14:42:00,16.2,24.5,2022-01-10T13:11:00,9.3,2022-01-10T06:58:00,69,34.0,2022-01-10T12:31:00,0.9,0,6.5,200.0,2022-01-10T15:32:00,0.0,,,,,,,,,,,,,,,,,,,,,,,0.0,2022-01-10T02:00:00,,,0,,92.0,2022-01-10T23:54:00,,,,,,,,,,,,,,,,,,,,,,,,,,,,,,,,,,,,,,,,,,,,,,,,,,,,,,,,,,,,,,,,,,,
2022-01-11,933.7,935.8,2022-01-11T21:51:00,931.8,2022-01-11T04:11:00,15.0,21.5,2022-01-11T12:32:00,9.8,2022-01-11T06:11:00,78,51.0,2022-01-11T10:32:00,1.2,0,8.1,177.0,2022-01-11T13:23:00,0.0,,,,,,,,,,,,,,,,,,,,,,,0.0,2022-01-11T03:00:00,,,0,,92.0,2022-01-11T00:09:00,,,,,,,,,,,,,,,,,,,,,,,,,,,,,,,,,,,,,,,,,,,,,,,,,,,,,,,,,,,,,,,,,,,
2022-01-12,936.1,937.7,2022-01-12T09:11:00,934.4,2022-01-12T15:26:00,13.9,17.6,2022-01-12T13:32:00,10.8,2022-01-12T23:51:00,79,56.0,2022-01-12T14:55:00,1.0,0,5.1,213.0,2022-01-12T17:04:00,0.0,,,,,,,,,,,,,,,,,,,,,,,0.0,2022-01-12T07:00:00,,,0,,93.0,2022-01-12T23:51:00,,,,,,,,,,,,,,,,,,,,,,,,,,,,,,,,,,,,,,,,,,,,,,,,,,,,,,,,,,,,,,,,,,,
2022-01-13,935.9,937.9,2022-01-13T08:32:00,933.2,2022-01-13T14:32:00,15.0,22.1,2022-01-13T13:52:00,9.6,2022-01-13T02:40:00,67,34.0,2022-01-13T13:21:00,0.8,0,5.9,207.0,2022-01-13T15:19:00,0.0,,,,,,,,,,,,,,,,,,,,,,,0.0,2022-01-13T15:00:00,,,0,,93.0,2022-01-13T00:34:00,,,,,,,,,,,,,,,,,,,,,,,,,,,,,,,,,,,,,,,,,,,,,,,,,,,,,,,,,,,,,,,,,,,
2022-01-14,936.7,938.4,2022-01-14T08:44:00,934.6,2022-01-14T14:02:00,14.1,22.5,2022-01-14T12:04:00,8.5,2022-01-14T06:27:00,72,36.0,2022-01-14T11:51:00,0.6,0,6.3,210.0,2022-01-14T12:25:00,0.0,,,,,,,,,,,,,,,,,,,,,,,0.0,2022-01-14T12:00:00,,,0,,92.0,2022-01-14T06:48:00,,,,,,,,,,,,,,,,,,,,,,,,,,,,,,,,,,,,,,,,,,,,,,,,,,,,,,,,,,,,,,,,,,,
2022-01-15,937.0,939.6,2022-01-15T19:52:00,934.2,2022-01-15T13:49:00,15.9,24.0,2022-01-15T12:35:00,10.0,2022-01-15T06:11:00,73,40.0,2022-01-15T11:56:00,0.9,0,6.9,262.0,2022-01-15T14:17:00,0.0,,,,,,,,,,,,,,,,,,,,,,,0.0,2022-01-15T02:00:00,,,0,,93.0,2022-01-15T04:31:00,,,,,,,,,,,,,,,,,,,,,,,,,,,,,,,,,,,,,,,,,,,,,,,,,,,,,,,,,,,,,,,,,,,
2022-01-16,937.3,939.0,2022-01-16T08:34:00,934.2,2022-01-16T13:45:00,17.3,26.0,2022-01-16T13:13:00,10.2,2022-01-16T04:41:00,65,30.0,2022-01-16T11:22:00,0.8,0,6.4,215.0,2022-01-16T14:23:00,0.0,,,,,,,,,,,,,,,,,,,,,,,0.0,2022-01-16T03:00:00,,,0,,90.0,2022-01-16T00:01:00,,,,,,,,,,,,,,,,,,,,,,,,,,,,,,,,,,,,,,,,,,,,,,,,,,,,,,,,,,,,,,,,,,,
2022-01-17,936.0,937.7,2022-01-17T08:02:00,933.8,2022-01-17T14:01:00,17.6,25.6,2022-01-17T13:42:00,11.8,2022-01-17T06:54:00,76,42.0,2022-01-17T11:02:00,1.0,0,7.0,216.0,2022-01-17T14:24:00,0.0,,,,,,,,,,,,,,,,,,,,,,,0.0,2022-01-17T07:00:00,,,0,,93.0,2022-01-17T22:52:00,,,,,,,,,,,,,,,,,,,,,,,,,,,,,,,,,,,,,,,,,,,,,,,,,,,,,,,,,,,,,,,,,,,
2022-01-18,935.3,936.6,2022-01-18T09:32:00,933.5,2022-01-18T14:26:00,17.2,22.7,2022-01-18T10:41:00,15.7,2022-01-18T06:29:00,92,66.0,2022-01-18T11:34:00,0.8,0,6.8,209.0,2022-01-18T12:42:00,16.0,,,,,,,,,,,,,,,,,,,,,,,5.5,2022-01-18T02:00:00,,,0,,96.0,2022-01-18T06:51:00,,,,,,,,,,,,,,,,,,,,,,,,,,,,,,,,,,,,,,,,,,,,,,,,,,,,,,,,,,,,,,,,,,,
2022-01-19,933.8,935.8,2022-01-19T00:01:00,931.5,2022-01-19T14:41:00,18.0,24.8,2022-01-19T13:43:00,14.5,2022-01-19T23:16:00,84,53.0,2022-01-19T13:43:00,0.8,0,6.6,204.0,2022-01-19T14:30:00,2.5,,,,,,,,,,,,,,,,,,,,,,,1.0,2022-01-19T02:00:00,,,0,,97.0,2022-01-19T03:51:00,,,,,,,,,,,,,,,,,,,,,,,,,,,,,,,,,,,,,,,,,,,,,,,,,,,,,,,,,,,,,,,,,,,
2022-01-20,933.7,935.2,2022-01-20T08:12:00,931.6,2022-01-20T14:22:00,17.4,24.7,2022-01-20T13:21:00,11.5,2022-01-20T06:51:00,74,39.0,2022-01-20T11:12:00,1.0,0,6.1,200.0,2022-01-20T14:43:00,0.0,,,,,,,,,,,,,,,,,,,,,,,0.0,2022-01-20T02:00:00,,,0,,94.0,2022-01-20T23:57:00,,,,,,,,,,,,,,,,,,,,,,,,,,,,,,,,,,,,,,,,,,,,,,,,,,,,,,,,,,,,,,,,,,,
2022-01-21,934.3,936.1,2022-01-21T08:32:00,932.9,2022-01-21T14:23:00,17.1,23.5,2022-01-21T10:19:00,13.7,2022-01-21T05:32:00,83,53.0,2022-01-21T10:19:00,0.8,0,6.4,210.0,2022-01-21T12:18:00,0.0,,,,,,,,,,,,,,,,,,,,,,,0.0,2022-01-21T03:00:00,,,0,,95.0,2022-01-21T07:11:00,,,,,,,,,,,,,,,,,,,,,,,,,,,,,,,,,,,,,,,,,,,,,,,,,,,,,,,,,,,,,,,,,,,
2022-01-22,931.9,934.2,2022-01-22T00:01:00,927.8,2022-01-22T15:15:00,16.8,23.2,2022-01-22T15:34:00,14.0,2022-01-22T01:41:00,90,64.0,2022-01-22T15:34:00,0.4,0,7.6,215.0,2022-01-22T16:19:00,5.5,,,,,,,,,,,,,,,,,,,,,,,1.5,2022-01-22T21:00:00,,,0,,95.0,2022-01-22T02:31:00,,,,,,,,,,,,,,,,,,,,,,,,,,,,,,,,,,,,,,,,,,,,,,,,,,,,,,,,,,,,,,,,,,,
2022-01-23,931.0,932.2,2022-01-23T08:52:00,929.0,2022-01-23T15:24:00,19.0,26.3,2022-01-23T15:32:00,14.0,2022-01-23T23:43:00,83,53.0,2022-01-23T16:11:00,0.4,0,4.7,212.0,2022-01-23T13:35:00,0.0,,,,,,,,,,,,,,,,,,,,,,,0.0,2022-01-23T04:00:00,,,0,,95.0,2022-01-23T04:01:00,,,,,,,,,,,,,,,,,,,,,,,,,,,,,,,,,,,,,,,,,,,,,,,,,,,,,,,,,,,,,,,,,,,
2022-01-24,931.4,933.1,2022-01-24T23:21:00,929.7,2022-01-24T14:22:00,17.9,24.7,2022-01-24T11:31:00,12.7,2022-01-24T06:52:00,79,43.0,2022-01-24T11:33:00,0.8,0,6.0,210.0,2022-01-24T12:53:00,0.0,,,,,,,,,,,,,,,,,,,,,,,0.0,2022-01-24T19:00:00,,,0,,93.0,2022-01-24T23:52:00,,,,,,,,,,,,,,,,,,,,,,,,,,,,,,,,,,,,,,,,,,,,,,,,,,,,,,,,,,,,,,,,,,,
2022-01-25,933.4,934.8,2022-01-25T08:12:00,931.3,2022-01-25T14:52:00,19.0,25.1,2022-01-25T12:41:00,15.0,2022-01-25T23:41:00,81,51.0,2022-01-25T12:41:00,0.7,0,5.4,211.0,2022-01-25T13:20:00,0.0,,,,,,,,,,,,,,,,,,,,,,,0.0,2022-01-25T02:00:00,,,0,,95.0,2022-01-25T06:43:00,,,,,,,,,,,,,,,,,,,,,,,,,,,,,,,,,,,,,,,,,,,,,,,,,,,,,,,,,,,,,,,,,,,
2022-01-26,934.5,936.3,2022-01-26T07:34:00,932.0,2022-01-26T14:01:00,18.3,26.3,2022-01-26T13:51:00,10.8,2022-01-26T06:13:00,73,33.0,2022-01-26T11:05:00,1.0,0,7.8,215.0,2022-01-26T14:09:00,0.0,,,,,,,,,,,,,,,,,,,,,,,0.0,2022-01-26T10:00:00,,,0,,92.0,2022-01-26T06:24:00,,,,,,,,,,,,,,,,,,,,,,,,,,,,,,,,,,,,,,,,,,,,,,,,,,,,,,,,,,,,,,,,,,,
2022-01-27,934.2,,,,,19.0,,,,,72,,,1.1,0,,,,0.0,,,,,,,,,,,,,,,,,,,,,,,0.0,2022-01-27T07:00:00,,,0,,,,,,,,,,,,,,,,,,,,,,,,,,,,,,,,,,,,,,,,,,,,,,,,,,,,,,,,,,,,,,,,,,,,,,
2022-01-28,933.3,934.6,2022-01-28T20:31:00,931.0,2022-01-28T16:32:00,18.3,22.0,2022-01-28T10:21:00,15.3,2022-01-28T23:24:00,86,61.0,2022-01-28T09:41:00,0.5,0,5.0,203.0,2022-01-28T14:43:00,20.5,,,,,,,,,,,,,,,,,,,,,,,5.0,2022-01-28T18:00:00,,,0,,94.0,2022-01-28T18:08:00,,,,,,,,,,,,,,,,,,,,,,,,,,,,,,,,,,,,,,,,,,,,,,,,,,,,,,,,,,,,,,,,,,,
2022-01-29,930.2,933.2,2022-01-29T00:04:00,927.7,2022-01-29T14:31:00,16.5,18.3,2022-01-29T14:41:00,15.1,2022-01-29T05:29:00,95,90.0,2022-01-29T21:14:00,0.2,0,4.1,71.0,2022-01-29T20:31:00,25.5,,,,,,,,,,,,,,,,,,,,,,,5.0,2022-01-29T10:00:00,,,0,,96.0,2022-01-29T18:31:00,,,,,,,,,,,,,,,,,,,,,,,,,,,,,,,,,,,,,,,,,,,,,,,,,,,,,,,,,,,,,,,,,,,
2022-01-30,931.6,935.1,2022-01-30T22:31:00,929.0,2022-01-30T01:21:00,16.3,22.5,2022-01-30T12:02:00,12.6,2022-01-30T23:41:00,86,58.0,2022-01-30T13:33:00,0.8,0,6.6,224.0,2022-01-30T14:44:00,0.0,,,,,,,,,,,,,,,,,,,,,,,0.0,2022-01-30T02:00:00,,,0,,96.0,2022-01-30T03:11:00,,,,,,,,,,,,,,,,,,,,,,,,,,,,,,,,,,,,,,,,,,,,,,,,,,,,,,,,,,,,,,,,,,,
2022-01-31,934.8,936.9,2022-01-31T23:42:00,933.3,2022-01-31T03:52:00,13.9,21.6,2022-01-31T11:02:00,8.3,2022-01-31T07:09:00,76,30.0,2022-01-31T10:32:00,1.0,0,8.4,227.0,2022-01-31T11:55:00,0.0,,,,,,,,,,,,,,,,,,,,,,,0.0,2022-01-31T10:00:00,,,0,,95.0,2022-01-31T00:01:00,,,,,,,,,,,,,,,,,,,,,,,,,,,,,,,,,,,,,,,,,,,,,,,,,,,,,,,,,,,,,,,,,,,
2022-02-01,935.3,936.6,2022-02-01T00:01:00,933.6,2022-02-01T15:01:00,16.1,20.6,2022-02-01T13:12:00,12.5,2022-02-01T04:34:00,80,57.0,2022-02-01T10:26:00,0.4,0,4.4,224.0,2022-02-01T12:05:00,0.0,,,,,,,,,,,,,,,,,,,,,,,0.0,2022-02-01T14:00:00,,,0,,93.0,2022-02-01T05:04:00,,,,,,,,,,,,,,,,,,,,,,,,,,,,,,,,,,,,,,,,,,,,,,,,,,,,,,,,,,,,,,,,,,,
2022-02-02,935.1,,,,,18.5,,,,,77,,,1.0,0,9.1,220.0,2022-02-02T14:39:00,0.0,,,,,,,,,,,,,,,,,,,,,,,0.0,2022-02-02T04:00:00,,,0,,,,,,,,,,,,,,,,,,,,,,,,,,,,,,,,,,,,,,,,,,,,,,,,,,,,,,,,,,,,,,,,,,,,,,
2022-02-03,934.0,935.4,2022-02-03T00:41:00,932.6,2022-02-03T15:52:00,17.6,23.2,2022-02-03T11:41:00,13.0,2022-02-03T03:37:00,82,49.0,2022-02-03T10:02:00,0.7,0,6.1,216.0,2022-02-03T13:58:00,1.0,,,,,,,,,,,,,,,,,,,,,,,0.5,2022-02-03T17:00:00,,,0,,95.0,2022-02-03T22:32:00,,,,,,,,,,,,,,,,,,,,,,,,,,,,,,,,,,,,,,,,,,,,,,,,,,,,,,,,,,,,,,,,,,,
2022-02-04,934.8,937.0,2022-02-04T22:21:00,932.8,2022-02-04T14:31:00,18.3,25.0,2022-02-04T12:03:00,15.0,2022-02-04T06:41:00,81,42.0,2022-02-04T12:47:00,1.2,0,6.8,195.0,2022-02-04T14:05:00,0.0,,,,,,,,,,,,,,,,,,,,,,,0.0,2022-02-04T02:00:00,,,0,,96.0,2022-02-04T05:47:00,,,,,,,,,,,,,,,,,,,,,,,,,,,,,,,,,,,,,,,,,,,,,,,,,,,,,,,,,,,,,,,,,,,
2022-02-05,937.4,939.0,2022-02-05T23:13:00,936.1,2022-02-05T13:31:00,15.4,21.5,2022-02-05T11:51:00,10.1,2022-02-05T06:14:00,77,49.0,2022-02-05T11:51:00,1.2,0,7.6,193.0,2022-02-05T14:52:00,0.0,,,,,,,,,,,,,,,,,,,,,,,0.0,2022-02-05T10:00:00,,,0,,92.0,2022-02-05T06:15:00,,,,,,,,,,,,,,,,,,,,,,,,,,,,,,,,,,,,,,,,,,,,,,,,,,,,,,,,,,,,,,,,,,,
2022-02-06,937.3,939.3,2022-02-06T08:02:00,934.6,2022-02-06T15:04:00,15.4,23.0,2022-02-06T12:59:00,9.2,2022-02-06T07:03:00,73,33.0,2022-02-06T10:52:00,1.0,0,8.7,196.0,2022-02-06T14:19:00,0.0,,,,,,,,,,,,,,,,,,,,,,,0.0,2022-02-06T14:00:00,,,0,,93.0,2022-02-06T01:25:00,,,,,,,,,,,,,,,,,,,,,,,,,,,,,,,,,,,,,,,,,,,,,,,,,,,,,,,,,,,,,,,,,,,
2022-02-07,934.4,936.8,2022-02-07T00:01:00,932.1,2022-02-07T13:41:00,15.1,21.0,2022-02-07T12:08:00,9.3,2022-02-07T03:17:00,79,51.0,2022-02-07T12:08:00,0.3,0,5.0,223.0,2022-02-07T12:22:00,5.5,,,,,,,,,,,,,,,,,,,,,,,2.5,2022-02-07T23:59:00,,,0,,96.0,2022-02-07T23:52:00,,,,,,,,,,,,,,,,,,,,,,,,,,,,,,,,,,,,,,,,,,,,,,,,,,,,,,,,,,,,,,,,,,,
2022-02-08,934.5,,,,,18.3,,,,,87,,,0.6,0,5.4,227.0,2022-02-08T15:58:00,2.5,,,,,,,,,,,,,,,,,,,,,,,2.0,2022-02-08T01:00:00,,,0,,,,,,,,,,,,,,,,,,,,,,,,,,,,,,,,,,,,,,,,,,,,,,,,,,,,,,,,,,,,,,,,,,,,,,
2022-02-09,935.4,937.8,2022-02-09T09:16:00,932.7,2022-02-09T15:53:00,17.4,25.8,2022-02-09T15:28:00,12.5,2022-02-09T23:51:00,77,29.0,2022-02-09T16:31:00,0.6,0,5.9,201.0,2022-02-09T12:41:00,0.0,,,,,,,,,,,,,,,,,,,,,,,0.0,2022-02-09T02:00:00,,,0,,95.0,2022-02-09T01:51:00,,,,,,,,,,,,,,,,,,,,,,,,,,,,,,,,,,,,,,,,,,,,,,,,,,,,,,,,,,,,,,,,,,,
2022-02-10,934.6,936.9,2022-02-10T09:01:00,931.7,2022-02-10T15:31:00,17.6,26.5,2022-02-10T13:34:00,10.3,2022-02-10T05:58:00,68,30.0,2022-02-10T10:51:00,1.0,0,8.4,221.0,2022-02-10T14:37:00,0.0,,,,,,,,,,,,,,,,,,,,,,,0.0,2022-02-10T17:00:00,,,0,,92.0,2022-02-10T01:16:00,,,,,,,,,,,,,,,,,,,,,,,,,,,,,,,,,,,,,,,,,,,,,,,,,,,,,,,,,,,,,,,,,,,
2022-02-11,934.0,936.1,2022-02-11T07:44:00,931.8,2022-02-11T14:43:00,18.1,26.2,2022-02-11T13:21:00,10.6,2022-02-11T05:51:00,60,26.0,2022-02-11T10:45:00,1.0,0,7.9,204.0,2022-02-11T13:48:00,0.0,,,,,,,,,,,,,,,,,,,,,,,0.0,2022-02-11T21:00:00,,,0,,87.0,2022-02-11T23:37:00,,,,,,,,,,,,,,,,,,,,,,,,,,,,,,,,,,,,,,,,,,,,,,,,,,,,,,,,,,,,,,,,,,,
2022-02-12,932.5,934.5,2022-02-12T08:45:00,929.8,2022-02-12T15:01:00,18.6,27.3,2022-02-12T13:01:00,11.5,2022-02-12T06:51:00,65,30.0,2022-02-12T11:04:00,0.8,0,6.9,217.0,2022-02-12T13:28:00,0.0,,,,,,,,,,,,,,,,,,,,,,,0.0,2022-02-12T04:00:00,,,0,,90.0,2022-02-12T02:41:00,,,,,,,,,,,,,,,,,,,,,,,,,,,,,,,,,,,,,,,,,,,,,,,,,,,,,,,,,,,,,,,,,,,
2022-02-13,931.1,932.5,2022-02-13T00:01:00,928.5,2022-02-13T15:01:00,19.7,27.5,2022-02-13T13:22:00,14.0,2022-02-13T06:51:00,73,41.0,2022-02-13T10:54:00,0.7,0,6.7,216.0,2022-02-13T13:03:00,5.0,,,,,,,,,,,,,,,,,,,,,,,3.0,2022-02-13T20:00:00,,,0,,95.0,2022-02-13T23:21:00,,,,,,,,,,,,,,,,,,,,,,,,,,,,,,,,,,,,,,,,,,,,,,,,,,,,,,,,,,,,,,,,,,,
2022-02-14,932.0,933.6,2022-02-14T23:45:00,930.4,2022-02-14T04:25:00,18.0,21.1,2022-02-14T11:01:00,16.0,2022-02-14T22:21:00,89,70.0,2022-02-14T13:57:00,0.7,0,6.1,209.0,2022-02-14T12:31:00,0.5,,,,,,,,,,,,,,,,,,,,,,,0.5,2022-02-14T06:00:00,,,0,,96.0,2022-02-14T07:41:00,,,,,,,,,,,,,,,,,,,,,,,,,,,,,,,,,,,,,,,,,,,,,,,,,,,,,,,,,,,,,,,,,,,
2022-02-15,933.3,935.6,2022-02-15T09:31:00,931.5,2022-02-15T14:23:00,16.2,21.0,2022-02-15T10:31:00,12.6,2022-02-15T06:31:00,82,50.0,2022-02-15T10:32:00,1.1,0,7.0,219.0,2022-02-15T13:29:00,0.0,,,,,,,,,,,,,,,,,,,,,,,0.0,2022-02-15T06:00:00,,,0,,95.0,2022-02-15T03:31:00,,,,,,,,,,,,,,,,,,,,,,,,,,,,,,,,,,,,,,,,,,,,,,,,,,,,,,,,,,,,,,,,,,,
2022-02-16,932.3,934.7,2022-02-16T07:31:00,929.2,2022-02-16T15:11:00,17.0,24.1,2022-02-16T12:51:00,11.0,2022-02-16T07:11:00,71,28.0,2022-02-16T11:43:00,1.0,0,8.2,203.0,2022-02-16T15:57:00,0.0,,,,,,,,,,,,,,,,,,,,,,,0.0,2022-02-16T21:00:00,,,0,,93.0,2022-02-16T07:32:00,,,,,,,,,,,,,,,,,,,,,,,,,,,,,,,,,,,,,,,,,,,,,,,,,,,,,,,,,,,,,,,,,,,
2022-02-17,932.0,,,,2022-02-17T05:59:00,15.7,20.2,2022-02-17T11:43:00,10.5,2022-02-17T02:31:00,70,38.0,2022-02-17T10:34:00,0.5,0,5.4,204.0,2022-02-17T12:52:00,0.0,,,,,,,,,,,,,,,,,,,,,,,0.0,2022-02-17T11:00:00,,,0,,90.0,2022-02-17T18:53:00,,,,,,,,,,,,,,,,,,,,,,,,,,,,,,,,,,,,,,,,,,,,,,,,,,,,,,,,,,,,,,,,,,,
2022-02-18,932.5,935.2,2022-02-18T09:51:00,930.8,2022-02-18T14:55:00,16.7,20.1,2022-02-18T15:31:00,15.0,2022-02-18T23:41:00,84,64.0,2022-02-18T01:36:00,0.4,0,4.0,206.0,2022-02-18T08:15:00,1.0,,,,,,,,,,,,,,,,,,,,,,,0.5,2022-02-18T06:00:00,,,0,,93.0,2022-02-18T10:11:00,,,,,,,,,,,,,,,,,,,,,,,,,,,,,,,,,,,,,,,,,,,,,,,,,,,,,,,,,,,,,,,,,,,
2022-02-19,932.1,933.5,2022-02-19T10:23:00,930.6,2022-02-19T14:51:00,17.1,20.5,2022-02-19T12:52:00,14.7,2022-02-19T03:02:00,88,70.0,2022-02-19T10:06:00,0.2,0,5.0,230.0,2022-02-19T10:42:00,23.5,,,,,,,,,,,,,,,,,,,,,,,4.5,2022-02-19T19:00:00,,,0,,96.0,2022-02-19T23:15:00,,,,,,,,,,,,,,,,,,,,,,,,,,,,,,,,,,,,,,,,,,,,,,,,,,,,,,,,,,,,,,,,,,,
2022-02-20,933.6,936.3,2022-02-20T21:41:00,931.2,2022-02-20T02:15:00,14.0,16.6,2022-02-20T00:14:00,12.2,2022-02-20T23:04:00,96,94.0,2022-02-20T14:37:00,1.0,0,5.8,204.0,2022-02-20T10:07:00,37.0,,,,,,,,,,,,,,,,,,,,,,,6.0,2022-02-20T01:00:00,,,0,,97.0,2022-02-20T23:12:00,,,,,,,,,,,,,,,,,,,,,,,,,,,,,,,,,,,,,,,,,,,,,,,,,,,,,,,,,,,,,,,,,,,
2022-02-21,936.0,937.7,2022-02-21T22:22:00,934.8,2022-02-21T04:17:00,13.2,14.2,2022-02-21T13:53:00,12.0,2022-02-21T04:53:00,97,96.0,2022-02-21T16:21:00,0.6,0,3.4,224.0,2022-02-21T20:07:00,5.0,,,,,,,,,,,,,,,,,,,,,,,1.0,2022-02-21T04:00:00,,,0,,98.0,2022-02-21T09:51:00,,,,,,,,,,,,,,,,,,,,,,,,,,,,,,,,,,,,,,,,,,,,,,,,,,,,,,,,,,,,,,,,,,,
2022-02-22,936.0,937.3,2022-02-22T09:31:00,934.1,2022-02-22T15:31:00,15.2,17.0,2022-02-22T11:03:00,13.5,2022-02-22T00:12:00,94,83.0,2022-02-22T12:11:00,0.5,0,4.9,171.0,2022-02-22T09:01:00,4.0,,,,,,,,,,,,,,,,,,,,,,,1.5,2022-02-22T06:00:00,,,0,,97.0,2022-02-22T05:51:00,,,,,,,,,,,,,,,,,,,,,,,,,,,,,,,,,,,,,,,,,,,,,,,,,,,,,,,,,,,,,,,,,,,
2022-02-23,936.3,938.3,2022-02-23T22:01:00,933.6,2022-02-23T13:21:00,15.7,18.0,2022-02-23T11:31:00,14.5,2022-02-23T02:11:00,97,92.0,2022-02-23T12:46:00,0.7,0,6.4,190.0,2022-02-23T13:51:00,41.5,,,,,,,,,,,,,,,,,,,,,,,11.0,2022-02-23T15:00:00,,,0,,98.0,2022-02-23T05:28:00,,,,,,,,,,,,,,,,,,,,,,,,,,,,,,,,,,,,,,,,,,,,,,,,,,,,,,,,,,,,,,,,,,,
2022-02-24,938.4,939.7,2022-02-24T09:35:00,936.9,2022-02-24T03:41:00,15.2,19.0,2022-02-24T14:47:00,14.0,2022-02-24T20:25:00,94,76.0,2022-02-24T14:52:00,1.1,0,5.5,197.0,2022-02-24T12:17:00,0.0,,,,,,,,,,,,,,,,,,,,,,,0.0,2022-02-24T16:00:00,,,0,,98.0,2022-02-24T07:32:00,,,,,,,,,,,,,,,,,,,,,,,,,,,,,,,,,,,,,,,,,,,,,,,,,,,,,,,,,,,,,,,,,,,
2022-02-25,938.7,940.9,2022-02-25T09:03:00,936.3,2022-02-25T14:41:00,16.9,23.0,2022-02-25T12:11:00,13.5,2022-02-25T04:38:00,81,45.0,2022-02-25T11:55:00,1.0,0,7.1,217.0,2022-02-25T13:08:00,0.0,,,,,,,,,,,,,,,,,,,,,,,0.0,2022-02-25T06:00:00,,,0,,98.0,2022-02-25T05:01:00,,,,,,,,,,,,,,,,,,,,,,,,,,,,,,,,,,,,,,,,,,,,,,,,,,,,,,,,,,,,,,,,,,,
2022-02-26,937.5,940.3,2022-02-26T08:11:00,934.5,2022-02-26T15:03:00,17.9,25.5,2022-02-26T14:01:00,11.0,2022-02-26T06:44:00,68,34.0,2022-02-26T12:31:00,1.0,0,6.8,212.0,2022-02-26T15:03:00,0.0,,,,,,,,,,,,,,,,,,,,,,,0.0,2022-02-26T14:00:00,,,0,,94.0,2022-02-26T00:51:00,,,,,,,,,,,,,,,,,,,,,,,,,,,,,,,,,,,,,,,,,,,,,,,,,,,,,,,,,,,,,,,,,,,
2022-02-27,936.6,938.9,2022-02-27T08:41:00,933.7,2022-02-27T15:01:00,17.6,25.3,2022-02-27T13:31:00,11.2,2022-02-27T06:52:00,66,34.0,2022-02-27T09:41:00,1.0,0,6.9,206.0,2022-02-27T14:00:00,0.0,,,,,,,,,,,,,,,,,,,,,,,0.0,2022-02-27T18:00:00,,,0,,88.0,2022-02-27T07:38:00,,,,,,,,,,,,,,,,,,,,,,,,,,,,,,,,,,,,,,,,,,,,,,,,,,,,,,,,,,,,,,,,,,,
2022-02-28,936.4,938.8,2022-02-28T08:11:00,933.9,2022-02-28T16:00:00,17.9,27.0,2022-02-28T13:03:00,11.1,2022-02-28T03:32:00,67,33.0,2022-02-28T10:55:00,0.8,0,6.0,218.0,2022-02-28T13:25:00,0.0,,,,,,,,,,,,,,,,,,,,,,,0.0,2022-02-28T01:00:00,,,0,,90.0,2022-02-28T23:27:00,,,,,,,,,,,,,,,,,,,,,,,,,,,,,,,,,,,,,,,,,,,,,,,,,,,,,,,,,,,,,,,,,,,
2022-03-01,935.3,937.4,2022-03-01T08:21:00,932.7,2022-03-01T15:22:00,18.2,27.0,2022-03-01T13:01:00,9.1,2022-03-01T06:06:00,69,36.0,2022-03-01T09:31:00,0.8,0,7.1,184.0,2022-03-01T14:01:00,0.0,,,,,,,,,,,,,,,,,,,,,,,0.0,2022-03-01T16:00:00,,,0,,90.0,2022-03-01T00:45:00,,,,,,,,,,,,,,,,,,,,,,,,,,,,,,,,,,,,,,,,,,,,,,,,,,,,,,,,,,,,,,,,,,,
2022-03-02,934.7,936.6,2022-03-02T08:24:00,932.0,2022-03-02T14:31:00,20.6,28.0,2022-03-02T12:42:00,13.5,2022-03-02T06:14:00,72,42.0,2022-03-02T12:02:00,1.2,0,8.4,212.0,2022-03-02T15:25:00,0.0,,,,,,,,,,,,,,,,,,,,,,,0.0,2022-03-02T06:00:00,,,0,,91.0,2022-03-02T06:15:00,,,,,,,,,,,,,,,,,,,,,,,,,,,,,,,,,,,,,,,,,,,,,,,,,,,,,,,,,,,,,,,,,,,
2022-03-03,934.3,936.5,2022-03-03T08:35:00,931.6,2022-03-03T15:14:00,20.1,26.3,2022-03-03T12:42:00,13.7,2022-03-03T07:11:00,69,46.0,2022-03-03T12:03:00,1.2,0,7.6,163.0,2022-03-03T13:30:00,0.0,,,,,,,,,,,,,,,,,,,,,,,0.0,2022-03-03T14:00:00,,,0,,88.0,2022-03-03T00:23:00,,,,,,,,,,,,,,,,,,,,,,,,,,,,,,,,,,,,,,,,,,,,,,,,,,,,,,,,,,,,,,,,,,,
2022-03-04,932.6,935.3,2022-03-04T07:51:00,929.9,2022-03-04T16:13:00,19.3,27.5,2022-03-04T13:15:00,12.3,2022-03-04T05:41:00,70,37.0,2022-03-04T10:35:00,0.8,0,7.3,208.0,2022-03-04T11:08:00,0.0,,,,,,,,,,,,,,,,,,,,,,,0.0,2022-03-04T18:00:00,,,0,,91.0,2022-03-04T07:01:00,,,,,,,,,,,,,,,,,,,,,,,,,,,,,,,,,,,,,,,,,,,,,,,,,,,,,,,,,,,,,,,,,,,
2022-03-05,931.7,933.7,2022-03-05T07:56:00,928.5,2022-03-05T14:31:00,19.7,27.7,2022-03-05T13:31:00,12.0,2022-03-05T06:29:00,68,36.0,2022-03-05T11:35:00,1.0,0,7.7,208.0,2022-03-05T12:19:00,0.0,,,,,,,,,,,,,,,,,,,,,,,0.0,2022-03-05T01:00:00,,,0,,89.0,2022-03-05T00:47:00,,,,,,,,,,,,,,,,,,,,,,,,,,,,,,,,,,,,,,,,,,,,,,,,,,,,,,,,,,,,,,,,,,,
2022-03-06,932.8,935.6,2022-03-06T09:01:00,930.1,2022-03-06T15:15:00,19.8,26.7,2022-03-06T11:03:00,14.1,2022-03-06T06:23:00,72,34.0,2022-03-06T11:13:00,1.3,0,7.9,195.0,2022-03-06T13:24:00,0.0,,,,,,,,,,,,,,,,,,,,,,,0.0,2022-03-06T16:00:00,,,0,,89.0,2022-03-06T00:11:00,,,,,,,,,,,,,,,,,,,,,,,,,,,,,,,,,,,,,,,,,,,,,,,,,,,,,,,,,,,,,,,,,,,
2022-03-07,931.7,933.7,2022-03-07T09:13:00,929.1,2022-03-07T16:11:00,16.4,18.7,2022-03-07T15:51:00,11.8,2022-03-07T23:58:00,91,84.0,2022-03-07T19:12:00,0.7,0,7.0,209.0,2022-03-07T19:12:00,6.5,,,,,,,,,,,,,,,,,,,,,,,2.0,2022-03-07T10:00:00,,,0,,95.0,2022-03-07T10:13:00,,,,,,,,,,,,,,,,,,,,,,,,,,,,,,,,,,,,,,,,,,,,,,,,,,,,,,,,,,,,,,,,,,,
2022-03-08,932.8,935.2,2022-03-08T23:21:00,930.3,2022-03-08T15:02:00,14.3,22.8,2022-03-08T13:51:00,7.0,2022-03-08T06:35:00,63,28.0,2022-03-08T09:34:00,1.0,0,6.1,220.0,2022-03-08T13:54:00,0.0,,,,,,,,,,,,,,,,,,,,,,,0.0,2022-03-08T21:00:00,,,0,,94.0,2022-03-08T00:01:00,,,,,,,,,,,,,,,,,,,,,,,,,,,,,,,,,,,,,,,,,,,,,,,,,,,,,,,,,,,,,,,,,,,
2022-03-09,934.0,936.0,2022-03-09T08:02:00,931.0,2022-03-09T15:12:00,16.7,25.0,2022-03-09T13:23:00,9.0,2022-03-09T07:04:00,62,26.0,2022-03-09T10:49:00,1.0,0,6.5,215.0,2022-03-09T15:02:00,0.0,,,,,,,,,,,,,,,,,,,,,,,0.0,2022-03-09T18:00:00,,,0,,92.0,2022-03-09T00:01:00,,,,,,,,,,,,,,,,,,,,,,,,,,,,,,,,,,,,,,,,,,,,,,,,,,,,,,,,,,,,,,,,,,,
2022-03-10,933.5,935.5,2022-03-10T07:32:00,930.7,2022-03-10T14:53:00,18.2,25.6,2022-03-10T13:51:00,13.2,2022-03-10T06:32:00,60,30.0,2022-03-10T12:11:00,1.0,0,6.5,201.0,2022-03-10T12:54:00,0.0,,,,,,,,,,,,,,,,,,,,,,,0.0,2022-03-10T01:00:00,,,0,,83.0,2022-03-10T00:43:00,,,,,,,,,,,,,,,,,,,,,,,,,,,,,,,,,,,,,,,,,,,,,,,,,,,,,,,,,,,,,,,,,,,
2022-03-11,932.0,934.1,2022-03-11T07:05:00,929.2,2022-03-11T14:47:00,19.3,27.1,2022-03-11T14:41:00,12.8,2022-03-11T05:51:00,58,29.0,2022-03-11T11:34:00,0.9,0,6.8,164.0,2022-03-11T14:04:00,0.0,,,,,,,,,,,,,,,,,,,,,,,0.0,2022-03-11T23:00:00,,,0,,86.0,2022-03-11T03:35:00,,,,,,,,,,,,,,,,,,,,,,,,,,,,,,,,,,,,,,,,,,,,,,,,,,,,,,,,,,,,,,,,,,,
2022-03-12,931.8,933.2,2022-03-12T07:41:00,929.5,2022-03-12T14:21:00,19.6,27.7,2022-03-12T12:21:00,11.7,2022-03-12T06:44:00,60,27.0,2022-03-12T10:19:00,1.2,0,7.8,204.0,2022-03-12T15:04:00,0.0,,,,,,,,,,,,,,,,,,,,,,,0.0,2022-03-12T13:00:00,,,0,,83.0,2022-03-12T23:46:00,,,,,,,,,,,,,,,,,,,,,,,,,,,,,,,,,,,,,,,,,,,,,,,,,,,,,,,,,,,,,,,,,,,
2022-03-13,931.7,933.7,2022-03-13T07:43:00,928.5,2022-03-13T14:42:00,21.0,28.7,2022-03-13T13:33:00,14.3,2022-03-13T06:41:00,57,29.0,2022-03-13T11:51:00,1.0,0,6.8,204.0,2022-03-13T16:53:00,0.0,,,,,,,,,,,,,,,,,,,,,,,0.0,2022-03-13T21:00:00,,,0,,83.0,2022-03-13T00:02:00,,,,,,,,,,,,,,,,,,,,,,,,,,,,,,,,,,,,,,,,,,,,,,,,,,,,,,,,,,,,,,,,,,,
2022-03-14,931.1,932.7,2022-03-14T09:06:00,929.0,2022-03-14T16:41:00,20.0,27.7,2022-03-14T14:31:00,13.2,2022-03-14T04:11:00,64,36.0,2022-03-14T09:54:00,0.8,0,6.9,220.0,2022-03-14T11:26:00,0.0,,,,,,,,,,,,,,,,,,,,,,,0.0,2022-03-14T11:00:00,,,0,,84.0,2022-03-14T21:51:00,,,,,,,,,,,,,,,,,,,,,,,,,,,,,,,,,,,,,,,,,,,,,,,,,,,,,,,,,,,,,,,,,,,
2022-03-15,929.8,931.2,2022-03-15T07:42:00,927.2,2022-03-15T14:42:00,21.1,28.7,2022-03-15T13:31:00,14.5,2022-03-15T05:13:00,67,39.0,2022-03-15T12:54:00,0.9,0,6.7,233.0,2022-03-15T14:54:00,0.0,,,,,,,,,,,,,,,,,,,,,,,0.0,2022-03-15T01:00:00,,,0,,87.0,2022-03-15T05:21:00,,,,,,,,,,,,,,,,,,,,,,,,,,,,,,,,,,,,,,,,,,,,,,,,,,,,,,,,,,,,,,,,,,,
2022-03-16,930.5,932.3,2022-03-16T21:05:00,928.0,2022-03-16T15:51:00,20.7,27.6,2022-03-16T13:10:00,13.7,2022-03-16T05:41:00,69,33.0,2022-03-16T09:42:00,1.1,0,6.2,258.0,2022-03-16T11:31:00,0.0,,,,,,,,,,,,,,,,,,,,,,,0.0,2022-03-16T23:00:00,,,0,,91.0,2022-03-16T23:52:00,,,,,,,,,,,,,,,,,,,,,,,,,,,,,,,,,,,,,,,,,,,,,,,,,,,,,,,,,,,,,,,,,,,
2022-03-17,928.8,931.4,2022-03-17T00:01:00,926.6,2022-03-17T16:13:00,22.6,30.5,2022-03-17T11:46:00,17.2,2022-03-17T00:51:00,67,40.0,2022-03-17T10:43:00,0.8,0,6.8,192.0,2022-03-17T14:59:00,0.0,,,,,,,,,,,,,,,,,,,,,,,0.0,2022-03-17T13:00:00,,,0,,91.0,2022-03-17T00:17:00,,,,,,,,,,,,,,,,,,,,,,,,,,,,,,,,,,,,,,,,,,,,,,,,,,,,,,,,,,,,,,,,,,,
2022-03-18,927.1,928.8,2022-03-18T23:55:00,924.8,2022-03-18T14:25:00,22.7,29.8,2022-03-18T12:22:00,17.5,2022-03-18T06:11:00,75,45.0,2022-03-18T12:21:00,1.1,0,6.9,166.0,2022-03-18T13:21:00,0.0,,,,,,,,,,,,,,,,,,,,,,,0.0,2022-03-18T21:00:00,,,0,,93.0,2022-03-18T06:22:00,,,,,,,,,,,,,,,,,,,,,,,,,,,,,,,,,,,,,,,,,,,,,,,,,,,,,,,,,,,,,,,,,,,
2022-03-19,929.2,931.8,2022-03-19T23:51:00,927.5,2022-03-19T16:05:00,21.2,26.3,2022-03-19T13:02:00,17.8,2022-03-19T05:57:00,76,54.0,2022-03-19T13:11:00,1.0,0,7.6,224.0,2022-03-19T13:32:00,0.0,,,,,,,,,,,,,,,,,,,,,,,0.0,2022-03-19T11:00:00,,,0,,91.0,2022-03-19T06:01:00,,,,,,,,,,,,,,,,,,,,,,,,,,,,,,,,,,,,,,,,,,,,,,,,,,,,,,,,,,,,,,,,,,,
2022-03-20,932.0,933.4,2022-03-20T08:17:00,929.9,2022-03-20T15:05:00,21.3,28.7,2022-03-20T12:41:00,15.6,2022-03-20T05:33:00,72,42.0,2022-03-20T09:35:00,0.9,0,7.5,174.0,2022-03-20T13:23:00,0.0,,,,,,,,,,,,,,,,,,,,,,,0.0,2022-03-20T01:00:00,,,0,,91.0,2022-03-20T02:47:00,,,,,,,,,,,,,,,,,,,,,,,,,,,,,,,,,,,,,,,,,,,,,,,,,,,,,,,,,,,,,,,,,,,
2022-03-21,933.3,936.4,2022-03-21T09:22:00,930.7,2022-03-21T14:32:00,22.0,30.7,2022-03-21T13:02:00,18.2,2022-03-21T03:51:00,75,34.0,2022-03-21T13:02:00,0.6,0,6.6,210.0,2022-03-21T15:02:00,2.5,,,,,,,,,,,,,,,,,,,,,,,1.5,2022-03-21T08:00:00,,,0,,93.0,2022-03-21T07:47:00,,,,,,,,,,,,,,,,,,,,,,,,,,,,,,,,,,,,,,,,,,,,,,,,,,,,,,,,,,,,,,,,,,,
2022-03-22,932.3,934.1,2022-03-22T00:01:00,930.1,2022-03-22T14:43:00,23.9,31.3,2022-03-22T13:33:00,19.0,2022-03-22T05:31:00,72,38.0,2022-03-22T13:03:00,1.0,0,6.6,212.0,2022-03-22T16:04:00,0.5,,,,,,,,,,,,,,,,,,,,,,,0.5,2022-03-22T06:00:00,,,0,,93.0,2022-03-22T06:21:00,,,,,,,,,,,,,,,,,,,,,,,,,,,,,,,,,,,,,,,,,,,,,,,,,,,,,,,,,,,,,,,,,,,
2022-03-23,931.7,933.3,2022-03-23T20:14:00,930.3,2022-03-23T02:31:00,19.8,21.5,2022-03-23T00:01:00,17.8,2022-03-23T23:35:00,95,89.0,2022-03-23T00:01:00,0.5,0,5.0,232.0,2022-03-23T08:52:00,46.0,,,,,,,,,,,,,,,,,,,,,,,9.5,2022-03-23T10:00:00,,,0,,97.0,2022-03-23T22:21:00,,,,,,,,,,,,,,,,,,,,,,,,,,,,,,,,,,,,,,,,,,,,,,,,,,,,,,,,,,,,,,,,,,,
2022-03-24,933.0,934.5,2022-03-24T10:21:00,931.6,2022-03-24T15:30:00,19.2,21.0,2022-03-24T13:42:00,17.7,2022-03-24T00:13:00,93,83.0,2022-03-24T11:57:00,0.6,0,4.5,215.0,2022-03-24T10:38:00,2.5,,,,,,,,,,,,,,,,,,,,,,,0.5,2022-03-24T05:00:00,,,0,,97.0,2022-03-24T06:22:00,,,,,,,,,,,,,,,,,,,,,,,,,,,,,,,,,,,,,,,,,,,,,,,,,,,,,,,,,,,,,,,,,,,
2022-03-25,931.9,933.4,2022-03-25T22:23:00,929.5,2022-03-25T14:31:00,22.6,30.3,2022-03-25T13:31:00,18.1,2022-03-25T03:01:00,77,43.0,2022-03-25T13:31:00,0.6,0,5.6,183.0,2022-03-25T14:39:00,0.5,,,,,,,,,,,,,,,,,,,,,,,0.5,2022-03-25T05:00:00,,,0,,96.0,2022-03-25T02:41:00,,,,,,,,,,,,,,,,,,,,,,,,,,,,,,,,,,,,,,,,,,,,,,,,,,,,,,,,,,,,,,,,,,,
2022-03-26,932.8,934.3,2022-03-26T09:41:00,931.5,2022-03-26T16:43:00,21.6,25.0,2022-03-26T15:23:00,19.6,2022-03-26T05:12:00,83,67.0,2022-03-26T15:33:00,0.1,0,2.0,208.0,2022-03-26T15:11:00,0.0,,,,,,,,,,,,,,,,,,,,,,,0.0,2022-03-26T16:00:00,,,0,,92.0,2022-03-26T23:51:00,,,,,,,,,,,,,,,,,,,,,,,,,,,,,,,,,,,,,,,,,,,,,,,,,,,,,,,,,,,,,,,,,,,
2022-03-27,932.2,933.5,2022-03-27T08:01:00,930.4,2022-03-27T14:32:00,21.8,27.8,2022-03-27T13:12:00,19.2,2022-03-27T05:11:00,86,59.0,2022-03-27T11:51:00,0.7,0,6.0,209.0,2022-03-27T14:49:00,0.5,,,,,,,,,,,,,,,,,,,,,,,0.5,2022-03-27T16:00:00,,,0,,94.0,2022-03-27T23:58:00,,,,,,,,,,,,,,,,,,,,,,,,,,,,,,,,,,,,,,,,,,,,,,,,,,,,,,,,,,,,,,,,,,,
2022-03-28,933.9,937.2,2022-03-28T22:23:00,931.6,2022-03-28T03:21:00,20.2,22.1,2022-03-28T10:16:00,18.5,2022-03-28T21:20:00,93,82.0,2022-03-28T10:38:00,0.7,0,5.7,217.0,2022-03-28T11:47:00,3.0,,,,,,,,,,,,,,,,,,,,,,,1.5,2022-03-28T12:00:00,,,0,,96.0,2022-03-28T23:31:00,,,,,,,,,,,,,,,,,,,,,,,,,,,,,,,,,,,,,,,,,,,,,,,,,,,,,,,,,,,,,,,,,,,
2022-03-29,934.4,936.2,2022-03-29T00:01:00,931.9,2022-03-29T15:42:00,21.4,27.1,2022-03-29T13:03:00,17.8,2022-03-29T03:16:00,82,58.0,2022-03-29T12:34:00,1.1,0,7.7,213.0,2022-03-29T13:33:00,0.0,,,,,,,,,,,,,,,,,,,,,,,0.0,2022-03-29T18:00:00,,,0,,96.0,2022-03-29T02:48:00,,,,,,,,,,,,,,,,,,,,,,,,,,,,,,,,,,,,,,,,,,,,,,,,,,,,,,,,,,,,,,,,,,,
2022-03-30,934.7,936.2,2022-03-30T08:02:00,932.4,2022-03-30T16:12:00,22.4,28.5,2022-03-30T15:01:00,18.0,2022-03-30T05:55:00,76,46.0,2022-03-30T11:01:00,0.7,0,9.0,208.0,2022-03-30T11:54:00,0.0,,,,,,,,,,,,,,,,,,,,,,,0.0,2022-03-30T08:00:00,,,0,,94.0,2022-03-30T02:42:00,,,,,,,,,,,,,,,,,,,,,,,,,,,,,,,,,,,,,,,,,,,,,,,,,,,,,,,,,,,,,,,,,,,
2022-03-31,934.8,936.7,2022-03-31T09:12:00,932.2,2022-03-31T15:25:00,21.8,29.6,2022-03-31T13:23:00,16.7,2022-03-31T05:21:00,79,50.0,2022-03-31T12:31:00,0.9,0,7.1,218.0,2022-03-31T15:06:00,17.0,,,,,,,,,,,,,,,,,,,,,,,12.5,2022-03-31T19:00:00,,,0,,95.0,2022-03-31T22:21:00,,,,,,,,,,,,,,,,,,,,,,,,,,,,,,,,,,,,,,,,,,,,,,,,,,,,,,,,,,,,,,,,,,,
2022-04-01,935.5,936.8,2022-04-01T21:45:00,934.3,2022-04-01T15:33:00,19.9,26.0,2022-04-01T11:31:00,17.1,2022-04-01T06:18:00,88,61.0,2022-04-01T09:42:00,1.2,0,9.0,221.0,2022-04-01T12:44:00,0.0,,,,,,,,,,,,,,,,,,,,,,,0.0,2022-04-01T20:00:00,,,0,,96.0,2022-04-01T23:56:00,,,,,,,,,,,,,,,,,,,,,,,,,,,,,,,,,,,,,,,,,,,,,,,,,,,,,,,,,,,,,,,,,,,
2022-04-02,935.8,937.0,2022-04-02T08:53:00,934.5,2022-04-02T15:02:00,16.3,17.8,2022-04-02T00:01:00,14.8,2022-04-02T23:01:00,95,88.0,2022-04-02T12:02:00,1.1,0,4.7,214.0,2022-04-02T13:51:00,10.0,,,,,,,,,,,,,,,,,,,,,,,2.0,2022-04-02T19:00:00,,,0,,97.0,2022-04-02T07:07:00,,,,,,,,,,,,,,,,,,,,,,,,,,,,,,,,,,,,,,,,,,,,,,,,,,,,,,,,,,,,,,,,,,,
2022-04-03,936.4,,,,2022-04-03T03:01:00,15.4,16.3,2022-04-03T14:25:00,14.3,2022-04-03T07:08:00,97,94.0,2022-04-03T14:22:00,0.4,0,3.5,215.0,2022-04-03T08:19:00,19.5,,,,,,,,,,,,,,,,,,,,,,,2.5,2022-04-03T01:00:00,,,0,,98.0,2022-04-03T06:02:00,,,,,,,,,,,,,,,,,,,,,,,,,,,,,,,,,,,,,,,,,,,,,,,,,,,,,,,,,,,,,,,,,,,
2022-04-04,937.7,939.2,2022-04-04T23:11:00,935.8,2022-04-04T15:44:00,18.6,24.8,2022-04-04T13:33:00,12.8,2022-04-04T05:51:00,74,41.0,2022-04-04T09:45:00,1.3,0,7.8,241.0,2022-04-04T13:53:00,0.0,,,,,,,,,,,,,,,,,,,,,,,0.0,2022-04-04T08:00:00,,,0,,97.0,2022-04-04T00:01:00,,,,,,,,,,,,,,,,,,,,,,,,,,,,,,,,,,,,,,,,,,,,,,,,,,,,,,,,,,,,,,,,,,,
2022-04-05,936.6,939.0,2022-04-05T00:01:00,933.4,2022-04-05T15:51:00,19.5,26.2,2022-04-05T13:22:00,12.2,2022-04-05T05:11:00,69,31.0,2022-04-05T09:52:00,1.3,0,7.5,208.0,2022-04-05T13:58:00,0.0,,,,,,,,,,,,,,,,,,,,,,,0.0,2022-04-05T23:00:00,,,0,,92.0,2022-04-05T01:11:00,,,,,,,,,,,,,,,,,,,,,,,,,,,,,,,,,,,,,,,,,,,,,,,,,,,,,,,,,,,,,,,,,,,
2022-04-06,934.6,936.4,2022-04-06T00:01:00,932.3,2022-04-06T15:44:00,19.1,25.2,2022-04-06T13:32:00,12.0,2022-04-06T05:53:00,70,39.0,2022-04-06T09:16:00,1.1,0,6.8,218.0,2022-04-06T12:37:00,0.0,,,,,,,,,,,,,,,,,,,,,,,0.0,2022-04-06T13:00:00,,,0,,92.0,2022-04-06T01:23:00,,,,,,,,,,,,,,,,,,,,,,,,,,,,,,,,,,,,,,,,,,,,,,,,,,,,,,,,,,,,,,,,,,,
2022-04-07,933.4,934.5,2022-04-07T07:14:00,931.6,2022-04-07T16:31:00,19.3,23.7,2022-04-07T10:04:00,15.1,2022-04-07T06:11:00,76,50.0,2022-04-07T10:21:00,0.6,0,5.1,263.0,2022-04-07T10:04:00,0.0,,,,,,,,,,,,,,,,,,,,,,,0.0,2022-04-07T17:00:00,,,0,,93.0,2022-04-07T05:21:00,,,,,,,,,,,,,,,,,,,,,,,,,,,,,,,,,,,,,,,,,,,,,,,,,,,,,,,,,,,,,,,,,,,
2022-04-08,932.3,933.5,2022-04-08T00:01:00,930.3,2022-04-08T14:46:00,20.0,25.5,2022-04-08T13:04:00,15.1,2022-04-08T06:11:00,76,52.0,2022-04-08T13:11:00,1.0,0,5.8,208.0,2022-04-08T14:46:00,0.0,,,,,,,,,,,,,,,,,,,,,,,0.0,2022-04-08T07:00:00,,,0,,94.0,2022-04-08T02:53:00,,,,,,,,,,,,,,,,,,,,,,,,,,,,,,,,,,,,,,,,,,,,,,,,,,,,,,,,,,,,,,,,,,,
2022-04-09,931.5,932.9,2022-04-09T07:16:00,929.1,2022-04-09T15:41:00,21.0,27.1,2022-04-09T13:54:00,14.5,2022-04-09T06:01:00,73,42.0,2022-04-09T10:21:00,1.2,0,6.7,214.0,2022-04-09T17:38:00,0.0,,,,,,,,,,,,,,,,,,,,,,,0.0,2022-04-09T04:00:00,,,0,,92.0,2022-04-09T06:11:00,,,,,,,,,,,,,,,,,,,,,,,,,,,,,,,,,,,,,,,,,,,,,,,,,,,,,,,,,,,,,,,,,,,
2022-04-10,931.0,932.3,2022-04-10T07:54:00,928.9,2022-04-10T14:53:00,22.4,28.6,2022-04-10T12:03:00,15.1,2022-04-10T05:52:00,68,40.0,2022-04-10T09:21:00,1.0,0,6.9,188.0,2022-04-10T13:31:00,0.0,,,,,,,,,,,,,,,,,,,,,,,0.0,2022-04-10T05:00:00,,,0,,93.0,2022-04-10T02:07:00,,,,,,,,,,,,,,,,,,,,,,,,,,,,,,,,,,,,,,,,,,,,,,,,,,,,,,,,,,,,,,,,,,,
2022-04-11,930.1,932.1,2022-04-11T00:01:00,927.7,2022-04-11T15:51:00,22.8,28.0,2022-04-11T09:35:00,17.5,2022-04-11T05:51:00,75,47.0,2022-04-11T09:45:00,1.2,0,7.9,212.0,2022-04-11T10:45:00,0.0,,,,,,,,,,,,,,,,,,,,,,,0.0,2022-04-11T02:00:00,,,0,,93.0,2022-04-11T06:11:00,,,,,,,,,,,,,,,,,,,,,,,,,,,,,,,,,,,,,,,,,,,,,,,,,,,,,,,,,,,,,,,,,,,
2022-04-12,928.4,930.2,2022-04-12T00:11:00,925.9,2022-04-12T16:22:00,22.6,28.5,2022-04-12T12:22:00,16.5,2022-04-12T06:05:00,73,50.0,2022-04-12T12:41:00,1.2,0,7.0,199.0,2022-04-12T12:16:00,0.0,,,,,,,,,,,,,,,,,,,,,,,0.0,2022-04-12T17:00:00,,,0,,92.0,2022-04-12T06:31:00,,,,,,,,,,,,,,,,,,,,,,,,,,,,,,,,,,,,,,,,,,,,,,,,,,,,,,,,,,,,,,,,,,,
2022-04-13,926.6,928.5,2022-04-13T00:01:00,924.0,2022-04-13T15:21:00,22.8,29.6,2022-04-13T13:01:00,17.5,2022-04-13T06:01:00,70,44.0,2022-04-13T13:04:00,1.3,0,7.9,219.0,2022-04-13T14:17:00,0.0,,,,,,,,,,,,,,,,,,,,,,,0.0,2022-04-13T07:00:00,,,0,,89.0,2022-04-13T06:36:00,,,,,,,,,,,,,,,,,,,,,,,,,,,,,,,,,,,,,,,,,,,,,,,,,,,,,,,,,,,,,,,,,,,
2022-04-14,926.8,929.1,2022-04-14T22:41:00,924.4,2022-04-14T14:49:00,22.2,29.0,2022-04-14T13:02:00,15.0,2022-04-14T05:54:00,69,40.0,2022-04-14T09:36:00,1.2,0,7.5,224.0,2022-04-14T14:20:00,0.0,,,,,,,,,,,,,,,,,,,,,,,0.0,2022-04-14T04:00:00,,,0,,91.0,2022-04-14T23:31:00,,,,,,,,,,,,,,,,,,,,,,,,,,,,,,,,,,,,,,,,,,,,,,,,,,,,,,,,,,,,,,,,,,,
2022-04-15,929.2,931.6,2022-04-15T22:01:00,927.5,2022-04-15T14:52:00,22.3,27.6,2022-04-15T12:31:00,18.3,2022-04-15T06:26:00,74,50.0,2022-04-15T09:41:00,1.4,0,8.1,229.0,2022-04-15T13:27:00,0.0,,,,,,,,,,,,,,,,,,,,,,,0.0,2022-04-15T05:00:00,,,0,,91.0,2022-04-15T00:01:00,,,,,,,,,,,,,,,,,,,,,,,,,,,,,,,,,,,,,,,,,,,,,,,,,,,,,,,,,,,,,,,,,,,
2022-04-16,930.8,932.8,2022-04-16T21:42:00,929.5,2022-04-16T14:31:00,20.7,25.6,2022-04-16T11:35:00,16.0,2022-04-16T06:31:00,72,50.0,2022-04-16T09:41:00,1.2,0,7.9,200.0,2022-04-16T13:07:00,0.0,,,,,,,,,,,,,,,,,,,,,,,0.0,2022-04-16T02:00:00,,,0,,91.0,2022-04-16T01:51:00,,,,,,,,,,,,,,,,,,,,,,,,,,,,,,,,,,,,,,,,,,,,,,,,,,,,,,,,,,,,,,,,,,,
2022-04-17,933.2,934.8,2022-04-17T23:21:00,931.3,2022-04-17T02:55:00,19.7,25.1,2022-04-17T11:43:00,17.0,2022-04-17T22:21:00,81,54.0,2022-04-17T10:48:00,1.0,0,7.3,264.0,2022-04-17T15:08:00,0.0,,,,,,,,,,,,,,,,,,,,,,,0.0,2022-04-17T17:00:00,,,0,,94.0,2022-04-17T22:46:00,,,,,,,,,,,,,,,,,,,,,,,,,,,,,,,,,,,,,,,,,,,,,,,,,,,,,,,,,,,,,,,,,,,
2022-04-18,933.9,935.4,2022-04-18T21:54:00,931.9,2022-04-18T14:46:00,20.5,26.8,2022-04-18T12:21:00,15.7,2022-04-18T03:31:00,79,51.0,2022-04-18T13:23:00,1.2,0,7.5,211.0,2022-04-18T14:52:00,0.0,,,,,,,,,,,,,,,,,,,,,,,0.0,2022-04-18T07:00:00,,,0,,94.0,2022-04-18T21:11:00,,,,,,,,,,,,,,,,,,,,,,,,,,,,,,,,,,,,,,,,,,,,,,,,,,,,,,,,,,,,,,,,,,,
2022-04-19,934.1,935.3,2022-04-19T22:01:00,932.9,2022-04-19T05:01:00,20.0,25.0,2022-04-19T10:14:00,18.2,2022-04-19T05:31:00,89,63.0,2022-04-19T10:14:00,0.7,0,5.7,207.0,2022-04-19T11:07:00,0.5,,,,,,,,,,,,,,,,,,,,,,,0.5,2022-04-19T12:00:00,,,0,,96.0,2022-04-19T06:22:00,,,,,,,,,,,,,,,,,,,,,,,,,,,,,,,,,,,,,,,,,,,,,,,,,,,,,,,,,,,,,,,,,,,
2022-04-20,932.9,934.9,2022-04-20T00:01:00,930.8,2022-04-20T14:55:00,22.1,27.0,2022-04-20T13:31:00,19.0,2022-04-20T00:31:00,78,55.0,2022-04-20T13:31:00,1.2,0,6.9,226.0,2022-04-20T12:34:00,0.0,,,,,,,,,,,,,,,,,,,,,,,0.0,2022-04-20T12:00:00,,,0,,94.0,2022-04-20T00:01:00,,,,,,,,,,,,,,,,,,,,,,,,,,,,,,,,,,,,,,,,,,,,,,,,,,,,,,,,,,,,,,,,,,,
2022-04-21,932.4,933.7,2022-04-21T22:32:00,930.4,2022-04-21T15:21:00,22.6,29.0,2022-04-21T13:12:00,16.6,2022-04-21T05:22:00,72,42.0,2022-04-21T10:04:00,1.0,0,7.3,220.0,2022-04-21T12:36:00,0.0,,,,,,,,,,,,,,,,,,,,,,,0.0,2022-04-21T02:00:00,,,0,,92.0,2022-04-21T01:49:00,,,,,,,,,,,,,,,,,,,,,,,,,,,,,,,,,,,,,,,,,,,,,,,,,,,,,,,,,,,,,,,,,,,
2022-04-22,932.4,934.1,2022-04-22T08:04:00,930.0,2022-04-22T15:33:00,23.3,31.8,2022-04-22T13:31:00,15.1,2022-04-22T04:45:00,70,35.0,2022-04-22T10:11:00,0.9,0,7.1,202.0,2022-04-22T12:35:00,0.0,,,,,,,,,,,,,,,,,,,,,,,0.0,2022-04-22T06:00:00,,,0,,94.0,2022-04-22T23:32:00,,,,,,,,,,,,,,,,,,,,,,,,,,,,,,,,,,,,,,,,,,,,,,,,,,,,,,,,,,,,,,,,,,,
2022-04-23,931.5,933.6,2022-04-23T08:52:00,929.6,2022-04-23T17:11:00,22.9,28.5,2022-04-23T11:01:00,17.7,2022-04-23T23:52:00,78,46.0,2022-04-23T10:01:00,0.6,0,5.4,204.0,2022-04-23T12:03:00,0.0,,,,,,,,,,,,,,,,,,,,,,,0.0,2022-04-23T07:00:00,,,0,,95.0,2022-04-23T01:01:00,,,,,,,,,,,,,,,,,,,,,,,,,,,,,,,,,,,,,,,,,,,,,,,,,,,,,,,,,,,,,,,,,,,
2022-04-24,930.1,931.5,2022-04-24T07:01:00,927.4,2022-04-24T16:04:00,23.8,31.1,2022-04-24T12:06:00,15.8,2022-04-24T05:44:00,66,34.0,2022-04-24T10:52:00,1.1,0,7.2,174.0,2022-04-24T12:21:00,0.0,,,,,,,,,,,,,,,,,,,,,,,0.0,2022-04-24T04:00:00,,,0,,91.0,2022-04-24T23:37:00,,,,,,,,,,,,,,,,,,,,,,,,,,,,,,,,,,,,,,,,,,,,,,,,,,,,,,,,,,,,,,,,,,,
2022-04-25,929.8,931.4,2022-04-25T06:42:00,927.4,2022-04-25T15:44:00,24.7,32.0,2022-04-25T12:41:00,17.2,2022-04-25T05:40:00,66,33.0,2022-04-25T11:56:00,1.1,0,7.7,193.0,2022-04-25T13:49:00,0.0,,,,,,,,,,,,,,,,,,,,,,,0.0,2022-04-25T12:00:00,,,0,,91.0,2022-04-25T00:44:00,,,,,,,,,,,,,,,,,,,,,,,,,,,,,,,,,,,,,,,,,,,,,,,,,,,,,,,,,,,,,,,,,,,
2022-04-26,929.7,931.6,2022-04-26T22:29:00,927.7,2022-04-26T15:32:00,24.7,32.5,2022-04-26T13:01:00,18.0,2022-04-26T06:41:00,60,20.0,2022-04-26T11:54:00,0.8,0,6.2,220.0,2022-04-26T10:09:00,0.0,,,,,,,,,,,,,,,,,,,,,,,0.0,2022-04-26T02:00:00,,,0,,82.0,2022-04-26T20:42:00,,,,,,,,,,,,,,,,,,,,,,,,,,,,,,,,,,,,,,,,,,,,,,,,,,,,,,,,,,,,,,,,,,,
2022-04-27,930.5,932.3,2022-04-27T21:31:00,927.5,2022-04-27T17:05:00,25.5,33.2,2022-04-27T13:52:00,17.0,2022-04-27T05:31:00,59,30.0,2022-04-27T09:03:00,1.2,0,6.4,194.0,2022-04-27T14:01:00,0.0,,,,,,,,,,,,,,,,,,,,,,,0.0,2022-04-27T06:00:00,,,0,,87.0,2022-04-27T23:53:00,,,,,,,,,,,,,,,,,,,,,,,,,,,,,,,,,,,,,,,,,,,,,,,,,,,,,,,,,,,,,,,,,,,
2022-04-28,931.5,933.0,2022-04-28T23:31:00,928.8,2022-04-28T15:11:00,24.8,31.6,2022-04-28T11:45:00,17.7,2022-04-28T06:11:00,69,33.0,2022-04-28T09:42:00,1.1,0,8.0,163.0,2022-04-28T16:11:00,0.0,,,,,,,,,,,,,,,,,,,,,,,0.0,2022-04-28T07:00:00,,,0,,89.0,2022-04-28T21:29:00,,,,,,,,,,,,,,,,,,,,,,,,,,,,,,,,,,,,,,,,,,,,,,,,,,,,,,,,,,,,,,,,,,,
2022-04-29,931.0,932.8,2022-04-29T00:01:00,928.3,2022-04-29T16:10:00,25.5,32.7,2022-04-29T13:44:00,17.0,2022-04-29T06:14:00,64,32.0,2022-04-29T09:52:00,1.2,0,7.0,276.0,2022-04-29T14:07:00,0.0,,,,,,,,,,,,,,,,,,,,,,,0.0,2022-04-29T04:00:00,,,0,,87.0,2022-04-29T00:11:00,,,,,,,,,,,,,,,,,,,,,,,,,,,,,,,,,,,,,,,,,,,,,,,,,,,,,,,,,,,,,,,,,,,
2022-04-30,931.2,932.8,2022-04-30T07:16:00,928.6,2022-04-30T14:54:00,25.5,31.1,2022-04-30T13:34:00,20.5,2022-04-30T06:04:00,70,45.0,2022-04-30T13:21:00,1.4,208,7.3,187.0,2022-04-30T14:12:00,0.0,,,,,,,,,,,,,,,,,,,,,,,0.0,2022-04-30T12:00:00,,,0,,90.0,2022-04-30T01:41:00,,,,,,,,,,,,,,,,,,,,,,,,,,,,,,,,,,,,,,,,,,,,,,,,,,,,,,,,,,,,,,,,,,,
2022-05-01,930.3,932.0,2022-05-01T00:01:00,928.9,2022-05-01T14:14:00,22.5,26.7,2022-05-01T09:22:00,20.3,2022-05-01T23:33:00,84,59.0,2022-05-01T09:21:00,0.9,0,6.6,210.0,2022-05-01T12:30:00,4.0,,,,,,,,,,,,,,,,,,,,,,,3.0,2022-05-01T18:00:00,,,0,,95.0,2022-05-01T23:53:00,,,,,,,,,,,,,,,,,,,,,,,,,,,,,,,,,,,,,,,,,,,,,,,,,,,,,,,,,,,,,,,,,,,
2022-05-02,931.0,932.8,2022-05-02T22:11:00,929.2,2022-05-02T04:41:00,19.0,20.5,2022-05-02T00:01:00,17.5,2022-05-02T23:33:00,96,94.0,2022-05-02T16:29:00,0.2,0,3.8,199.0,2022-05-02T08:00:00,42.0,,,,,,,,,,,,,,,,,,,,,,,6.0,2022-05-02T09:00:00,,,0,,96.0,2022-05-02T10:05:00,,,,,,,,,,,,,,,,,,,,,,,,,,,,,,,,,,,,,,,,,,,,,,,,,,,,,,,,,,,,,,,,,,,
2022-05-03,932.4,933.8,2022-05-03T21:49:00,931.2,2022-05-03T04:41:00,19.2,22.7,2022-05-03T10:32:00,17.5,2022-05-03T00:01:00,93,76.0,2022-05-03T10:40:00,0.7,0,4.9,212.0,2022-05-03T11:52:00,7.0,,,,,,,,,,,,,,,,,,,,,,,2.0,2022-05-03T21:00:00,,,0,,97.0,2022-05-03T06:32:00,,,,,,,,,,,,,,,,,,,,,,,,,,,,,,,,,,,,,,,,,,,,,,,,,,,,,,,,,,,,,,,,,,,
2022-05-04,931.4,933.2,2022-05-04T00:03:00,929.8,2022-05-04T13:53:00,21.8,28.1,2022-05-04T13:04:00,18.8,2022-05-04T04:41:00,87,57.0,2022-05-04T12:41:00,0.8,0,5.8,178.0,2022-05-04T14:22:00,17.0,,,,,,,,,,,,,,,,,,,,,,,8.0,2022-05-04T18:00:00,,,0,,97.0,2022-05-04T05:06:00,,,,,,,,,,,,,,,,,,,,,,,,,,,,,,,,,,,,,,,,,,,,,,,,,,,,,,,,,,,,,,,,,,,
2022-05-05,930.2,931.4,2022-05-05T00:01:00,928.4,2022-05-05T15:52:00,22.9,28.3,2022-05-05T11:52:00,18.0,2022-05-05T04:46:00,81,57.0,2022-05-05T10:51:00,1.0,0,6.8,158.0,2022-05-05T13:52:00,0.0,,,,,,,,,,,,,,,,,,,,,,,0.0,2022-05-05T19:00:00,,,0,,97.0,2022-05-05T05:31:00,,,,,,,,,,,,,,,,,,,,,,,,,,,,,,,,,,,,,,,,,,,,,,,,,,,,,,,,,,,,,,,,,,,
2022-05-06,930.7,932.6,2022-05-06T22:21:00,929.1,2022-05-06T15:37:00,23.5,29.0,2022-05-06T12:11:00,16.8,2022-05-06T05:31:00,74,40.0,2022-05-06T10:00:00,1.1,0,7.1,212.0,2022-05-06T12:24:00,0.0,,,,,,,,,,,,,,,,,,,,,,,0.0,2022-05-06T02:00:00,,,0,,93.0,2022-05-07T00:00:00,,,,,,,,,,,,,,,,,,,,,,,,,,,,,,,,,,,,,,,,,,,,,,,,,,,,,,,,,,,,,,,,,,,
2022-05-07,931.7,933.5,2022-05-07T22:22:00,930.1,2022-05-07T16:31:00,23.8,29.3,2022-05-07T12:02:00,18.3,2022-05-07T05:00:00,75,52.0,2022-05-07T11:19:00,1.1,0,6.7,217.0,2022-05-07T15:21:00,0.0,,,,,,,,,,,,,,,,,,,,,,,0.0,2022-05-07T06:00:00,,,0,,93.0,2022-05-07T00:47:00,,,,,,,,,,,,,,,,,,,,,,,,,,,,,,,,,,,,,,,,,,,,,,,,,,,,,,,,,,,,,,,,,,,
2022-05-08,932.2,933.5,2022-05-08T21:46:00,930.4,2022-05-08T14:11:00,22.3,28.2,2022-05-08T13:28:00,19.1,2022-05-08T23:51:00,83,52.0,2022-05-08T11:21:00,0.6,0,6.2,217.0,2022-05-08T11:58:00,12.0,,,,,,,,,,,,,,,,,,,,,,,6.5,2022-05-08T18:00:00,,,0,,95.0,2022-05-08T22:33:00,,,,,,,,,,,,,,,,,,,,,,,,,,,,,,,,,,,,,,,,,,,,,,,,,,,,,,,,,,,,,,,,,,,
2022-05-09,931.7,932.9,2022-05-09T07:11:00,929.7,2022-05-09T16:12:00,22.3,28.5,2022-05-09T11:41:00,18.7,2022-05-09T02:33:00,80,53.0,2022-05-09T11:01:00,0.6,0,6.5,231.0,2022-05-09T12:16:00,0.0,,,,,,,,,,,,,,,,,,,,,,,0.0,2022-05-09T04:00:00,,,0,,95.0,2022-05-09T00:25:00,,,,,,,,,,,,,,,,,,,,,,,,,,,,,,,,,,,,,,,,,,,,,,,,,,,,,,,,,,,,,,,,,,,
2022-05-10,930.4,932.0,2022-05-10T00:01:00,927.8,2022-05-10T14:31:00,22.0,29.8,2022-05-10T13:33:00,17.1,2022-05-10T04:22:00,77,46.0,2022-05-10T09:11:00,0.6,0,8.5,240.0,2022-05-10T12:38:00,8.5,,,,,,,,,,,,,,,,,,,,,,,5.0,2022-05-10T16:00:00,,,0,,93.0,2022-05-10T18:21:00,,,,,,,,,,,,,,,,,,,,,,,,,,,,,,,,,,,,,,,,,,,,,,,,,,,,,,,,,,,,,,,,,,,
2022-05-11,930.2,932.2,2022-05-11T09:31:00,928.8,2022-05-11T16:01:00,20.6,24.5,2022-05-11T16:21:00,18.5,2022-05-11T05:05:00,86,72.0,2022-05-11T15:51:00,0.2,0,3.3,65.0,2022-05-11T22:24:00,3.0,,,,,,,,,,,,,,,,,,,,,,,2.5,2022-05-11T10:00:00,,,0,,94.0,2022-05-11T09:44:00,,,,,,,,,,,,,,,,,,,,,,,,,,,,,,,,,,,,,,,,,,,,,,,,,,,,,,,,,,,,,,,,,,,
2022-05-12,929.8,931.2,2022-05-12T20:21:00,928.4,2022-05-12T14:01:00,20.5,25.7,2022-05-12T10:31:00,17.6,2022-05-12T04:01:00,83,59.0,2022-05-12T10:23:00,0.3,0,4.1,45.0,2022-05-12T19:19:00,13.0,,,,,,,,,,,,,,,,,,,,,,,4.5,2022-05-12T16:00:00,,,0,,95.0,2022-05-12T18:42:00,,,,,,,,,,,,,,,,,,,,,,,,,,,,,,,,,,,,,,,,,,,,,,,,,,,,,,,,,,,,,,,,,,,
2022-05-13,929.2,930.4,2022-05-13T09:47:00,927.6,2022-05-13T14:24:00,20.3,23.3,2022-05-13T11:52:00,18.3,2022-05-13T00:17:00,87,74.0,2022-05-13T12:11:00,0.1,0,3.9,81.0,2022-05-13T23:00:00,1.0,,,,,,,,,,,,,,,,,,,,,,,0.5,2022-05-13T06:00:00,,,0,,92.0,2022-05-13T16:31:00,,,,,,,,,,,,,,,,,,,,,,,,,,,,,,,,,,,,,,,,,,,,,,,,,,,,,,,,,,,,,,,,,,,
2022-05-14,930.8,933.0,2022-05-14T09:32:00,928.2,2022-05-14T02:21:00,18.9,20.7,2022-05-14T00:23:00,17.8,2022-05-14T16:16:00,94,82.0,2022-05-14T00:24:00,0.0,0,2.7,71.0,2022-05-14T13:11:00,74.5,,,,,,,,,,,,,,,,,,,,,,,13.5,2022-05-14T23:59:00,,,0,,97.0,2022-05-14T23:41:00,,,,,,,,,,,,,,,,,,,,,,,,,,,,,,,,,,,,,,,,,,,,,,,,,,,,,,,,,,,,,,,,,,,
2022-05-15,930.1,931.3,2022-05-15T00:11:00,928.4,2022-05-15T15:01:00,20.8,23.7,2022-05-15T11:51:00,19.0,2022-05-15T00:01:00,97,89.0,2022-05-15T11:06:00,0.5,0,6.9,207.0,2022-05-15T12:40:00,115.5,,,,,,,,,,,,,,,,,,,,,,,29.0,2022-05-15T15:00:00,,,0,,98.0,2022-05-15T08:01:00,,,,,,,,,,,,,,,,,,,,,,,,,,,,,,,,,,,,,,,,,,,,,,,,,,,,,,,,,,,,,,,,,,,
2022-05-16,929.2,930.6,2022-05-16T00:01:00,927.4,2022-05-16T14:40:00,19.6,20.7,2022-05-16T14:13:00,18.8,2022-05-16T23:12:00,97,96.0,2022-05-16T11:31:00,0.5,0,5.7,213.0,2022-05-16T15:29:00,45.0,,,,,,,,,,,,,,,,,,,,,,,5.5,2022-05-16T03:00:00,,,0,,98.0,2022-05-16T00:12:00,,,,,,,,,,,,,,,,,,,,,,,,,,,,,,,,,,,,,,,,,,,,,,,,,,,,,,,,,,,,,,,,,,,
2022-05-17,930.9,933.0,2022-05-17T21:51:00,928.7,2022-05-17T03:06:00,20.2,23.2,2022-05-17T13:41:00,18.6,2022-05-17T05:48:00,95,83.0,2022-05-17T13:48:00,0.5,0,4.5,265.0,2022-05-17T13:48:00,16.5,,,,,,,,,,,,,,,,,,,,,,,8.0,2022-05-17T06:00:00,,,0,,98.0,2022-05-17T05:29:00,,,,,,,,,,,,,,,,,,,,,,,,,,,,,,,,,,,,,,,,,,,,,,,,,,,,,,,,,,,,,,,,,,,
2022-05-18,932.1,933.4,2022-05-18T06:54:00,930.6,2022-05-18T13:41:00,22.5,28.5,2022-05-18T12:36:00,18.1,2022-05-18T05:11:00,86,56.0,2022-05-18T09:11:00,0.8,0,6.6,204.0,2022-05-18T14:14:00,8.0,,,,,,,,,,,,,,,,,,,,,,,4.0,2022-05-18T18:00:00,,,0,,97.0,2022-05-18T02:11:00,,,,,,,,,,,,,,,,,,,,,,,,,,,,,,,,,,,,,,,,,,,,,,,,,,,,,,,,,,,,,,,,,,,
2022-05-19,930.6,932.3,2022-05-19T00:01:00,928.8,2022-05-19T16:08:00,22.0,28.7,2022-05-19T10:26:00,19.6,2022-05-19T05:31:00,91,58.0,2022-05-19T10:18:00,0.7,0,5.8,209.0,2022-05-19T11:16:00,14.5,,,,,,,,,,,,,,,,,,,,,,,6.0,2022-05-19T13:00:00,,,0,,97.0,2022-05-19T06:51:00,,,,,,,,,,,,,,,,,,,,,,,,,,,,,,,,,,,,,,,,,,,,,,,,,,,,,,,,,,,,,,,,,,,
2022-05-20,927.4,930.0,2022-05-20T00:01:00,925.3,2022-05-20T16:46:00,22.8,29.5,2022-05-20T12:42:00,19.5,2022-05-20T05:15:00,86,52.0,2022-05-20T11:41:00,0.6,0,6.2,228.0,2022-05-20T13:58:00,9.0,,,,,,,,,,,,,,,,,,,,,,,5.5,2022-05-20T15:00:00,,,0,,97.0,2022-05-20T03:21:00,,,,,,,,,,,,,,,,,,,,,,,,,,,,,,,,,,,,,,,,,,,,,,,,,,,,,,,,,,,,,,,,,,,
2022-05-21,927.6,929.2,2022-05-21T21:53:00,926.5,2022-05-21T02:31:00,21.9,27.5,2022-05-21T10:44:00,19.5,2022-05-21T01:41:00,91,63.0,2022-05-21T10:51:00,0.4,0,5.6,205.0,2022-05-21T10:06:00,50.5,,,,,,,,,,,,,,,,,,,,,,,15.0,2022-05-21T19:00:00,,,0,,97.0,2022-05-21T07:31:00,,,,,,,,,,,,,,,,,,,,,,,,,,,,,,,,,,,,,,,,,,,,,,,,,,,,,,,,,,,,,,,,,,,
2022-05-22,927.6,929.1,2022-05-22T22:01:00,925.5,2022-05-22T16:13:00,22.9,28.5,2022-05-22T12:06:00,19.0,2022-05-22T04:41:00,84,56.0,2022-05-22T11:53:00,0.7,0,6.0,212.0,2022-05-22T17:26:00,1.5,,,,,,,,,,,,,,,,,,,,,,,0.5,2022-05-22T23:00:00,,,0,,98.0,2022-05-22T05:42:00,,,,,,,,,,,,,,,,,,,,,,,,,,,,,,,,,,,,,,,,,,,,,,,,,,,,,,,,,,,,,,,,,,,
2022-05-23,928.7,931.0,2022-05-23T22:01:00,927.3,2022-05-23T14:11:00,22.8,29.8,2022-05-23T11:55:00,19.3,2022-05-23T05:01:00,87,55.0,2022-05-23T11:12:00,0.5,0,7.9,196.0,2022-05-23T16:00:00,14.0,,,,,,,,,,,,,,,,,,,,,,,13.0,2022-05-23T17:00:00,,,0,,96.0,2022-05-23T23:41:00,,,,,,,,,,,,,,,,,,,,,,,,,,,,,,,,,,,,,,,,,,,,,,,,,,,,,,,,,,,,,,,,,,,
2022-05-24,931.0,932.5,2022-05-24T22:03:00,930.0,2022-05-24T13:21:00,22.2,26.1,2022-05-24T09:13:00,20.3,2022-05-24T00:03:00,92,72.0,2022-05-24T09:16:00,0.3,0,4.5,211.0,2022-05-24T09:37:00,7.5,,,,,,,,,,,,,,,,,,,,,,,5.5,2022-05-24T15:00:00,,,0,,97.0,2022-05-24T03:28:00,,,,,,,,,,,,,,,,,,,,,,,,,,,,,,,,,,,,,,,,,,,,,,,,,,,,,,,,,,,,,,,,,,,
2022-05-25,929.7,931.1,2022-05-25T00:08:00,928.0,2022-05-25T16:02:00,21.9,26.0,2022-05-25T11:01:00,20.5,2022-05-25T02:01:00,94,77.0,2022-05-25T11:17:00,0.3,0,4.3,223.0,2022-05-25T12:47:00,26.5,,,,,,,,,,,,,,,,,,,,,,,5.5,2022-05-25T14:00:00,,,0,,97.0,2022-05-25T22:39:00,,,,,,,,,,,,,,,,,,,,,,,,,,,,,,,,,,,,,,,,,,,,,,,,,,,,,,,,,,,,,,,,,,,
2022-05-26,927.7,929.5,2022-05-26T00:01:00,926.1,2022-05-26T16:22:00,21.3,25.1,2022-05-26T11:51:00,20.5,2022-05-26T04:52:00,95,85.0,2022-05-26T12:01:00,0.2,0,5.3,227.0,2022-05-26T12:48:00,30.5,,,,,,,,,,,,,,,,,,,,,,,5.5,2022-05-26T16:00:00,,,0,,97.0,2022-05-26T23:41:00,,,,,,,,,,,,,,,,,,,,,,,,,,,,,,,,,,,,,,,,,,,,,,,,,,,,,,,,,,,,,,,,,,,
2022-05-27,927.6,930.0,2022-05-27T22:41:00,926.1,2022-05-27T02:21:00,21.5,24.7,2022-05-27T12:11:00,20.0,2022-05-27T03:31:00,97,88.0,2022-05-27T12:11:00,0.3,0,5.7,225.0,2022-05-27T12:44:00,103.5,,,,,,,,,,,,,,,,,,,,,,,14.5,2022-05-27T17:00:00,,,0,,98.0,2022-05-27T08:58:00,,,,,,,,,,,,,,,,,,,,,,,,,,,,,,,,,,,,,,,,,,,,,,,,,,,,,,,,,,,,,,,,,,,
2022-05-28,928.9,,,,,23.7,,,,,83,,,0.4,0,,,,0.0,,,,,,,,,,,,,,,,,,,,,,,0.0,2022-05-28T14:00:00,,,0,,,,,,,,,,,,,,,,,,,,,,,,,,,,,,,,,,,,,,,,,,,,,,,,,,,,,,,,,,,,,,,,,,,,,,
2022-05-29,928.5,930.1,2022-05-29T00:01:00,926.6,2022-05-29T15:41:00,24.4,30.6,2022-05-29T14:21:00,18.0,2022-05-29T04:51:00,74,47.0,2022-05-29T09:57:00,1.0,0,6.5,182.0,2022-05-29T16:05:00,0.0,,,,,,,,,,,,,,,,,,,,,,,0.0,2022-05-29T04:00:00,,,0,,94.0,2022-05-29T23:53:00,,,,,,,,,,,,,,,,,,,,,,,,,,,,,,,,,,,,,,,,,,,,,,,,,,,,,,,,,,,,,,,,,,,
2022-05-30,928.5,930.2,2022-05-30T22:11:00,926.7,2022-05-30T14:15:00,24.1,29.5,2022-05-30T11:41:00,19.5,2022-05-30T04:21:00,80,56.0,2022-05-30T11:45:00,0.8,0,6.4,268.0,2022-05-30T10:27:00,0.0,,,,,,,,,,,,,,,,,,,,,,,0.0,2022-05-30T08:00:00,,,0,,95.0,2022-05-30T02:21:00,,,,,,,,,,,,,,,,,,,,,,,,,,,,,,,,,,,,,,,,,,,,,,,,,,,,,,,,,,,,,,,,,,,
2022-05-31,929.7,931.1,2022-05-31T22:11:00,927.6,2022-05-31T03:44:00,23.9,30.0,2022-05-31T10:49:00,19.6,2022-05-31T04:46:00,80,55.0,2022-05-31T10:53:00,0.5,70,6.8,188.0,2022-05-31T12:45:00,0.0,,,,,,,,,,,,,,,,,,,,,,,0.0,,,,0,,94.0,2022-05-31T00:01:00,,,,,,,,,,,,,,,,,,,,,,,,,,,,,,,,,,,,,,,,,,,,,,,,,,,,,,,,,,,,,,,,,,,
2022-06-01,929.1,930.8,2022-06-01T01:11:00,927.0,2022-06-01T16:37:00,24.8,31.5,2022-06-01T12:09:00,19.5,2022-06-01T02:12:00,75,45.0,2022-06-01T10:27:00,0.8,218,6.4,231.0,2022-06-01T13:30:00,0.0,,,,,,,,,,,,,,,,,,,,,,,0.0,,,,0,,92.0,2022-06-01T22:31:00,,,,,,,,,,,,,,,,,,,,,,,,,,,,,,,,,,,,,,,,,,,,,,,,,,,,,,,,,,,,,,,,,,,
2022-06-02,928.2,929.9,2022-06-02T22:11:00,926.7,2022-06-02T15:48:00,23.8,30.2,2022-06-02T11:33:00,19.0,2022-06-02T05:11:00,79,52.0,2022-06-02T10:09:00,0.6,193,6.3,234.0,2022-06-02T12:47:00,1.0,,,,,,,,,,,,,,,,,,,,,,,0.5,2022-06-02T17:00:00,,,0,,94.0,2022-06-02T22:11:00,,,,,,,,,,,,,,,,,,,,,,,,,,,,,,,,,,,,,,,,,,,,,,,,,,,,,,,,,,,,,,,,,,,
2022-06-03,929.0,930.6,2022-06-03T21:41:00,927.5,2022-06-03T13:11:00,22.8,30.1,2022-06-03T12:47:00,19.2,2022-06-03T05:22:00,86,51.0,2022-06-03T11:07:00,0.3,207,6.2,227.0,2022-06-03T13:05:00,20.0,,,,,,,,,,,,,,,,,,,,,,,9.5,2022-06-03T16:00:00,,,0,,96.0,2022-06-03T23:36:00,,,,,,,,,,,,,,,,,,,,,,,,,,,,,,,,,,,,,,,,,,,,,,,,,,,,,,,,,,,,,,,,,,,
2022-06-04,929.6,930.4,2022-06-04T08:01:00,928.6,2022-06-04T00:53:00,21.8,28.1,2022-06-04T10:11:00,18.6,2022-06-04T05:11:00,90,63.0,2022-06-04T10:15:00,0.4,76,6.0,179.0,2022-06-04T10:34:00,22.5,,,,,,,,,,,,,,,,,,,,,,,8.5,2022-06-04T14:00:00,,,0,,97.0,2022-06-04T03:51:00,,,,,,,,,,,,,,,,,,,,,,,,,,,,,,,,,,,,,,,,,,,,,,,,,,,,,,,,,,,,,,,,,,,
2022-06-05,928.3,929.5,2022-06-05T00:01:00,926.7,2022-06-05T15:01:00,22.4,29.8,2022-06-05T11:32:00,18.6,2022-06-05T05:01:00,86,49.0,2022-06-05T11:11:00,0.2,0,7.7,157.0,2022-06-05T12:04:00,5.5,,,,,,,,,,,,,,,,,,,,,,,3.5,2022-06-05T13:00:00,,,0,,96.0,2022-06-05T06:31:00,,,,,,,,,,,,,,,,,,,,,,,,,,,,,,,,,,,,,,,,,,,,,,,,,,,,,,,,,,,,,,,,,,,
2022-06-06,927.0,928.6,2022-06-06T00:01:00,925.3,2022-06-06T16:22:00,23.3,29.6,2022-06-06T13:11:00,18.0,2022-06-06T04:11:00,82,53.0,2022-06-06T13:16:00,0.5,127,4.9,201.0,2022-06-06T11:41:00,0.0,,,,,,,,,,,,,,,,,,,,,,,0.0,,,,0,,95.0,2022-06-06T04:26:00,,,,,,,,,,,,,,,,,,,,,,,,,,,,,,,,,,,,,,,,,,,,,,,,,,,,,,,,,,,,,,,,,,,
2022-06-07,928.0,930.3,2022-06-07T22:02:00,926.2,2022-06-07T03:51:00,21.7,26.1,2022-06-07T11:52:00,19.7,2022-06-07T13:47:00,93,76.0,2022-06-07T09:31:00,0.2,0,7.5,211.0,2022-06-07T13:22:00,81.0,,,,,,,,,,,,,,,,,,,,,,,33.0,2022-06-07T14:00:00,,,0,,97.0,2022-06-07T23:31:00,,,,,,,,,,,,,,,,,,,,,,,,,,,,,,,,,,,,,,,,,,,,,,,,,,,,,,,,,,,,,,,,,,,
2022-06-08,929.6,931.2,2022-06-08T22:11:00,928.6,2022-06-08T03:26:00,21.2,26.6,2022-06-08T09:49:00,19.5,2022-06-08T19:27:00,94,71.0,2022-06-08T10:11:00,0.2,0,6.0,213.0,2022-06-08T13:27:00,44.5,,,,,,,,,,,,,,,,,,,,,,,11.5,2022-06-08T17:00:00,,,0,,97.0,2022-06-08T03:53:00,,,,,,,,,,,,,,,,,,,,,,,,,,,,,,,,,,,,,,,,,,,,,,,,,,,,,,,,,,,,,,,,,,,
2022-06-09,929.8,931.3,2022-06-09T05:15:00,928.0,2022-06-09T16:16:00,22.1,25.6,2022-06-09T14:21:00,19.7,2022-06-09T00:47:00,89,72.0,2022-06-09T14:21:00,0.2,0,4.4,74.0,2022-06-09T07:04:00,6.0,,,,,,,,,,,,,,,,,,,,,,,4.0,2022-06-09T06:00:00,,,0,,96.0,2022-06-09T05:22:00,,,,,,,,,,,,,,,,,,,,,,,,,,,,,,,,,,,,,,,,,,,,,,,,,,,,,,,,,,,,,,,,,,,
2022-06-10,929.2,931.1,2022-06-10T22:11:00,927.6,2022-06-10T15:41:00,22.9,28.6,2022-06-10T11:26:00,18.7,2022-06-10T03:04:00,83,51.0,2022-06-10T11:26:00,0.5,73,5.6,238.0,2022-06-10T12:27:00,0.0,,,,,,,,,,,,,,,,,,,,,,,0.0,,,,0,,94.0,2022-06-10T23:01:00,,,,,,,,,,,,,,,,,,,,,,,,,,,,,,,,,,,,,,,,,,,,,,,,,,,,,,,,,,,,,,,,,,,
2022-06-11,930.3,931.9,2022-06-11T22:21:00,928.8,2022-06-11T16:31:00,23.0,26.7,2022-06-11T10:01:00,19.8,2022-06-11T05:21:00,81,61.0,2022-06-11T09:59:00,0.1,0,3.2,81.0,2022-06-11T04:20:00,3.0,,,,,,,,,,,,,,,,,,,,,,,1.5,2022-06-11T23:00:00,,,0,,95.0,2022-06-11T23:41:00,,,,,,,,,,,,,,,,,,,,,,,,,,,,,,,,,,,,,,,,,,,,,,,,,,,,,,,,,,,,,,,,,,,
2022-06-12,930.3,932.0,2022-06-12T00:31:00,928.7,2022-06-12T15:34:00,23.5,29.0,2022-06-12T10:54:00,20.1,2022-06-12T03:51:00,84,59.0,2022-06-12T10:55:00,0.5,79,5.5,214.0,2022-06-12T15:13:00,4.0,,,,,,,,,,,,,,,,,,,,,,,3.0,2022-06-12T01:00:00,,,0,,96.0,2022-06-12T02:11:00,,,,,,,,,,,,,,,,,,,,,,,,,,,,,,,,,,,,,,,,,,,,,,,,,,,,,,,,,,,,,,,,,,,
2022-06-13,929.1,930.7,2022-06-13T00:01:00,927.5,2022-06-13T14:51:00,23.8,30.1,2022-06-13T12:32:00,18.5,2022-06-13T05:25:00,74,42.0,2022-06-13T12:32:00,0.8,198,5.6,211.0,2022-06-13T11:19:00,0.0,,,,,,,,,,,,,,,,,,,,,,,0.0,,,,0,,91.0,2022-06-13T20:21:00,,,,,,,,,,,,,,,,,,,,,,,,,,,,,,,,,,,,,,,,,,,,,,,,,,,,,,,,,,,,,,,,,,,
2022-06-14,929.9,932.0,2022-06-14T22:01:00,928.8,2022-06-14T15:21:00,23.3,29.0,2022-06-14T10:05:00,17.7,2022-06-14T05:04:00,77,41.0,2022-06-14T10:47:00,0.6,150,5.9,203.0,2022-06-14T10:47:00,0.0,,,,,,,,,,,,,,,,,,,,,,,0.0,,,,0,,94.0,2022-06-14T23:21:00,,,,,,,,,,,,,,,,,,,,,,,,,,,,,,,,,,,,,,,,,,,,,,,,,,,,,,,,,,,,,,,,,,,
2022-06-15,931.2,933.0,2022-06-15T21:41:00,929.8,2022-06-15T17:11:00,23.7,28.8,2022-06-15T11:25:00,19.6,2022-06-15T05:11:00,75,49.0,2022-06-15T11:25:00,0.4,60,5.1,210.0,2022-06-15T13:58:00,0.0,,,,,,,,,,,,,,,,,,,,,,,0.0,,,,0,,93.0,2022-06-15T00:01:00,,,,,,,,,,,,,,,,,,,,,,,,,,,,,,,,,,,,,,,,,,,,,,,,,,,,,,,,,,,,,,,,,,,
2022-06-16,931.0,932.8,2022-06-16T06:41:00,928.8,2022-06-16T15:31:00,24.2,30.3,2022-06-16T12:02:00,18.3,2022-06-16T05:11:00,73,43.0,2022-06-16T11:52:00,0.7,197,6.5,225.0,2022-06-16T12:56:00,0.0,,,,,,,,,,,,,,,,,,,,,,,0.0,,,,0,,93.0,2022-06-16T23:51:00,,,,,,,,,,,,,,,,,,,,,,,,,,,,,,,,,,,,,,,,,,,,,,,,,,,,,,,,,,,,,,,,,,,
2022-06-17,930.2,930.9,2022-06-17T06:21:00,928.8,2022-06-17T16:51:00,23.8,29.5,2022-06-17T12:01:00,19.5,2022-06-17T05:41:00,77,49.0,2022-06-17T10:38:00,0.6,191,6.0,218.0,2022-06-17T14:58:00,0.0,,,,,,,,,,,,,,,,,,,,,,,0.0,,,,0,,94.0,2022-06-17T00:31:00,,,,,,,,,,,,,,,,,,,,,,,,,,,,,,,,,,,,,,,,,,,,,,,,,,,,,,,,,,,,,,,,,,,
2022-06-18,929.8,931.3,2022-06-18T22:01:00,928.7,2022-06-18T13:25:00,23.6,31.1,2022-06-18T12:21:00,17.0,2022-06-18T03:51:00,73,39.0,2022-06-18T12:13:00,0.5,172,7.8,210.0,2022-06-18T13:52:00,0.0,,,,,,,,,,,,,,,,,,,,,,,0.0,,,,0,,90.0,2022-06-18T23:24:00,,,,,,,,,,,,,,,,,,,,,,,,,,,,,,,,,,,,,,,,,,,,,,,,,,,,,,,,,,,,,,,,,,,
2022-06-19,929.5,930.6,2022-06-19T00:03:00,927.7,2022-06-19T14:56:00,24.4,30.7,2022-06-19T13:51:00,20.0,2022-06-19T01:23:00,70,43.0,2022-06-19T09:41:00,0.7,203,7.1,195.0,2022-06-19T15:56:00,0.0,,,,,,,,,,,,,,,,,,,,,,,0.0,,,,0,,88.0,2022-06-19T20:41:00,,,,,,,,,,,,,,,,,,,,,,,,,,,,,,,,,,,,,,,,,,,,,,,,,,,,,,,,,,,,,,,,,,,
2022-06-20,928.0,929.8,2022-06-20T00:01:00,926.2,2022-06-20T15:34:00,24.8,31.5,2022-06-20T13:33:00,17.7,2022-06-20T05:12:00,69,40.0,2022-06-20T12:54:00,0.9,212,6.3,226.0,2022-06-20T14:09:00,0.0,,,,,,,,,,,,,,,,,,,,,,,0.0,,,,0,,90.0,2022-06-20T05:12:00,,,,,,,,,,,,,,,,,,,,,,,,,,,,,,,,,,,,,,,,,,,,,,,,,,,,,,,,,,,,,,,,,,,
2022-06-21,928.8,931.5,2022-06-21T22:05:00,926.9,2022-06-21T01:41:00,24.2,31.3,2022-06-21T13:15:00,17.3,2022-06-21T05:11:00,71,41.0,2022-06-21T09:34:00,0.7,70,8.6,209.0,2022-06-21T14:56:00,0.0,,,,,,,,,,,,,,,,,,,,,,,0.0,,,,0,,88.0,2022-06-21T00:09:00,,,,,,,,,,,,,,,,,,,,,,,,,,,,,,,,,,,,,,,,,,,,,,,,,,,,,,,,,,,,,,,,,,,
2022-06-22,931.6,934.2,2022-06-22T22:06:00,929.8,2022-06-22T04:07:00,24.5,31.2,2022-06-22T12:23:00,18.5,2022-06-22T05:51:00,71,39.0,2022-06-22T09:23:00,0.6,70,7.2,214.0,2022-06-22T13:39:00,0.0,,,,,,,,,,,,,,,,,,,,,,,0.0,,,,0,,88.0,2022-06-22T20:53:00,,,,,,,,,,,,,,,,,,,,,,,,,,,,,,,,,,,,,,,,,,,,,,,,,,,,,,,,,,,,,,,,,,,
2022-06-23,932.0,933.7,2022-06-23T07:31:00,929.3,2022-06-23T15:35:00,24.6,31.8,2022-06-23T12:21:00,18.7,2022-06-23T06:17:00,76,44.0,2022-06-23T08:51:00,0.7,60,6.7,205.0,2022-06-23T14:22:00,5.0,,,,,,,,,,,,,,,,,,,,,,,5.0,2022-06-23T15:00:00,,,0,,94.0,2022-06-23T22:01:00,,,,,,,,,,,,,,,,,,,,,,,,,,,,,,,,,,,,,,,,,,,,,,,,,,,,,,,,,,,,,,,,,,,
2022-06-24,930.2,931.6,2022-06-24T00:03:00,928.4,2022-06-24T15:33:00,22.9,30.5,2022-06-24T11:54:00,17.7,2022-06-24T05:32:00,82,44.0,2022-06-24T09:45:00,0.5,76,6.4,215.0,2022-06-24T12:37:00,31.5,,,,,,,,,,,,,,,,,,,,,,,21.0,2022-06-24T17:00:00,,,0,,96.0,2022-06-24T22:04:00,,,,,,,,,,,,,,,,,,,,,,,,,,,,,,,,,,,,,,,,,,,,,,,,,,,,,,,,,,,,,,,,,,,
2022-06-25,930.1,932.2,2022-06-25T21:21:00,928.1,2022-06-25T01:41:00,21.9,28.8,2022-06-25T11:51:00,18.8,2022-06-25T04:41:00,88,54.0,2022-06-25T10:31:00,0.5,68,7.0,210.0,2022-06-25T11:54:00,6.5,,,,,,,,,,,,,,,,,,,,,,,2.5,2022-06-25T17:00:00,,,0,,96.0,2022-06-25T00:01:00,,,,,,,,,,,,,,,,,,,,,,,,,,,,,,,,,,,,,,,,,,,,,,,,,,,,,,,,,,,,,,,,,,,
2022-06-26,931.1,932.4,2022-06-26T10:31:00,929.0,2022-06-26T15:42:00,24.0,30.8,2022-06-26T13:31:00,18.5,2022-06-26T04:42:00,80,50.0,2022-06-26T09:23:00,0.8,79,8.0,209.0,2022-06-26T17:37:00,0.5,,,,,,,,,,,,,,,,,,,,,,,0.5,2022-06-26T18:00:00,,,0,,96.0,2022-06-26T00:01:00,,,,,,,,,,,,,,,,,,,,,,,,,,,,,,,,,,,,,,,,,,,,,,,,,,,,,,,,,,,,,,,,,,,
2022-06-27,929.5,931.3,2022-06-27T00:01:00,927.3,2022-06-27T16:36:00,24.6,30.8,2022-06-27T12:24:00,19.5,2022-06-27T05:11:00,81,58.0,2022-06-27T11:44:00,0.9,227,7.2,220.0,2022-06-27T13:42:00,0.0,,,,,,,,,,,,,,,,,,,,,,,0.0,,,,0,,96.0,2022-06-27T01:11:00,,,,,,,,,,,,,,,,,,,,,,,,,,,,,,,,,,,,,,,,,,,,,,,,,,,,,,,,,,,,,,,,,,,
2022-06-28,926.8,928.9,2022-06-28T00:01:00,924.6,2022-06-28T15:54:00,24.9,30.5,2022-06-28T11:56:00,19.7,2022-06-28T06:21:00,80,51.0,2022-06-28T09:14:00,0.8,221,8.0,233.0,2022-06-28T12:15:00,0.0,,,,,,,,,,,,,,,,,,,,,,,0.0,,,,0,,95.0,2022-06-28T02:16:00,,,,,,,,,,,,,,,,,,,,,,,,,,,,,,,,,,,,,,,,,,,,,,,,,,,,,,,,,,,,,,,,,,,
2022-06-29,925.8,927.3,2022-06-29T22:31:00,924.4,2022-06-29T12:52:00,24.0,28.5,2022-06-29T12:31:00,21.0,2022-06-29T05:24:00,85,65.0,2022-06-29T09:01:00,0.8,65,6.4,227.0,2022-06-29T13:48:00,0.0,,,,,,,,,,,,,,,,,,,,,,,0.0,,,,0,,95.0,2022-06-29T01:25:00,,,,,,,,,,,,,,,,,,,,,,,,,,,,,,,,,,,,,,,,,,,,,,,,,,,,,,,,,,,,,,,,,,,
2022-06-30,925.6,927.5,2022-06-30T22:01:00,923.4,2022-06-30T16:11:00,25.2,31.2,2022-06-30T11:01:00,19.5,2022-06-30T05:28:00,76,50.0,2022-06-30T11:06:00,1.0,222,7.7,192.0,2022-06-30T13:22:00,0.0,,,,,,,,,,,,,,,,,,,,,,,0.0,,,,0,,93.0,2022-06-30T05:31:00,,,,,,,,,,,,,,,,,,,,,,,,,,,,,,,,,,,,,,,,,,,,,,,,,,,,,,,,,,,,,,,,,,,
2022-07-01,926.8,929.3,2022-07-01T23:11:00,925.0,2022-07-01T04:01:00,24.3,29.0,2022-07-01T11:44:00,21.7,2022-07-01T05:41:00,82,59.0,2022-07-01T08:51:00,0.6,79,6.1,219.0,2022-07-01T12:00:00,15.0,,,,,,,,,,,,,,,,,,,,,,,12.5,2022-07-01T18:00:00,,,0,,96.0,2022-07-01T23:41:00,,,,,,,,,,,,,,,,,,,,,,,,,,,,,,,,,,,,,,,,,,,,,,,,,,,,,,,,,,,,,,,,,,,
2022-07-02,928.0,929.7,2022-07-02T22:01:00,926.7,2022-07-02T13:24:00,23.1,29.0,2022-07-02T13:22:00,21.0,2022-07-02T05:31:00,90,62.0,2022-07-02T13:18:00,0.5,62,6.0,262.0,2022-07-02T10:50:00,13.5,,,,,,,,,,,,,,,,,,,,,,,5.0,2022-07-02T22:00:00,,,0,,97.0,2022-07-02T03:41:00,,,,,,,,,,,,,,,,,,,,,,,,,,,,,,,,,,,,,,,,,,,,,,,,,,,,,,,,,,,,,,,,,,,
2022-07-03,927.9,929.1,2022-07-03T00:01:00,926.5,2022-07-03T16:03:00,23.9,28.1,2022-07-03T14:01:00,21.2,2022-07-03T04:01:00,87,64.0,2022-07-03T12:17:00,0.6,142,5.0,200.0,2022-07-03T14:53:00,2.0,,,,,,,,,,,,,,,,,,,,,,,1.0,2022-07-03T01:00:00,,,0,,97.0,2022-07-03T03:41:00,,,,,,,,,,,,,,,,,,,,,,,,,,,,,,,,,,,,,,,,,,,,,,,,,,,,,,,,,,,,,,,,,,,
2022-07-04,927.7,929.7,2022-07-04T22:21:00,926.8,2022-07-04T12:32:00,23.7,29.7,2022-07-04T11:31:00,21.0,2022-07-04T22:51:00,86,58.0,2022-07-04T11:31:00,0.6,56,6.9,211.0,2022-07-04T12:50:00,1.5,,,,,,,,,,,,,,,,,,,,,,,0.5,2022-07-04T03:00:00,,,0,,96.0,2022-07-04T04:11:00,,,,,,,,,,,,,,,,,,,,,,,,,,,,,,,,,,,,,,,,,,,,,,,,,,,,,,,,,,,,,,,,,,,
2022-07-05,928.9,930.5,2022-07-05T22:11:00,927.8,2022-07-05T02:23:00,22.8,29.5,2022-07-05T12:46:00,20.0,2022-07-05T04:31:00,85,57.0,2022-07-05T09:32:00,0.6,72,10.8,216.0,2022-07-05T12:58:00,4.5,,,,,,,,,,,,,,,,,,,,,,,2.0,2022-07-05T15:00:00,,,0,,95.0,2022-07-05T20:41:00,,,,,,,,,,,,,,,,,,,,,,,,,,,,,,,,,,,,,,,,,,,,,,,,,,,,,,,,,,,,,,,,,,,
2022-07-06,930.0,931.3,2022-07-06T09:41:00,928.4,2022-07-06T13:52:00,22.7,30.8,2022-07-06T13:52:00,18.7,2022-07-06T03:31:00,84,46.0,2022-07-06T13:46:00,0.5,69,6.0,207.0,2022-07-06T12:08:00,10.5,,,,,,,,,,,,,,,,,,,,,,,5.0,2022-07-06T17:00:00,,,0,,96.0,2022-07-06T21:19:00,,,,,,,,,,,,,,,,,,,,,,,,,,,,,,,,,,,,,,,,,,,,,,,,,,,,,,,,,,,,,,,,,,,
2022-07-07,930.0,931.4,2022-07-07T23:23:00,927.9,2022-07-07T16:34:00,24.7,31.0,2022-07-07T13:11:00,18.8,2022-07-07T04:35:00,80,50.0,2022-07-07T11:09:00,0.9,66,7.2,256.0,2022-07-07T11:09:00,0.0,,,,,,,,,,,,,,,,,,,,,,,0.0,,,,0,,95.0,2022-07-07T23:21:00,,,,,,,,,,,,,,,,,,,,,,,,,,,,,,,,,,,,,,,,,,,,,,,,,,,,,,,,,,,,,,,,,,,
2022-07-08,929.2,931.2,2022-07-08T00:01:00,927.4,2022-07-08T14:35:00,24.3,31.0,2022-07-08T12:52:00,19.5,2022-07-08T05:41:00,82,49.0,2022-07-08T09:21:00,0.7,220,6.4,202.0,2022-07-08T13:43:00,2.5,,,,,,,,,,,,,,,,,,,,,,,2.5,2022-07-08T16:00:00,,,0,,95.0,2022-07-08T23:43:00,,,,,,,,,,,,,,,,,,,,,,,,,,,,,,,,,,,,,,,,,,,,,,,,,,,,,,,,,,,,,,,,,,,
2022-07-09,927.8,929.8,2022-07-09T00:01:00,926.0,2022-07-09T16:05:00,25.1,31.2,2022-07-09T13:51:00,18.5,2022-07-09T05:35:00,78,47.0,2022-07-09T10:52:00,1.0,66,6.7,225.0,2022-07-09T15:26:00,0.0,,,,,,,,,,,,,,,,,,,,,,,0.0,,,,0,,96.0,2022-07-09T06:31:00,,,,,,,,,,,,,,,,,,,,,,,,,,,,,,,,,,,,,,,,,,,,,,,,,,,,,,,,,,,,,,,,,,,
2022-07-10,928.4,929.6,2022-07-10T22:31:00,926.8,2022-07-10T15:35:00,26.0,31.5,2022-07-10T10:36:00,19.2,2022-07-10T06:08:00,74,34.0,2022-07-10T10:39:00,1.0,140,7.7,227.0,2022-07-10T13:53:00,0.0,,,,,,,,,,,,,,,,,,,,,,,0.0,,,,0,,93.0,2022-07-10T01:45:00,,,,,,,,,,,,,,,,,,,,,,,,,,,,,,,,,,,,,,,,,,,,,,,,,,,,,,,,,,,,,,,,,,,
2022-07-11,928.9,930.7,2022-07-11T22:31:00,927.5,2022-07-11T15:40:00,26.0,31.2,2022-07-11T15:07:00,20.0,2022-07-11T06:25:00,74,45.0,2022-07-11T09:51:00,1.1,232,6.7,274.0,2022-07-11T14:40:00,0.0,,,,,,,,,,,,,,,,,,,,,,,0.0,,,,0,,94.0,2022-07-11T01:04:00,,,,,,,,,,,,,,,,,,,,,,,,,,,,,,,,,,,,,,,,,,,,,,,,,,,,,,,,,,,,,,,,,,,
2022-07-12,928.5,929.9,2022-07-12T00:01:00,926.6,2022-07-12T16:43:00,26.3,31.5,2022-07-12T13:31:00,20.3,2022-07-12T06:01:00,74,54.0,2022-07-12T09:47:00,0.9,215,6.7,210.0,2022-07-12T12:26:00,0.0,,,,,,,,,,,,,,,,,,,,,,,0.0,,,,0,,92.0,2022-07-12T03:29:00,,,,,,,,,,,,,,,,,,,,,,,,,,,,,,,,,,,,,,,,,,,,,,,,,,,,,,,,,,,,,,,,,,,
2022-07-13,926.7,928.7,2022-07-13T00:01:00,923.9,2022-07-13T16:31:00,26.5,33.0,2022-07-13T13:03:00,19.0,2022-07-13T06:01:00,70,45.0,2022-07-13T08:51:00,1.1,223,5.9,232.0,2022-07-13T15:01:00,0.0,,,,,,,,,,,,,,,,,,,,,,,0.0,,,,0,,91.0,2022-07-13T23:58:00,,,,,,,,,,,,,,,,,,,,,,,,,,,,,,,,,,,,,,,,,,,,,,,,,,,,,,,,,,,,,,,,,,,
2022-07-14,926.6,928.7,2022-07-14T22:51:00,925.4,2022-07-14T03:41:00,25.0,29.8,2022-07-14T10:15:00,21.8,2022-07-14T05:21:00,85,58.0,2022-07-14T08:56:00,0.5,74,9.0,207.0,2022-07-14T13:28:00,18.5,,,,,,,,,,,,,,,,,,,,,,,16.0,2022-07-14T14:00:00,,,0,,95.0,2022-07-14T15:12:00,,,,,,,,,,,,,,,,,,,,,,,,,,,,,,,,,,,,,,,,,,,,,,,,,,,,,,,,,,,,,,,,,,,
2022-07-15,928.2,929.6,2022-07-15T21:51:00,926.3,2022-07-15T04:31:00,23.5,27.2,2022-07-15T14:31:00,21.6,2022-07-15T08:31:00,87,66.0,2022-07-15T14:31:00,0.6,78,4.3,209.0,2022-07-15T08:24:00,0.0,,,,,,,,,,,,,,,,,,,,,,,0.0,,,,0,,95.0,2022-07-15T00:28:00,,,,,,,,,,,,,,,,,,,,,,,,,,,,,,,,,,,,,,,,,,,,,,,,,,,,,,,,,,,,,,,,,,,
2022-07-16,928.0,929.1,2022-07-16T22:21:00,926.8,2022-07-16T14:42:00,24.4,29.8,2022-07-16T11:53:00,20.5,2022-07-16T04:12:00,81,56.0,2022-07-16T11:23:00,0.8,226,6.9,216.0,2022-07-16T12:27:00,0.0,,,,,,,,,,,,,,,,,,,,,,,0.0,,,,0,,93.0,2022-07-16T23:43:00,,,,,,,,,,,,,,,,,,,,,,,,,,,,,,,,,,,,,,,,,,,,,,,,,,,,,,,,,,,,,,,,,,,
2022-07-17,928.2,929.2,2022-07-17T22:01:00,926.6,2022-07-17T16:31:00,24.0,29.8,2022-07-17T11:41:00,20.5,2022-07-17T23:51:00,82,56.0,2022-07-17T09:39:00,0.4,175,8.6,201.0,2022-07-17T13:18:00,5.0,,,,,,,,,,,,,,,,,,,,,,,4.5,2022-07-17T14:00:00,,,0,,94.0,2022-07-17T00:11:00,,,,,,,,,,,,,,,,,,,,,,,,,,,,,,,,,,,,,,,,,,,,,,,,,,,,,,,,,,,,,,,,,,,
2022-07-18,928.2,930.1,2022-07-18T22:31:00,926.2,2022-07-18T15:43:00,25.2,31.0,2022-07-18T12:51:00,19.0,2022-07-18T04:49:00,76,49.0,2022-07-18T09:11:00,0.8,73,5.6,218.0,2022-07-18T13:22:00,0.0,,,,,,,,,,,,,,,,,,,,,,,0.0,,,,0,,93.0,2022-07-18T05:45:00,,,,,,,,,,,,,,,,,,,,,,,,,,,,,,,,,,,,,,,,,,,,,,,,,,,,,,,,,,,,,,,,,,,
2022-07-19,929.7,931.9,2022-07-19T21:53:00,928.1,2022-07-19T15:42:00,25.7,31.0,2022-07-19T12:52:00,20.5,2022-07-19T05:51:00,76,47.0,2022-07-19T10:41:00,1.0,228,6.8,206.0,2022-07-19T12:27:00,0.0,,,,,,,,,,,,,,,,,,,,,,,0.0,,,,0,,92.0,2022-07-19T00:21:00,,,,,,,,,,,,,,,,,,,,,,,,,,,,,,,,,,,,,,,,,,,,,,,,,,,,,,,,,,,,,,,,,,,
2022-07-20,931.9,934.1,2022-07-20T22:11:00,930.3,2022-07-20T13:36:00,25.8,32.5,2022-07-20T14:31:00,19.0,2022-07-20T06:03:00,76,37.0,2022-07-20T10:39:00,0.9,231,7.2,261.0,2022-07-20T12:33:00,2.0,,,,,,,,,,,,,,,,,,,,,,,1.0,2022-07-20T19:00:00,,,0,,96.0,2022-07-20T23:31:00,,,,,,,,,,,,,,,,,,,,,,,,,,,,,,,,,,,,,,,,,,,,,,,,,,,,,,,,,,,,,,,,,,,
2022-07-21,933.1,934.3,2022-07-21T06:21:00,931.3,2022-07-21T15:35:00,25.8,31.5,2022-07-21T11:41:00,19.5,2022-07-21T05:41:00,77,47.0,2022-07-21T09:34:00,1.0,213,7.1,218.0,2022-07-21T13:19:00,0.0,,,,,,,,,,,,,,,,,,,,,,,0.0,,,,0,,95.0,2022-07-21T00:01:00,,,,,,,,,,,,,,,,,,,,,,,,,,,,,,,,,,,,,,,,,,,,,,,,,,,,,,,,,,,,,,,,,,,
2022-07-22,932.4,933.6,2022-07-22T22:05:00,927.9,2022-07-22T12:34:00,26.0,32.1,2022-07-22T12:34:00,24.6,2022-07-22T23:56:00,70,50.0,2022-07-22T12:32:00,1.0,216,7.5,210.0,2022-07-22T13:10:00,0.0,,,,,,,,,,,,,,,,,,,,,,,0.0,,,,0,,89.0,2022-07-22T23:56:00,,,,,,,,,,,,,,,,,,,,,,,,,,,,,,,,,,,,,,,,,,,,,,,,,,,,,,,,,,,,,,,,,,,
2022-07-23,931.2,933.5,2022-07-23T00:01:00,929.2,2022-07-23T14:21:00,26.7,32.6,2022-07-23T13:35:00,20.2,2022-07-23T06:01:00,72,41.0,2022-07-23T09:35:00,1.0,163,6.5,175.0,2022-07-23T15:13:00,0.0,,,,,,,,,,,,,,,,,,,,,,,0.0,,,,0,,92.0,2022-07-23T22:52:00,,,,,,,,,,,,,,,,,,,,,,,,,,,,,,,,,,,,,,,,,,,,,,,,,,,,,,,,,,,,,,,,,,,
2022-07-24,929.8,931.2,2022-07-24T00:01:00,927.7,2022-07-24T16:45:00,26.3,32.2,2022-07-24T13:51:00,18.5,2022-07-24T06:11:00,71,47.0,2022-07-24T10:42:00,0.9,226,7.0,265.0,2022-07-24T14:49:00,0.0,,,,,,,,,,,,,,,,,,,,,,,0.0,,,,0,,90.0,2022-07-24T00:01:00,,,,,,,,,,,,,,,,,,,,,,,,,,,,,,,,,,,,,,,,,,,,,,,,,,,,,,,,,,,,,,,,,,,
2022-07-25,930.7,932.5,2022-07-25T23:11:00,929.0,2022-07-25T15:02:00,25.5,33.0,2022-07-25T13:53:00,19.8,2022-07-25T04:28:00,75,44.0,2022-07-25T09:34:00,0.8,226,7.1,206.0,2022-07-25T12:05:00,1.5,,,,,,,,,,,,,,,,,,,,,,,1.0,2022-07-25T18:00:00,,,0,,92.0,2022-07-25T21:11:00,,,,,,,,,,,,,,,,,,,,,,,,,,,,,,,,,,,,,,,,,,,,,,,,,,,,,,,,,,,,,,,,,,,
2022-07-26,930.5,932.3,2022-07-26T00:01:00,928.5,2022-07-26T15:03:00,25.2,32.1,2022-07-26T12:22:00,20.1,2022-07-26T05:51:00,78,51.0,2022-07-26T13:01:00,0.9,231,5.8,212.0,2022-07-26T14:35:00,0.0,,,,,,,,,,,,,,,,,,,,,,,0.0,,,,0,,93.0,2022-07-26T06:41:00,,,,,,,,,,,,,,,,,,,,,,,,,,,,,,,,,,,,,,,,,,,,,,,,,,,,,,,,,,,,,,,,,,,
2022-07-27,929.7,930.8,2022-07-27T06:51:00,928.0,2022-07-27T15:11:00,25.3,31.0,2022-07-27T12:21:00,20.2,2022-07-27T04:51:00,78,50.0,2022-07-27T09:22:00,1.0,235,7.4,271.0,2022-07-27T14:08:00,0.0,,,,,,,,,,,,,,,,,,,,,,,0.0,,,,0,,93.0,2022-07-27T04:55:00,,,,,,,,,,,,,,,,,,,,,,,,,,,,,,,,,,,,,,,,,,,,,,,,,,,,,,,,,,,,,,,,,,,
2022-07-28,928.7,930.2,2022-07-28T00:03:00,926.2,2022-07-28T15:52:00,26.0,31.7,2022-07-28T13:43:00,21.0,2022-07-28T05:59:00,76,49.0,2022-07-28T09:21:00,1.0,214,6.8,210.0,2022-07-28T11:13:00,0.0,,,,,,,,,,,,,,,,,,,,,,,0.0,,,,0,,92.0,2022-07-28T00:52:00,,,,,,,,,,,,,,,,,,,,,,,,,,,,,,,,,,,,,,,,,,,,,,,,,,,,,,,,,,,,,,,,,,,
2022-07-29,927.1,929.0,2022-07-29T00:01:00,924.8,2022-07-29T15:44:00,25.5,31.6,2022-07-29T11:34:00,20.3,2022-07-29T05:31:00,76,47.0,2022-07-29T09:29:00,0.9,230,6.8,218.0,2022-07-29T14:01:00,0.0,,,,,,,,,,,,,,,,,,,,,,,0.0,,,,0,,92.0,2022-07-29T23:55:00,,,,,,,,,,,,,,,,,,,,,,,,,,,,,,,,,,,,,,,,,,,,,,,,,,,,,,,,,,,,,,,,,,,
2022-07-30,925.6,927.6,2022-07-30T22:31:00,923.6,2022-07-30T14:22:00,24.4,31.5,2022-07-30T13:36:00,19.7,2022-07-30T06:27:00,80,50.0,2022-07-30T09:01:00,0.7,232,7.6,195.0,2022-07-30T14:31:00,13.5,,,,,,,,,,,,,,,,,,,,,,,11.0,2022-07-30T16:00:00,,,0,,95.0,2022-07-30T19:23:00,,,,,,,,,,,,,,,,,,,,,,,,,,,,,,,,,,,,,,,,,,,,,,,,,,,,,,,,,,,,,,,,,,,
2022-07-31,927.1,929.1,2022-07-31T21:31:00,925.0,2022-07-31T13:32:00,23.3,30.7,2022-07-31T11:43:00,19.5,2022-07-31T05:21:00,86,55.0,2022-07-31T08:58:00,0.5,231,5.9,215.0,2022-07-31T11:27:00,23.5,,,,,,,,,,,,,,,,,,,,,,,10.5,2022-07-31T15:00:00,,,0,,96.0,2022-07-31T23:53:00,,,,,,,,,,,,,,,,,,,,,,,,,,,,,,,,,,,,,,,,,,,,,,,,,,,,,,,,,,,,,,,,,,,
2022-08-01,929.5,931.0,2022-08-01T22:27:00,928.1,2022-08-01T14:27:00,23.0,29.0,2022-08-01T11:24:00,20.0,2022-08-01T03:51:00,88,59.0,2022-08-01T11:31:00,0.5,145,6.5,229.0,2022-08-01T14:52:00,13.0,,,,,,,,,,,,,,,,,,,,,,,4.5,2022-08-01T17:00:00,,,0,,96.0,2022-08-01T00:01:00,,,,,,,,,,,,,,,,,,,,,,,,,,,,,,,,,,,,,,,,,,,,,,,,,,,,,,,,,,,,,,,,,,,
2022-08-02,930.8,932.1,2022-08-02T21:11:00,929.0,2022-08-02T17:14:00,22.4,26.3,2022-08-02T10:22:00,19.6,2022-08-02T02:41:00,90,71.0,2022-08-02T08:34:00,0.4,56,5.8,208.0,2022-08-02T13:05:00,2.5,,,,,,,,,,,,,,,,,,,,,,,1.5,2022-08-02T14:00:00,,,0,,95.0,2022-08-02T03:04:00,,,,,,,,,,,,,,,,,,,,,,,,,,,,,,,,,,,,,,,,,,,,,,,,,,,,,,,,,,,,,,,,,,,
2022-08-03,930.7,932.0,2022-08-03T22:14:00,929.1,2022-08-03T15:21:00,23.6,28.6,2022-08-03T13:12:00,20.3,2022-08-03T04:50:00,85,62.0,2022-08-03T11:21:00,0.7,226,6.8,224.0,2022-08-03T14:21:00,0.0,,,,,,,,,,,,,,,,,,,,,,,0.0,,,,0,,95.0,2022-08-03T05:51:00,,,,,,,,,,,,,,,,,,,,,,,,,,,,,,,,,,,,,,,,,,,,,,,,,,,,,,,,,,,,,,,,,,,
2022-08-04,931.5,933.3,2022-08-04T21:41:00,930.3,2022-08-04T14:31:00,24.0,30.0,2022-08-04T13:01:00,20.2,2022-08-04T05:15:00,84,58.0,2022-08-04T09:06:00,0.7,133,6.8,266.0,2022-08-04T14:53:00,0.0,,,,,,,,,,,,,,,,,,,,,,,0.0,,,,0,,95.0,2022-08-04T02:35:00,,,,,,,,,,,,,,,,,,,,,,,,,,,,,,,,,,,,,,,,,,,,,,,,,,,,,,,,,,,,,,,,,,,
2022-08-05,931.4,932.5,2022-08-05T00:01:00,929.3,2022-08-05T16:21:00,24.7,31.0,2022-08-05T12:03:00,19.5,2022-08-05T05:11:00,80,49.0,2022-08-05T10:02:00,0.8,162,6.0,187.0,2022-08-05T12:46:00,0.5,,,,,,,,,,,,,,,,,,,,,,,0.5,2022-08-05T14:00:00,,,0,,95.0,2022-08-05T01:51:00,,,,,,,,,,,,,,,,,,,,,,,,,,,,,,,,,,,,,,,,,,,,,,,,,,,,,,,,,,,,,,,,,,,
2022-08-06,930.3,932.1,2022-08-06T00:01:00,928.5,2022-08-06T15:11:00,24.4,31.1,2022-08-06T12:51:00,20.1,2022-08-06T05:21:00,83,53.0,2022-08-06T09:22:00,0.8,234,7.1,238.0,2022-08-06T14:12:00,0.5,,,,,,,,,,,,,,,,,,,,,,,0.5,2022-08-06T16:00:00,,,0,,95.0,2022-08-06T22:11:00,,,,,,,,,,,,,,,,,,,,,,,,,,,,,,,,,,,,,,,,,,,,,,,,,,,,,,,,,,,,,,,,,,,
2022-08-07,930.3,932.7,2022-08-07T23:31:00,927.6,2022-08-07T14:41:00,24.0,31.3,2022-08-07T14:41:00,19.1,2022-08-07T05:01:00,81,42.0,2022-08-07T10:05:00,0.7,69,6.5,218.0,2022-08-07T15:54:00,24.0,,,,,,,,,,,,,,,,,,,,,,,15.0,2022-08-07T18:00:00,,,0,,96.0,2022-08-07T23:22:00,,,,,,,,,,,,,,,,,,,,,,,,,,,,,,,,,,,,,,,,,,,,,,,,,,,,,,,,,,,,,,,,,,,
2022-08-08,930.5,932.5,2022-08-08T00:01:00,928.1,2022-08-08T15:32:00,24.5,30.7,2022-08-08T13:22:00,19.6,2022-08-08T05:51:00,81,52.0,2022-08-08T13:11:00,0.7,228,6.1,260.0,2022-08-08T15:45:00,0.5,,,,,,,,,,,,,,,,,,,,,,,0.5,2022-08-08T08:00:00,,,0,,96.0,2022-08-08T00:01:00,,,,,,,,,,,,,,,,,,,,,,,,,,,,,,,,,,,,,,,,,,,,,,,,,,,,,,,,,,,,,,,,,,,
2022-08-09,930.1,932.0,2022-08-09T22:21:00,928.0,2022-08-09T15:03:00,24.2,30.3,2022-08-09T12:51:00,19.0,2022-08-09T05:01:00,78,51.0,2022-08-09T08:24:00,0.9,241,6.6,260.0,2022-08-09T12:23:00,0.0,,,,,,,,,,,,,,,,,,,,,,,0.0,,,,0,,94.0,2022-08-09T00:01:00,,,,,,,,,,,,,,,,,,,,,,,,,,,,,,,,,,,,,,,,,,,,,,,,,,,,,,,,,,,,,,,,,,,
2022-08-10,930.5,933.1,2022-08-10T20:51:00,928.8,2022-08-10T06:07:00,24.4,31.5,2022-08-10T13:05:00,19.3,2022-08-10T05:31:00,80,47.0,2022-08-10T13:05:00,1.0,222,6.4,222.0,2022-08-10T15:26:00,17.5,,,,,,,,,,,,,,,,,,,,,,,11.5,2022-08-10T20:00:00,,,0,,95.0,2022-08-10T23:51:00,,,,,,,,,,,,,,,,,,,,,,,,,,,,,,,,,,,,,,,,,,,,,,,,,,,,,,,,,,,,,,,,,,,
2022-08-11,931.3,933.5,2022-08-11T20:21:00,929.0,2022-08-11T15:01:00,24.1,30.2,2022-08-11T12:01:00,19.8,2022-08-11T05:56:00,84,57.0,2022-08-11T10:09:00,1.1,60,6.7,268.0,2022-08-11T17:55:00,6.0,,,,,,,,,,,,,,,,,,,,,,,4.5,2022-08-11T19:00:00,,,0,,96.0,2022-08-11T03:51:00,,,,,,,,,,,,,,,,,,,,,,,,,,,,,,,,,,,,,,,,,,,,,,,,,,,,,,,,,,,,,,,,,,,
2022-08-12,931.4,932.6,2022-08-12T00:01:00,929.7,2022-08-12T14:51:00,23.5,29.5,2022-08-12T11:23:00,20.0,2022-08-12T00:36:00,86,61.0,2022-08-12T09:55:00,0.7,70,6.4,269.0,2022-08-12T12:47:00,5.5,,,,,,,,,,,,,,,,,,,,,,,4.0,2022-08-12T17:00:00,,,0,,96.0,2022-08-12T02:51:00,,,,,,,,,,,,,,,,,,,,,,,,,,,,,,,,,,,,,,,,,,,,,,,,,,,,,,,,,,,,,,,,,,,
2022-08-13,930.8,932.0,2022-08-13T00:01:00,929.1,2022-08-13T15:33:00,24.0,31.0,2022-08-13T12:12:00,19.6,2022-08-13T03:32:00,83,53.0,2022-08-13T11:11:00,0.7,66,7.4,205.0,2022-08-13T13:49:00,12.5,,,,,,,,,,,,,,,,,,,,,,,6.5,2022-08-13T18:00:00,,,0,,96.0,2022-08-13T21:51:00,,,,,,,,,,,,,,,,,,,,,,,,,,,,,,,,,,,,,,,,,,,,,,,,,,,,,,,,,,,,,,,,,,,
2022-08-14,929.8,931.5,2022-08-14T00:01:00,928.1,2022-08-14T15:47:00,24.6,30.7,2022-08-14T13:31:00,19.5,2022-08-14T05:51:00,83,57.0,2022-08-14T11:11:00,0.9,229,6.4,213.0,2022-08-14T12:07:00,0.0,,,,,,,,,,,,,,,,,,,,,,,0.0,,,,0,,96.0,2022-08-14T00:01:00,,,,,,,,,,,,,,,,,,,,,,,,,,,,,,,,,,,,,,,,,,,,,,,,,,,,,,,,,,,,,,,,,,,
2022-08-15,929.1,930.5,2022-08-15T21:42:00,927.2,2022-08-15T14:41:00,24.2,30.0,2022-08-15T12:51:00,20.1,2022-08-15T05:11:00,83,55.0,2022-08-15T09:06:00,0.9,64,6.7,259.0,2022-08-15T15:42:00,0.0,,,,,,,,,,,,,,,,,,,,,,,0.0,,,,0,,94.0,2022-08-15T20:40:00,,,,,,,,,,,,,,,,,,,,,,,,,,,,,,,,,,,,,,,,,,,,,,,,,,,,,,,,,,,,,,,,,,,
2022-08-16,929.3,931.1,2022-08-16T23:41:00,927.2,2022-08-16T15:26:00,24.8,31.0,2022-08-16T12:52:00,19.2,2022-08-16T05:21:00,78,52.0,2022-08-16T08:52:00,0.9,87,6.4,221.0,2022-08-16T11:59:00,0.0,,,,,,,,,,,,,,,,,,,,,,,0.0,,,,0,,94.0,2022-08-16T02:01:00,,,,,,,,,,,,,,,,,,,,,,,,,,,,,,,,,,,,,,,,,,,,,,,,,,,,,,,,,,,,,,,,,,,
2022-08-17,929.6,931.2,2022-08-17T21:11:00,927.5,2022-08-17T15:22:00,24.6,30.5,2022-08-17T13:01:00,20.3,2022-08-17T06:21:00,81,58.0,2022-08-17T09:42:00,1.0,231,6.8,269.0,2022-08-17T12:28:00,3.0,,,,,,,,,,,,,,,,,,,,,,,1.5,2022-08-17T19:00:00,,,0,,96.0,2022-08-17T23:31:00,,,,,,,,,,,,,,,,,,,,,,,,,,,,,,,,,,,,,,,,,,,,,,,,,,,,,,,,,,,,,,,,,,,
2022-08-18,929.1,930.5,2022-08-18T21:22:00,927.6,2022-08-18T15:32:00,24.1,29.7,2022-08-18T12:03:00,21.8,2022-08-18T02:11:00,87,60.0,2022-08-18T12:23:00,1.1,212,6.2,209.0,2022-08-18T13:14:00,0.0,,,,,,,,,,,,,,,,,,,,,,,0.0,,,,0,,96.0,2022-08-18T03:13:00,,,,,,,,,,,,,,,,,,,,,,,,,,,,,,,,,,,,,,,,,,,,,,,,,,,,,,,,,,,,,,,,,,,
2022-08-19,930.5,933.0,2022-08-19T22:11:00,929.0,2022-08-19T02:54:00,25.0,30.5,2022-08-19T13:00:00,21.1,2022-08-19T03:41:00,81,56.0,2022-08-19T12:51:00,0.9,129,6.9,217.0,2022-08-19T12:02:00,0.0,,,,,,,,,,,,,,,,,,,,,,,0.0,,,,0,,95.0,2022-08-19T00:53:00,,,,,,,,,,,,,,,,,,,,,,,,,,,,,,,,,,,,,,,,,,,,,,,,,,,,,,,,,,,,,,,,,,,
2022-08-20,932.0,933.3,2022-08-20T22:03:00,930.5,2022-08-20T15:52:00,25.1,30.7,2022-08-20T13:31:00,19.5,2022-08-20T05:49:00,76,46.0,2022-08-20T11:02:00,0.9,64,6.3,199.0,2022-08-20T12:38:00,0.5,,,,,,,,,,,,,,,,,,,,,,,0.5,2022-08-20T18:00:00,,,0,,93.0,2022-08-20T23:52:00,,,,,,,,,,,,,,,,,,,,,,,,,,,,,,,,,,,,,,,,,,,,,,,,,,,,,,,,,,,,,,,,,,,
2022-08-21,930.4,932.7,2022-08-21T00:01:00,928.1,2022-08-21T15:42:00,25.5,31.5,2022-08-21T12:21:00,20.0,2022-08-21T05:22:00,75,46.0,2022-08-21T11:11:00,0.9,228,6.7,226.0,2022-08-21T15:12:00,0.0,,,,,,,,,,,,,,,,,,,,,,,0.0,,,,0,,94.0,2022-08-21T00:33:00,,,,,,,,,,,,,,,,,,,,,,,,,,,,,,,,,,,,,,,,,,,,,,,,,,,,,,,,,,,,,,,,,,,
2022-08-22,928.7,930.1,2022-08-22T00:01:00,927.0,2022-08-22T16:01:00,25.5,32.2,2022-08-22T12:51:00,19.0,2022-08-22T05:31:00,73,39.0,2022-08-22T10:01:00,0.7,165,6.4,190.0,2022-08-22T14:51:00,0.0,,,,,,,,,,,,,,,,,,,,,,,0.0,,,,0,,91.0,2022-08-22T05:24:00,,,,,,,,,,,,,,,,,,,,,,,,,,,,,,,,,,,,,,,,,,,,,,,,,,,,,,,,,,,,,,,,,,,
2022-08-23,927.8,929.1,2022-08-23T05:51:00,925.3,2022-08-23T17:12:00,25.6,31.7,2022-08-23T11:51:00,18.3,2022-08-23T05:23:00,71,38.0,2022-08-23T09:13:00,1.0,229,6.7,217.0,2022-08-23T13:10:00,0.0,,,,,,,,,,,,,,,,,,,,,,,0.0,,,,0,,89.0,2022-08-23T01:11:00,,,,,,,,,,,,,,,,,,,,,,,,,,,,,,,,,,,,,,,,,,,,,,,,,,,,,,,,,,,,,,,,,,,
2022-08-24,928.8,932.5,2022-08-24T23:53:00,925.8,2022-08-24T03:24:00,24.5,30.2,2022-08-24T11:24:00,22.2,2022-08-24T23:32:00,84,55.0,2022-08-24T11:22:00,0.5,163,6.5,225.0,2022-08-24T11:41:00,1.0,,,,,,,,,,,,,,,,,,,,,,,0.5,2022-08-24T14:00:00,,,0,,93.0,2022-08-24T19:04:00,,,,,,,,,,,,,,,,,,,,,,,,,,,,,,,,,,,,,,,,,,,,,,,,,,,,,,,,,,,,,,,,,,,
2022-08-25,932.8,935.2,2022-08-25T22:09:00,931.2,2022-08-25T15:32:00,25.4,31.7,2022-08-25T12:04:00,20.0,2022-08-25T05:18:00,74,42.0,2022-08-25T12:21:00,0.9,58,7.9,205.0,2022-08-25T15:11:00,2.0,,,,,,,,,,,,,,,,,,,,,,,2.0,2022-08-25T16:00:00,,,0,,91.0,2022-08-25T05:31:00,,,,,,,,,,,,,,,,,,,,,,,,,,,,,,,,,,,,,,,,,,,,,,,,,,,,,,,,,,,,,,,,,,,
2022-08-26,933.0,935.0,2022-08-26T00:01:00,930.5,2022-08-26T14:09:00,24.1,32.2,2022-08-26T14:23:00,20.0,2022-08-26T05:08:00,76,42.0,2022-08-26T10:29:00,0.9,64,7.9,267.0,2022-08-26T13:46:00,6.5,,,,,,,,,,,,,,,,,,,,,,,5.5,2022-08-26T17:00:00,,,0,,93.0,2022-08-26T19:33:00,,,,,,,,,,,,,,,,,,,,,,,,,,,,,,,,,,,,,,,,,,,,,,,,,,,,,,,,,,,,,,,,,,,
2022-08-27,931.2,934.0,2022-08-27T00:01:00,928.5,2022-08-27T14:23:00,23.7,32.0,2022-08-27T13:05:00,18.7,2022-08-27T04:53:00,78,40.0,2022-08-27T10:35:00,0.6,57,6.9,256.0,2022-08-27T13:42:00,7.0,,,,,,,,,,,,,,,,,,,,,,,6.5,2022-08-27T16:00:00,,,0,,92.0,2022-08-27T16:53:00,,,,,,,,,,,,,,,,,,,,,,,,,,,,,,,,,,,,,,,,,,,,,,,,,,,,,,,,,,,,,,,,,,,
2022-08-28,931.6,933.3,2022-08-28T21:11:00,930.0,2022-08-28T13:12:00,23.1,30.5,2022-08-28T11:14:00,19.1,2022-08-28T05:41:00,84,49.0,2022-08-28T09:31:00,0.6,222,7.5,269.0,2022-08-28T14:44:00,14.5,,,,,,,,,,,,,,,,,,,,,,,8.5,2022-08-28T17:00:00,,,0,,96.0,2022-08-28T23:51:00,,,,,,,,,,,,,,,,,,,,,,,,,,,,,,,,,,,,,,,,,,,,,,,,,,,,,,,,,,,,,,,,,,,
2022-08-29,932.2,933.3,2022-08-29T21:11:00,930.7,2022-08-29T15:11:00,24.0,29.0,2022-08-29T14:24:00,19.5,2022-08-29T05:34:00,83,57.0,2022-08-29T10:06:00,0.7,204,5.6,220.0,2022-08-29T10:30:00,0.0,,,,,,,,,,,,,,,,,,,,,,,0.0,,,,0,,96.0,2022-08-29T00:51:00,,,,,,,,,,,,,,,,,,,,,,,,,,,,,,,,,,,,,,,,,,,,,,,,,,,,,,,,,,,,,,,,,,,
2022-08-30,930.5,933.0,2022-08-30T00:01:00,928.3,2022-08-30T15:21:00,24.8,30.5,2022-08-30T12:42:00,20.3,2022-08-30T06:21:00,80,57.0,2022-08-30T09:45:00,0.9,186,6.2,259.0,2022-08-30T11:07:00,0.0,,,,,,,,,,,,,,,,,,,,,,,0.0,,,,0,,94.0,2022-08-30T04:31:00,,,,,,,,,,,,,,,,,,,,,,,,,,,,,,,,,,,,,,,,,,,,,,,,,,,,,,,,,,,,,,,,,,,
2022-08-31,928.3,930.1,2022-08-31T00:01:00,926.0,2022-08-31T15:41:00,24.9,30.6,2022-08-31T12:53:00,19.5,2022-08-31T06:01:00,79,48.0,2022-08-31T10:13:00,0.9,224,6.0,265.0,2022-08-31T14:09:00,4.5,,,,,,,,,,,,,,,,,,,,,,,2.5,2022-08-31T23:59:00,,,0,,94.0,2022-08-31T23:57:00,,,,,,,,,,,,,,,,,,,,,,,,,,,,,,,,,,,,,,,,,,,,,,,,,,,,,,,,,,,,,,,,,,,
2022-09-01,926.2,929.5,2022-09-01T00:14:00,923.6,2022-09-01T19:21:00,24.8,28.8,2022-09-01T09:55:00,21.5,2022-09-01T05:21:00,86,63.0,2022-09-01T10:01:00,0.7,74,5.1,209.0,2022-09-01T12:36:00,0.0,,,,,,,,,,,,,,,,,,,,,,,0.0,,,,0,,96.0,2022-09-01T05:51:00,,,,,,,,,,,,,,,,,,,,,,,,,,,,,,,,,,,,,,,,,,,,,,,,,,,,,,,,,,,,,,,,,,,
2022-09-02,921.1,929.8,2022-09-02T17:51:00,919.2,2022-09-02T16:19:00,24.7,28.8,2022-09-02T11:51:00,21.7,2022-09-02T05:52:00,83,65.0,2022-09-02T12:11:00,0.9,241,5.7,213.0,2022-09-02T13:08:00,0.0,,,,,,,,,,,,,,,,,,,,,,,0.0,,,,0,,95.0,2022-09-02T00:04:00,,,,,,,,,,,,,,,,,,,,,,,,,,,,,,,,,,,,,,,,,,,,,,,,,,,,,,,,,,,,,,,,,,,
2022-09-03,918.4,920.0,2022-09-03T23:35:00,916.1,2022-09-03T13:43:00,24.3,29.0,2022-09-03T10:21:00,22.6,2022-09-03T23:25:00,89,61.0,2022-09-03T10:23:00,0.7,156,5.7,198.0,2022-09-03T11:43:00,23.0,,,,,,,,,,,,,,,,,,,,,,,9.0,2022-09-03T22:00:00,,,0,,97.0,2022-09-03T23:56:00,,,,,,,,,,,,,,,,,,,,,,,,,,,,,,,,,,,,,,,,,,,,,,,,,,,,,,,,,,,,,,,,,,,
2022-09-04,922.5,925.6,2022-09-04T21:22:00,919.3,2022-09-04T01:51:00,22.4,24.3,2022-09-04T15:24:00,21.2,2022-09-04T23:12:00,95,85.0,2022-09-04T15:22:00,0.7,121,5.5,267.0,2022-09-04T04:18:00,24.0,,,,,,,,,,,,,,,,,,,,,,,6.0,2022-09-04T01:00:00,,,0,,97.0,2022-09-04T01:56:00,,,,,,,,,,,,,,,,,,,,,,,,,,,,,,,,,,,,,,,,,,,,,,,,,,,,,,,,,,,,,,,,,,,
2022-09-05,926.8,930.0,2022-09-05T22:04:00,924.7,2022-09-05T02:31:00,24.1,29.3,2022-09-05T11:42:00,21.2,2022-09-05T00:01:00,85,62.0,2022-09-05T11:51:00,0.7,211,5.9,269.0,2022-09-05T11:07:00,0.0,,,,,,,,,,,,,,,,,,,,,,,0.0,,,,0,,97.0,2022-09-05T06:41:00,,,,,,,,,,,,,,,,,,,,,,,,,,,,,,,,,,,,,,,,,,,,,,,,,,,,,,,,,,,,,,,,,,,
2022-09-06,931.9,935.5,2022-09-06T22:23:00,928.7,2022-09-06T01:51:00,24.4,29.5,2022-09-06T13:33:00,21.5,2022-09-06T03:15:00,85,62.0,2022-09-06T14:14:00,0.8,221,5.9,210.0,2022-09-06T11:33:00,1.0,,,,,,,,,,,,,,,,,,,,,,,1.0,2022-09-06T19:00:00,,,0,,95.0,2022-09-06T06:21:00,,,,,,,,,,,,,,,,,,,,,,,,,,,,,,,,,,,,,,,,,,,,,,,,,,,,,,,,,,,,,,,,,,,
2022-09-07,935.4,936.8,2022-09-07T21:21:00,934.0,2022-09-07T02:54:00,22.5,29.8,2022-09-07T11:21:00,19.8,2022-09-07T23:44:00,88,56.0,2022-09-07T10:08:00,0.4,63,5.6,252.0,2022-09-07T10:17:00,8.0,,,,,,,,,,,,,,,,,,,,,,,3.5,2022-09-07T14:00:00,,,0,,95.0,2022-09-07T21:01:00,,,,,,,,,,,,,,,,,,,,,,,,,,,,,,,,,,,,,,,,,,,,,,,,,,,,,,,,,,,,,,,,,,,
2022-09-08,934.4,936.5,2022-09-08T00:01:00,931.8,2022-09-08T15:26:00,23.0,29.1,2022-09-08T13:35:00,18.6,2022-09-08T05:41:00,85,54.0,2022-09-08T11:01:00,0.9,222,6.1,220.0,2022-09-08T15:07:00,1.5,,,,,,,,,,,,,,,,,,,,,,,1.5,2022-09-08T16:00:00,,,0,,95.0,2022-09-08T23:53:00,,,,,,,,,,,,,,,,,,,,,,,,,,,,,,,,,,,,,,,,,,,,,,,,,,,,,,,,,,,,,,,,,,,
2022-09-09,932.8,934.8,2022-09-09T00:03:00,930.3,2022-09-09T15:44:00,24.2,29.5,2022-09-09T12:42:00,19.1,2022-09-09T06:23:00,80,53.0,2022-09-09T09:34:00,1.1,230,6.0,271.0,2022-09-09T15:22:00,0.5,,,,,,,,,,,,,,,,,,,,,,,0.5,2022-09-09T01:00:00,,,0,,96.0,2022-09-09T02:51:00,,,,,,,,,,,,,,,,,,,,,,,,,,,,,,,,,,,,,,,,,,,,,,,,,,,,,,,,,,,,,,,,,,,
2022-09-10,931.2,933.5,2022-09-10T00:01:00,929.0,2022-09-10T14:35:00,23.9,28.8,2022-09-10T13:21:00,19.0,2022-09-10T06:11:00,80,54.0,2022-09-10T09:41:00,0.9,223,6.0,268.0,2022-09-10T14:35:00,0.0,,,,,,,,,,,,,,,,,,,,,,,0.0,,,,0,,94.0,2022-09-10T03:22:00,,,,,,,,,,,,,,,,,,,,,,,,,,,,,,,,,,,,,,,,,,,,,,,,,,,,,,,,,,,,,,,,,,,
2022-09-11,927.9,931.3,2022-09-11T00:01:00,925.8,2022-09-11T15:24:00,23.5,28.2,2022-09-11T12:13:00,19.8,2022-09-11T04:31:00,81,53.0,2022-09-11T09:43:00,0.7,222,5.2,219.0,2022-09-11T10:48:00,0.0,,,,,,,,,,,,,,,,,,,,,,,0.0,,,,0,,93.0,2022-09-11T01:02:00,,,,,,,,,,,,,,,,,,,,,,,,,,,,,,,,,,,,,,,,,,,,,,,,,,,,,,,,,,,,,,,,,,,
2022-09-12,925.0,926.6,2022-09-12T00:01:00,923.1,2022-09-12T15:21:00,23.5,29.1,2022-09-12T13:55:00,10.0,2022-09-12T03:44:00,79,55.0,2022-09-12T13:55:00,0.8,63,5.8,267.0,2022-09-12T10:37:00,0.0,,,,,,,,,,,,,,,,,,,,,,,0.0,,,,0,,94.0,2022-09-12T05:01:00,,,,,,,,,,,,,,,,,,,,,,,,,,,,,,,,,,,,,,,,,,,,,,,,,,,,,,,,,,,,,,,,,,,
2022-09-13,926.3,928.0,2022-09-13T22:21:00,925.0,2022-09-13T15:21:00,23.2,29.1,2022-09-13T13:51:00,19.3,2022-09-13T05:41:00,78,52.0,2022-09-13T13:47:00,0.8,229,6.3,215.0,2022-09-13T12:53:00,0.0,,,,,,,,,,,,,,,,,,,,,,,0.0,,,,0,,93.0,2022-09-13T22:31:00,,,,,,,,,,,,,,,,,,,,,,,,,,,,,,,,,,,,,,,,,,,,,,,,,,,,,,,,,,,,,,,,,,,
2022-09-14,927.1,928.6,2022-09-14T07:43:00,925.0,2022-09-14T15:26:00,23.2,31.1,2022-09-14T12:42:00,16.7,2022-09-14T05:54:00,71,43.0,2022-09-14T09:22:00,0.7,228,6.5,211.0,2022-09-14T13:20:00,0.0,,,,,,,,,,,,,,,,,,,,,,,0.0,,,,0,,92.0,2022-09-14T00:12:00,,,,,,,,,,,,,,,,,,,,,,,,,,,,,,,,,,,,,,,,,,,,,,,,,,,,,,,,,,,,,,,,,,,
2022-09-15,927.1,928.5,2022-09-15T21:34:00,924.8,2022-09-15T14:22:00,23.1,30.6,2022-09-15T12:15:00,17.1,2022-09-15T05:16:00,77,40.0,2022-09-15T10:11:00,0.6,245,7.8,259.0,2022-09-15T13:15:00,0.0,,,,,,,,,,,,,,,,,,,,,,,0.0,,,,0,,94.0,2022-09-15T23:51:00,,,,,,,,,,,,,,,,,,,,,,,,,,,,,,,,,,,,,,,,,,,,,,,,,,,,,,,,,,,,,,,,,,,
2022-09-16,927.3,928.5,2022-09-16T06:52:00,926.0,2022-09-16T16:21:00,22.6,29.6,2022-09-16T12:02:00,18.0,2022-09-16T05:46:00,79,43.0,2022-09-16T10:03:00,0.6,63,5.7,225.0,2022-09-16T12:35:00,0.0,,,,,,,,,,,,,,,,,,,,,,,0.0,,,,0,,94.0,2022-09-16T02:41:00,,,,,,,,,,,,,,,,,,,,,,,,,,,,,,,,,,,,,,,,,,,,,,,,,,,,,,,,,,,,,,,,,,,
2022-09-17,927.4,929.1,2022-09-17T07:14:00,925.0,2022-09-17T14:54:00,23.5,30.0,2022-09-17T12:31:00,19.2,2022-09-17T23:31:00,76,50.0,2022-09-17T12:12:00,0.7,60,6.0,218.0,2022-09-17T13:12:00,0.0,,,,,,,,,,,,,,,,,,,,,,,0.0,,,,0,,92.0,2022-09-17T22:21:00,,,,,,,,,,,,,,,,,,,,,,,,,,,,,,,,,,,,,,,,,,,,,,,,,,,,,,,,,,,,,,,,,,,
2022-09-18,927.8,929.7,2022-09-18T21:56:00,925.6,2022-09-18T14:33:00,22.8,29.1,2022-09-18T11:51:00,16.8,2022-09-18T06:04:00,74,40.0,2022-09-18T09:43:00,0.9,221,6.4,203.0,2022-09-18T13:11:00,0.0,,,,,,,,,,,,,,,,,,,,,,,0.0,,,,0,,91.0,2022-09-18T04:31:00,,,,,,,,,,,,,,,,,,,,,,,,,,,,,,,,,,,,,,,,,,,,,,,,,,,,,,,,,,,,,,,,,,,
2022-09-19,929.0,931.0,2022-09-19T21:20:00,926.6,2022-09-19T14:13:00,22.1,29.7,2022-09-19T11:51:00,16.5,2022-09-19T05:41:00,77,37.0,2022-09-19T10:06:00,0.5,180,6.1,216.0,2022-09-19T12:29:00,1.0,,,,,,,,,,,,,,,,,,,,,,,0.5,2022-09-19T15:00:00,,,0,,94.0,2022-09-19T21:41:00,,,,,,,,,,,,,,,,,,,,,,,,,,,,,,,,,,,,,,,,,,,,,,,,,,,,,,,,,,,,,,,,,,,
2022-09-20,930.0,932.5,2022-09-20T22:01:00,928.2,2022-09-20T15:14:00,22.2,28.5,2022-09-20T12:03:00,19.2,2022-09-20T20:51:00,82,53.0,2022-09-20T12:11:00,0.7,67,5.4,210.0,2022-09-20T15:40:00,0.5,,,,,,,,,,,,,,,,,,,,,,,0.5,2022-09-20T21:00:00,,,0,,93.0,2022-09-20T20:17:00,,,,,,,,,,,,,,,,,,,,,,,,,,,,,,,,,,,,,,,,,,,,,,,,,,,,,,,,,,,,,,,,,,,
2022-09-21,931.3,933.1,2022-09-21T22:01:00,929.3,2022-09-21T15:02:00,23.3,28.7,2022-09-21T14:01:00,19.5,2022-09-21T04:54:00,77,54.0,2022-09-21T10:41:00,0.9,218,6.2,209.0,2022-09-21T13:08:00,0.0,,,,,,,,,,,,,,,,,,,,,,,0.0,,,,0,,95.0,2022-09-21T06:44:00,,,,,,,,,,,,,,,,,,,,,,,,,,,,,,,,,,,,,,,,,,,,,,,,,,,,,,,,,,,,,,,,,,,
2022-09-22,931.5,933.0,2022-09-22T00:01:00,929.3,2022-09-22T14:43:00,23.0,28.5,2022-09-22T11:21:00,18.3,2022-09-22T06:41:00,80,53.0,2022-09-22T10:42:00,0.9,231,6.8,207.0,2022-09-22T11:42:00,0.0,,,,,,,,,,,,,,,,,,,,,,,0.0,,,,0,,94.0,2022-09-22T05:31:00,,,,,,,,,,,,,,,,,,,,,,,,,,,,,,,,,,,,,,,,,,,,,,,,,,,,,,,,,,,,,,,,,,,
2022-09-23,931.3,932.8,2022-09-23T21:22:00,929.6,2022-09-23T15:02:00,23.1,28.6,2022-09-23T10:04:00,20.0,2022-09-23T05:51:00,80,51.0,2022-09-23T09:54:00,0.9,218,7.9,268.0,2022-09-23T11:53:00,0.0,,,,,,,,,,,,,,,,,,,,,,,0.0,,,,0,,94.0,2022-09-23T02:19:00,,,,,,,,,,,,,,,,,,,,,,,,,,,,,,,,,,,,,,,,,,,,,,,,,,,,,,,,,,,,,,,,,,,
2022-09-24,930.7,932.6,2022-09-24T00:01:00,928.7,2022-09-24T14:16:00,23.5,29.5,2022-09-24T13:03:00,19.8,2022-09-24T04:51:00,79,52.0,2022-09-24T13:08:00,1.0,140,6.3,266.0,2022-09-24T11:30:00,0.0,,,,,,,,,,,,,,,,,,,,,,,0.0,,,,0,,94.0,2022-09-24T06:51:00,,,,,,,,,,,,,,,,,,,,,,,,,,,,,,,,,,,,,,,,,,,,,,,,,,,,,,,,,,,,,,,,,,,
2022-09-25,930.5,931.8,2022-09-25T07:46:00,928.8,2022-09-25T14:43:00,24.4,31.0,2022-09-25T13:24:00,19.3,2022-09-25T06:22:00,78,49.0,2022-09-25T09:51:00,0.7,75,5.5,227.0,2022-09-25T15:39:00,0.0,,,,,,,,,,,,,,,,,,,,,,,0.0,,,,0,,93.0,2022-09-25T01:53:00,,,,,,,,,,,,,,,,,,,,,,,,,,,,,,,,,,,,,,,,,,,,,,,,,,,,,,,,,,,,,,,,,,,
2022-09-26,930.1,931.5,2022-09-26T08:21:00,928.0,2022-09-26T14:01:00,24.7,31.0,2022-09-26T12:42:00,19.5,2022-09-26T05:01:00,76,47.0,2022-09-26T10:57:00,1.0,223,6.3,215.0,2022-09-26T13:04:00,0.0,,,,,,,,,,,,,,,,,,,,,,,0.0,,,,0,,93.0,2022-09-26T05:21:00,,,,,,,,,,,,,,,,,,,,,,,,,,,,,,,,,,,,,,,,,,,,,,,,,,,,,,,,,,,,,,,,,,,
2022-09-27,930.2,931.5,2022-09-27T21:42:00,928.2,2022-09-27T14:45:00,24.3,31.2,2022-09-27T13:13:00,16.1,2022-09-27T06:31:00,69,27.0,2022-09-27T10:21:00,1.0,221,6.7,214.0,2022-09-27T13:57:00,0.0,,,,,,,,,,,,,,,,,,,,,,,0.0,,,,0,,89.0,2022-09-27T03:51:00,,,,,,,,,,,,,,,,,,,,,,,,,,,,,,,,,,,,,,,,,,,,,,,,,,,,,,,,,,,,,,,,,,,
2022-09-28,930.6,932.5,2022-09-28T23:07:00,928.5,2022-09-28T14:22:00,24.9,31.1,2022-09-28T13:02:00,17.7,2022-09-28T06:31:00,71,36.0,2022-09-28T09:41:00,1.1,218,6.4,215.0,2022-09-28T12:14:00,0.0,,,,,,,,,,,,,,,,,,,,,,,0.0,,,,0,,90.0,2022-09-28T00:41:00,,,,,,,,,,,,,,,,,,,,,,,,,,,,,,,,,,,,,,,,,,,,,,,,,,,,,,,,,,,,,,,,,,,
2022-09-29,932.6,934.7,2022-09-29T22:17:00,931.0,2022-09-29T14:51:00,24.9,30.8,2022-09-29T12:01:00,19.6,2022-09-29T06:11:00,75,45.0,2022-09-29T10:14:00,1.0,216,7.1,267.0,2022-09-29T15:09:00,0.0,,,,,,,,,,,,,,,,,,,,,,,0.0,,,,0,,92.0,2022-09-29T23:41:00,,,,,,,,,,,,,,,,,,,,,,,,,,,,,,,,,,,,,,,,,,,,,,,,,,,,,,,,,,,,,,,,,,,
2022-09-30,934.6,936.2,2022-09-30T21:32:00,932.8,2022-09-30T13:57:00,24.6,30.6,2022-09-30T12:13:00,18.0,2022-09-30T06:19:00,73,42.0,2022-09-30T09:32:00,1.0,203,6.5,223.0,2022-09-30T14:15:00,0.0,,,,,,,,,,,,,,,,,,,,,,,0.0,,,,0,,92.0,2022-09-30T00:01:00,,,,,,,,,,,,,,,,,,,,,,,,,,,,,,,,,,,,,,,,,,,,,,,,,,,,,,,,,,,,,,,,,,,
2022-10-01,935.1,936.1,2022-10-01T07:38:00,933.6,2022-10-01T14:02:00,25.1,31.3,2022-10-01T13:14:00,18.2,2022-10-01T05:11:00,69,30.0,2022-10-01T10:04:00,1.0,226,6.4,226.0,2022-10-01T14:52:00,0.0,,,,,,,,,,,,,,,,,,,,,,,0.0,,,,0,,90.0,2022-10-01T00:13:00,,,,,,,,,,,,,,,,,,,,,,,,,,,,,,,,,,,,,,,,,,,,,,,,,,,,,,,,,,,,,,,,,,,
2022-10-02,935.0,936.3,2022-10-02T21:03:00,933.5,2022-10-02T13:53:00,25.4,31.5,2022-10-02T11:52:00,19.7,2022-10-02T06:01:00,72,44.0,2022-10-02T09:42:00,0.9,60,7.1,137.0,2022-10-02T13:20:00,0.0,,,,,,,,,,,,,,,,,,,,,,,0.0,,,,0,,90.0,2022-10-02T00:12:00,,,,,,,,,,,,,,,,,,,,,,,,,,,,,,,,,,,,,,,,,,,,,,,,,,,,,,,,,,,,,,,,,,,
2022-10-03,934.8,936.0,2022-10-03T07:26:00,933.0,2022-10-03T14:45:00,24.8,31.2,2022-10-03T13:01:00,18.3,2022-10-03T05:51:00,72,42.0,2022-10-03T10:51:00,1.0,225,7.0,268.0,2022-10-03T12:10:00,0.0,,,,,,,,,,,,,,,,,,,,,,,0.0,,,,0,,89.0,2022-10-03T06:15:00,,,,,,,,,,,,,,,,,,,,,,,,,,,,,,,,,,,,,,,,,,,,,,,,,,,,,,,,,,,,,,,,,,,
2022-10-04,934.8,936.5,2022-10-04T07:16:00,932.6,2022-10-04T14:26:00,24.8,31.0,2022-10-04T12:31:00,17.7,2022-10-04T05:41:00,68,36.0,2022-10-04T10:16:00,1.0,210,6.5,208.0,2022-10-04T13:41:00,0.0,,,,,,,,,,,,,,,,,,,,,,,0.0,,,,0,,86.0,2022-10-04T05:14:00,,,,,,,,,,,,,,,,,,,,,,,,,,,,,,,,,,,,,,,,,,,,,,,,,,,,,,,,,,,,,,,,,,,
2022-10-05,935.3,936.8,2022-10-05T22:31:00,933.1,2022-10-05T15:56:00,24.7,31.5,2022-10-05T12:21:00,18.5,2022-10-05T05:51:00,72,45.0,2022-10-05T08:41:00,1.0,213,6.4,261.0,2022-10-05T12:43:00,0.0,,,,,,,,,,,,,,,,,,,,,,,0.0,,,,0,,90.0,2022-10-05T21:52:00,,,,,,,,,,,,,,,,,,,,,,,,,,,,,,,,,,,,,,,,,,,,,,,,,,,,,,,,,,,,,,,,,,,
2022-10-06,935.6,937.1,2022-10-06T08:13:00,933.3,2022-10-06T14:31:00,24.2,30.7,2022-10-06T11:31:00,17.6,2022-10-06T05:22:00,71,40.0,2022-10-06T09:12:00,1.0,64,6.5,189.0,2022-10-06T12:51:00,0.0,,,,,,,,,,,,,,,,,,,,,,,0.0,,,,0,,89.0,2022-10-06T23:46:00,,,,,,,,,,,,,,,,,,,,,,,,,,,,,,,,,,,,,,,,,,,,,,,,,,,,,,,,,,,,,,,,,,,
2022-10-07,935.0,936.6,2022-10-07T00:01:00,932.3,2022-10-07T14:21:00,24.2,31.0,2022-10-07T13:11:00,19.7,2022-10-07T05:36:00,77,49.0,2022-10-07T09:31:00,0.9,227,5.8,224.0,2022-10-07T11:57:00,0.0,,,,,,,,,,,,,,,,,,,,,,,0.0,,,,0,,94.0,2022-10-07T23:11:00,,,,,,,,,,,,,,,,,,,,,,,,,,,,,,,,,,,,,,,,,,,,,,,,,,,,,,,,,,,,,,,,,,,
2022-10-08,935.1,936.5,2022-10-08T00:01:00,933.2,2022-10-08T15:01:00,23.2,28.1,2022-10-08T11:21:00,20.1,2022-10-08T07:22:00,86,58.0,2022-10-08T10:45:00,0.8,218,6.8,262.0,2022-10-08T12:52:00,17.0,,,,,,,,,,,,,,,,,,,,,,,4.0,2022-10-08T01:00:00,,,0,,96.0,2022-10-08T23:31:00,,,,,,,,,,,,,,,,,,,,,,,,,,,,,,,,,,,,,,,,,,,,,,,,,,,,,,,,,,,,,,,,,,,
2022-10-09,935.5,936.7,2022-10-09T07:31:00,933.2,2022-10-09T15:36:00,23.6,29.6,2022-10-09T12:12:00,21.0,2022-10-09T04:11:00,86,58.0,2022-10-09T12:15:00,0.9,159,5.0,224.0,2022-10-09T12:39:00,20.5,,,,,,,,,,,,,,,,,,,,,,,9.0,2022-10-09T01:00:00,,,0,,97.0,2022-10-09T08:01:00,,,,,,,,,,,,,,,,,,,,,,,,,,,,,,,,,,,,,,,,,,,,,,,,,,,,,,,,,,,,,,,,,,,
2022-10-10,934.7,936.5,2022-10-10T00:01:00,932.5,2022-10-10T14:23:00,22.8,27.2,2022-10-10T11:51:00,19.7,2022-10-10T05:41:00,82,62.0,2022-10-10T11:51:00,0.9,141,5.7,217.0,2022-10-10T15:29:00,0.0,,,,,,,,,,,,,,,,,,,,,,,0.0,,,,0,,94.0,2022-10-10T03:01:00,,,,,,,,,,,,,,,,,,,,,,,,,,,,,,,,,,,,,,,,,,,,,,,,,,,,,,,,,,,,,,,,,,,
2022-10-11,933.6,935.1,2022-10-11T00:01:00,931.5,2022-10-11T14:11:00,21.1,26.5,2022-10-11T11:51:00,10.0,2022-10-11T18:31:00,82,56.0,2022-10-11T11:51:00,1.0,232,7.6,207.0,2022-10-11T13:29:00,0.0,,,,,,,,,,,,,,,,,,,,,,,0.0,,,,0,,93.0,2022-10-11T05:31:00,,,,,,,,,,,,,,,,,,,,,,,,,,,,,,,,,,,,,,,,,,,,,,,,,,,,,,,,,,,,,,,,,,,
2022-10-12,932.6,933.8,2022-10-12T09:03:00,930.5,2022-10-12T14:23:00,22.5,29.1,2022-10-12T12:52:00,17.7,2022-10-12T06:11:00,78,50.0,2022-10-12T11:01:00,0.8,227,6.0,225.0,2022-10-12T14:37:00,0.0,,,,,,,,,,,,,,,,,,,,,,,0.0,,,,0,,92.0,2022-10-12T04:21:00,,,,,,,,,,,,,,,,,,,,,,,,,,,,,,,,,,,,,,,,,,,,,,,,,,,,,,,,,,,,,,,,,,,
2022-10-13,932.0,933.6,2022-10-13T08:16:00,929.7,2022-10-13T14:43:00,22.8,29.1,2022-10-13T12:52:00,16.5,2022-10-13T05:58:00,75,48.0,2022-10-13T10:32:00,1.2,226,6.1,222.0,2022-10-13T15:40:00,0.0,,,,,,,,,,,,,,,,,,,,,,,0.0,,,,0,,94.0,2022-10-13T07:01:00,,,,,,,,,,,,,,,,,,,,,,,,,,,,,,,,,,,,,,,,,,,,,,,,,,,,,,,,,,,,,,,,,,,
2022-10-14,930.5,932.7,2022-10-14T07:24:00,927.7,2022-10-14T15:21:00,23.7,29.8,2022-10-14T13:13:00,18.6,2022-10-14T06:11:00,74,48.0,2022-10-14T12:13:00,1.1,204,7.5,275.0,2022-10-14T13:10:00,0.0,,,,,,,,,,,,,,,,,,,,,,,0.0,,,,0,,91.0,2022-10-14T03:46:00,,,,,,,,,,,,,,,,,,,,,,,,,,,,,,,,,,,,,,,,,,,,,,,,,,,,,,,,,,,,,,,,,,,
2022-10-15,928.1,930.0,2022-10-15T00:01:00,926.0,2022-10-15T15:33:00,23.2,29.5,2022-10-15T15:19:00,18.5,2022-10-15T05:02:00,77,47.0,2022-10-15T12:54:00,0.3,94,3.7,272.0,2022-10-15T16:30:00,0.0,,,,,,,,,,,,,,,,,,,,,,,0.0,,,,0,,91.0,2022-10-15T05:02:00,,,,,,,,,,,,,,,,,,,,,,,,,,,,,,,,,,,,,,,,,,,,,,,,,,,,,,,,,,,,,,,,,,,
2022-10-16,926.3,928.2,2022-10-16T08:08:00,924.0,2022-10-16T15:02:00,22.5,26.5,2022-10-16T15:21:00,20.5,2022-10-16T05:21:00,89,75.0,2022-10-16T15:31:00,0.2,0,3.7,77.0,2022-10-16T20:04:00,17.5,,,,,,,,,,,,,,,,,,,,,,,5.0,2022-10-16T08:00:00,,,0,,96.0,2022-10-16T09:18:00,,,,,,,,,,,,,,,,,,,,,,,,,,,,,,,,,,,,,,,,,,,,,,,,,,,,,,,,,,,,,,,,,,,
2022-10-17,927.7,929.6,2022-10-17T22:41:00,926.1,2022-10-17T14:11:00,23.7,30.0,2022-10-17T11:29:00,20.0,2022-10-17T05:51:00,83,54.0,2022-10-17T11:26:00,0.8,150,6.1,209.0,2022-10-17T13:33:00,0.0,,,,,,,,,,,,,,,,,,,,,,,0.0,,,,0,,93.0,2022-10-17T22:13:00,,,,,,,,,,,,,,,,,,,,,,,,,,,,,,,,,,,,,,,,,,,,,,,,,,,,,,,,,,,,,,,,,,,
2022-10-18,930.9,933.5,2022-10-18T22:01:00,928.6,2022-10-18T00:54:00,22.5,26.8,2022-10-18T14:52:00,19.6,2022-10-18T23:01:00,86,67.0,2022-10-18T10:51:00,1.0,129,6.3,211.0,2022-10-18T15:22:00,0.0,,,,,,,,,,,,,,,,,,,,,,,0.0,,,,0,,96.0,2022-10-18T23:45:00,,,,,,,,,,,,,,,,,,,,,,,,,,,,,,,,,,,,,,,,,,,,,,,,,,,,,,,,,,,,,,,,,,,
2022-10-19,934.1,936.3,2022-10-19T22:12:00,932.3,2022-10-19T03:01:00,21.2,24.2,2022-10-19T12:02:00,18.8,2022-10-19T06:21:00,86,70.0,2022-10-19T10:52:00,0.8,178,3.9,209.0,2022-10-19T09:52:00,0.0,,,,,,,,,,,,,,,,,,,,,,,0.0,,,,0,,97.0,2022-10-19T02:51:00,,,,,,,,,,,,,,,,,,,,,,,,,,,,,,,,,,,,,,,,,,,,,,,,,,,,,,,,,,,,,,,,,,,
2022-10-20,936.0,937.3,2022-10-20T22:23:00,934.5,2022-10-20T14:17:00,22.4,28.0,2022-10-20T14:01:00,18.5,2022-10-20T06:11:00,80,56.0,2022-10-20T14:01:00,1.0,210,5.6,271.0,2022-10-20T15:12:00,0.0,,,,,,,,,,,,,,,,,,,,,,,0.0,,,,0,,95.0,2022-10-20T05:13:00,,,,,,,,,,,,,,,,,,,,,,,,,,,,,,,,,,,,,,,,,,,,,,,,,,,,,,,,,,,,,,,,,,,
2022-10-21,935.2,937.0,2022-10-21T07:11:00,932.7,2022-10-21T14:33:00,23.1,29.1,2022-10-21T12:51:00,18.3,2022-10-21T06:41:00,79,53.0,2022-10-21T10:25:00,0.7,226,6.2,213.0,2022-10-21T13:08:00,0.0,,,,,,,,,,,,,,,,,,,,,,,0.0,,,,0,,94.0,2022-10-21T04:51:00,,,,,,,,,,,,,,,,,,,,,,,,,,,,,,,,,,,,,,,,,,,,,,,,,,,,,,,,,,,,,,,,,,,
2022-10-22,934.6,936.5,2022-10-22T09:08:00,932.8,2022-10-22T03:32:00,22.2,27.2,2022-10-22T15:12:00,20.1,2022-10-22T23:21:00,85,56.0,2022-10-22T15:26:00,0.3,128,7.4,220.0,2022-10-22T11:18:00,0.0,,,,,,,,,,,,,,,,,,,,,,,0.0,,,,0,,93.0,2022-10-22T06:31:00,,,,,,,,,,,,,,,,,,,,,,,,,,,,,,,,,,,,,,,,,,,,,,,,,,,,,,,,,,,,,,,,,,,
2022-10-23,934.4,935.6,2022-10-23T00:01:00,933.0,2022-10-23T15:55:00,22.8,26.5,2022-10-23T10:26:00,18.8,2022-10-23T04:51:00,83,60.0,2022-10-23T09:51:00,0.5,99,4.2,226.0,2022-10-23T11:39:00,0.0,,,,,,,,,,,,,,,,,,,,,,,0.0,,,,0,,94.0,2022-10-23T05:21:00,,,,,,,,,,,,,,,,,,,,,,,,,,,,,,,,,,,,,,,,,,,,,,,,,,,,,,,,,,,,,,,,,,,
2022-10-24,934.3,936.0,2022-10-24T23:14:00,932.7,2022-10-24T02:51:00,22.6,27.7,2022-10-24T11:22:00,19.7,2022-10-24T06:21:00,86,65.0,2022-10-24T11:13:00,1.1,229,6.3,213.0,2022-10-24T12:56:00,1.5,,,,,,,,,,,,,,,,,,,,,,,1.0,2022-10-24T04:00:00,,,0,,96.0,2022-10-24T06:01:00,,,,,,,,,,,,,,,,,,,,,,,,,,,,,,,,,,,,,,,,,,,,,,,,,,,,,,,,,,,,,,,,,,,
2022-10-25,936.1,937.7,2022-10-25T22:00:00,934.7,2022-10-25T14:51:00,21.0,25.0,2022-10-25T12:43:00,18.3,2022-10-25T23:28:00,83,64.0,2022-10-25T12:24:00,1.0,229,6.4,228.0,2022-10-25T12:58:00,0.0,,,,,,,,,,,,,,,,,,,,,,,0.0,,,,0,,93.0,2022-10-25T03:21:00,,,,,,,,,,,,,,,,,,,,,,,,,,,,,,,,,,,,,,,,,,,,,,,,,,,,,,,,,,,,,,,,,,,
2022-10-26,935.8,937.3,2022-10-26T07:54:00,934.0,2022-10-26T15:21:00,20.4,26.8,2022-10-26T12:02:00,17.6,2022-10-26T23:42:00,84,52.0,2022-10-26T12:02:00,1.0,229,5.1,226.0,2022-10-26T12:44:00,1.0,,,,,,,,,,,,,,,,,,,,,,,0.5,2022-10-26T01:00:00,,,0,,96.0,2022-10-26T06:21:00,,,,,,,,,,,,,,,,,,,,,,,,,,,,,,,,,,,,,,,,,,,,,,,,,,,,,,,,,,,,,,,,,,,
2022-10-27,934.6,936.0,2022-10-27T00:01:00,932.5,2022-10-27T14:24:00,21.4,27.1,2022-10-27T13:11:00,17.2,2022-10-27T00:56:00,78,51.0,2022-10-27T11:35:00,0.9,234,6.0,268.0,2022-10-27T13:12:00,0.0,,,,,,,,,,,,,,,,,,,,,,,0.0,,,,0,,95.0,2022-10-27T04:04:00,,,,,,,,,,,,,,,,,,,,,,,,,,,,,,,,,,,,,,,,,,,,,,,,,,,,,,,,,,,,,,,,,,,
2022-10-28,933.4,935.0,2022-10-28T06:57:00,931.6,2022-10-28T15:55:00,22.5,28.2,2022-10-28T13:02:00,18.6,2022-10-28T06:36:00,76,52.0,2022-10-28T10:52:00,0.8,108,5.6,230.0,2022-10-28T14:05:00,0.0,,,,,,,,,,,,,,,,,,,,,,,0.0,,,,0,,91.0,2022-10-28T03:01:00,,,,,,,,,,,,,,,,,,,,,,,,,,,,,,,,,,,,,,,,,,,,,,,,,,,,,,,,,,,,,,,,,,,
2022-10-29,931.6,933.6,2022-10-29T00:01:00,929.1,2022-10-29T15:02:00,22.4,29.0,2022-10-29T13:21:00,16.0,2022-10-29T05:21:00,75,46.0,2022-10-29T10:22:00,0.8,235,5.5,221.0,2022-10-29T14:01:00,0.0,,,,,,,,,,,,,,,,,,,,,,,0.0,,,,0,,92.0,2022-10-29T05:41:00,,,,,,,,,,,,,,,,,,,,,,,,,,,,,,,,,,,,,,,,,,,,,,,,,,,,,,,,,,,,,,,,,,,
2022-10-30,928.9,930.2,2022-10-30T00:01:00,927.0,2022-10-30T14:18:00,21.7,27.3,2022-10-30T14:13:00,17.6,2022-10-30T05:21:00,81,55.0,2022-10-30T14:21:00,0.4,78,3.6,209.0,2022-10-30T15:09:00,0.0,,,,,,,,,,,,,,,,,,,,,,,0.0,,,,0,,94.0,2022-10-30T21:21:00,,,,,,,,,,,,,,,,,,,,,,,,,,,,,,,,,,,,,,,,,,,,,,,,,,,,,,,,,,,,,,,,,,,
2022-10-31,927.5,929.3,2022-10-31T09:23:00,926.0,2022-10-31T04:51:00,20.9,22.7,2022-10-31T12:31:00,19.7,2022-10-31T04:44:00,95,89.0,2022-10-31T12:55:00,0.1,0,2.7,66.0,2022-10-31T04:46:00,23.5,,,,,,,,,,,,,,,,,,,,,,,9.5,2022-10-31T20:00:00,,,0,,97.0,2022-10-31T23:51:00,,,,,,,,,,,,,,,,,,,,,,,,,,,,,,,,,,,,,,,,,,,,,,,,,,,,,,,,,,,,,,,,,,,
2022-11-01,927.5,929.0,2022-11-01T21:45:00,925.5,2022-11-01T13:08:00,22.5,29.2,2022-11-01T12:31:00,19.5,2022-11-01T23:53:00,87,59.0,2022-11-01T12:31:00,0.7,69,6.5,225.0,2022-11-01T14:14:00,2.5,,,,,,,,,,,,,,,,,,,,,,,1.5,2022-11-01T01:00:00,,,0,,97.0,2022-11-01T00:01:00,,,,,,,,,,,,,,,,,,,,,,,,,,,,,,,,,,,,,,,,,,,,,,,,,,,,,,,,,,,,,,,,,,,
2022-11-02,930.3,932.8,2022-11-02T20:51:00,928.0,2022-11-02T03:01:00,22.2,27.8,2022-11-02T11:36:00,17.5,2022-11-02T06:23:00,84,59.0,2022-11-02T10:44:00,0.7,223,5.4,270.0,2022-11-02T12:24:00,0.0,,,,,,,,,,,,,,,,,,,,,,,0.0,,,,0,,95.0,2022-11-02T06:41:00,,,,,,,,,,,,,,,,,,,,,,,,,,,,,,,,,,,,,,,,,,,,,,,,,,,,,,,,,,,,,,,,,,,
2022-11-03,933.7,,,,,23.0,,,,,80,,,0.7,214,,,,0.0,,,,,,,,,,,,,,,,,,,,,,,0.0,,,,0,,,,,,,,,,,,,,,,,,,,,,,,,,,,,,,,,,,,,,,,,,,,,,,,,,,,,,,,,,,,,,,,,,,,,,
2022-11-04,935.7,937.3,2022-11-04T21:31:00,934.0,2022-11-04T15:42:00,22.7,27.3,2022-11-04T15:11:00,19.1,2022-11-04T05:39:00,77,53.0,2022-11-04T11:51:00,0.8,217,5.2,265.0,2022-11-04T13:48:00,0.0,,,,,,,,,,,,,,,,,,,,,,,0.0,,,,0,,94.0,2022-11-04T23:53:00,,,,,,,,,,,,,,,,,,,,,,,,,,,,,,,,,,,,,,,,,,,,,,,,,,,,,,,,,,,,,,,,,,,
2022-11-05,937.1,938.3,2022-11-05T20:51:00,935.5,2022-11-05T13:42:00,21.0,24.1,2022-11-05T10:21:00,19.1,2022-11-05T23:41:00,91,71.0,2022-11-05T11:05:00,0.7,148,4.7,262.0,2022-11-05T14:06:00,1.0,,,,,,,,,,,,,,,,,,,,,,,0.5,2022-11-05T05:00:00,,,0,,96.0,2022-11-05T07:14:00,,,,,,,,,,,,,,,,,,,,,,,,,,,,,,,,,,,,,,,,,,,,,,,,,,,,,,,,,,,,,,,,,,,
2022-11-06,936.5,938.1,2022-11-06T07:51:00,934.3,2022-11-06T15:41:00,21.4,28.0,2022-11-06T10:52:00,17.0,2022-11-06T06:01:00,82,50.0,2022-11-06T11:23:00,0.8,66,6.2,269.0,2022-11-06T14:56:00,0.0,,,,,,,,,,,,,,,,,,,,,,,0.0,,,,0,,96.0,2022-11-06T03:41:00,,,,,,,,,,,,,,,,,,,,,,,,,,,,,,,,,,,,,,,,,,,,,,,,,,,,,,,,,,,,,,,,,,,
2022-11-07,935.9,937.1,2022-11-07T07:41:00,934.0,2022-11-07T14:34:00,21.5,28.7,2022-11-07T12:35:00,16.5,2022-11-07T04:31:00,79,48.0,2022-11-07T10:31:00,0.8,219,6.2,271.0,2022-11-07T14:06:00,0.0,,,,,,,,,,,,,,,,,,,,,,,0.0,,,,0,,94.0,2022-11-07T01:51:00,,,,,,,,,,,,,,,,,,,,,,,,,,,,,,,,,,,,,,,,,,,,,,,,,,,,,,,,,,,,,,,,,,,
2022-11-08,936.4,937.7,2022-11-08T08:21:00,934.7,2022-11-08T15:02:00,21.3,29.8,2022-11-08T20:01:00,17.0,2022-11-08T05:20:00,80,49.0,2022-11-08T10:51:00,0.7,240,6.3,212.0,2022-11-08T12:43:00,0.0,,,,,,,,,,,,,,,,,,,,,,,0.0,,,,0,,94.0,2022-11-08T05:21:00,,,,,,,,,,,,,,,,,,,,,,,,,,,,,,,,,,,,,,,,,,,,,,,,,,,,,,,,,,,,,,,,,,,
2022-11-09,936.2,937.5,2022-11-09T23:01:00,934.5,2022-11-09T13:52:00,21.9,28.7,2022-11-09T13:51:00,16.0,2022-11-09T06:01:00,76,46.0,2022-11-09T10:31:00,0.8,63,5.9,210.0,2022-11-09T12:16:00,0.0,,,,,,,,,,,,,,,,,,,,,,,0.0,,,,0,,92.0,2022-11-09T07:03:00,,,,,,,,,,,,,,,,,,,,,,,,,,,,,,,,,,,,,,,,,,,,,,,,,,,,,,,,,,,,,,,,,,,
2022-11-10,935.9,937.5,2022-11-10T07:01:00,933.6,2022-11-10T13:43:00,22.7,29.6,2022-11-10T13:11:00,16.8,2022-11-10T05:13:00,75,42.0,2022-11-10T10:22:00,0.8,221,5.5,273.0,2022-11-10T11:07:00,0.0,,,,,,,,,,,,,,,,,,,,,,,0.0,,,,0,,90.0,2022-11-10T03:03:00,,,,,,,,,,,,,,,,,,,,,,,,,,,,,,,,,,,,,,,,,,,,,,,,,,,,,,,,,,,,,,,,,,,
2022-11-11,935.8,937.3,2022-11-11T08:21:00,934.0,2022-11-11T14:04:00,22.2,28.8,2022-11-11T13:01:00,16.8,2022-11-11T06:21:00,78,46.0,2022-11-11T10:33:00,0.8,231,7.2,211.0,2022-11-11T12:33:00,0.0,,,,,,,,,,,,,,,,,,,,,,,0.0,,,,0,,94.0,2022-11-11T06:01:00,,,,,,,,,,,,,,,,,,,,,,,,,,,,,,,,,,,,,,,,,,,,,,,,,,,,,,,,,,,,,,,,,,,
2022-11-12,935.2,936.5,2022-11-12T07:22:00,933.0,2022-11-12T14:45:00,22.4,30.0,2022-11-12T12:10:00,15.7,2022-11-12T06:11:00,73,41.0,2022-11-12T09:52:00,0.8,58,6.1,214.0,2022-11-12T14:12:00,0.0,,,,,,,,,,,,,,,,,,,,,,,0.0,,,,0,,91.0,2022-11-12T06:07:00,,,,,,,,,,,,,,,,,,,,,,,,,,,,,,,,,,,,,,,,,,,,,,,,,,,,,,,,,,,,,,,,,,,
2022-11-13,936.2,937.6,2022-11-13T08:53:00,934.2,2022-11-13T14:23:00,21.5,30.1,2022-11-13T11:11:00,13.6,2022-11-13T06:24:00,68,26.0,2022-11-13T11:01:00,0.7,60,5.4,135.0,2022-11-13T13:43:00,0.0,,,,,,,,,,,,,,,,,,,,,,,0.0,,,,0,,88.0,2022-11-13T02:57:00,,,,,,,,,,,,,,,,,,,,,,,,,,,,,,,,,,,,,,,,,,,,,,,,,,,,,,,,,,,,,,,,,,,
2022-11-14,936.1,937.8,2022-11-14T08:02:00,933.8,2022-11-14T14:12:00,21.3,29.1,2022-11-14T12:31:00,13.7,2022-11-14T06:01:00,70,33.0,2022-11-14T10:53:00,0.9,234,5.9,212.0,2022-11-14T13:29:00,0.0,,,,,,,,,,,,,,,,,,,,,,,0.0,,,,0,,91.0,2022-11-14T22:01:00,,,,,,,,,,,,,,,,,,,,,,,,,,,,,,,,,,,,,,,,,,,,,,,,,,,,,,,,,,,,,,,,,,,
2022-11-15,935.4,937.5,2022-11-15T08:26:00,933.0,2022-11-15T13:57:00,21.6,29.8,2022-11-15T12:21:00,15.0,2022-11-15T05:31:00,75,39.0,2022-11-15T09:47:00,0.8,141,6.6,208.0,2022-11-15T14:00:00,0.0,,,,,,,,,,,,,,,,,,,,,,,0.0,,,,0,,94.0,2022-11-15T23:47:00,,,,,,,,,,,,,,,,,,,,,,,,,,,,,,,,,,,,,,,,,,,,,,,,,,,,,,,,,,,,,,,,,,,
2022-11-16,935.1,936.6,2022-11-16T08:21:00,933.0,2022-11-16T13:55:00,21.5,28.1,2022-11-16T12:41:00,15.5,2022-11-16T06:19:00,77,48.0,2022-11-16T10:13:00,0.9,58,5.7,218.0,2022-11-16T13:01:00,0.0,,,,,,,,,,,,,,,,,,,,,,,0.0,,,,0,,95.0,2022-11-16T00:03:00,,,,,,,,,,,,,,,,,,,,,,,,,,,,,,,,,,,,,,,,,,,,,,,,,,,,,,,,,,,,,,,,,,,
2022-11-17,935.1,936.7,2022-11-17T23:41:00,932.6,2022-11-17T14:03:00,21.4,29.2,2022-11-17T11:44:00,14.1,2022-11-17T06:01:00,70,36.0,2022-11-17T09:51:00,0.7,59,5.6,156.0,2022-11-17T12:36:00,0.0,,,,,,,,,,,,,,,,,,,,,,,0.0,,,,0,,89.0,2022-11-17T06:01:00,,,,,,,,,,,,,,,,,,,,,,,,,,,,,,,,,,,,,,,,,,,,,,,,,,,,,,,,,,,,,,,,,,,
2022-11-18,935.9,937.1,2022-11-18T06:53:00,933.3,2022-11-18T13:41:00,21.9,30.6,2022-11-18T11:13:00,14.0,2022-11-18T06:17:00,67,23.0,2022-11-18T10:41:00,0.8,208,6.6,163.0,2022-11-18T13:51:00,0.0,,,,,,,,,,,,,,,,,,,,,,,0.0,,,,0,,89.0,2022-11-18T22:01:00,,,,,,,,,,,,,,,,,,,,,,,,,,,,,,,,,,,,,,,,,,,,,,,,,,,,,,,,,,,,,,,,,,,
2022-11-19,935.0,937.1,2022-11-19T07:14:00,932.5,2022-11-19T14:15:00,22.0,29.0,2022-11-19T12:41:00,14.8,2022-11-19T06:01:00,69,30.0,2022-11-19T10:26:00,0.8,238,5.9,262.0,2022-11-19T12:56:00,0.0,,,,,,,,,,,,,,,,,,,,,,,0.0,,,,0,,87.0,2022-11-19T22:17:00,,,,,,,,,,,,,,,,,,,,,,,,,,,,,,,,,,,,,,,,,,,,,,,,,,,,,,,,,,,,,,,,,,,
2022-11-20,934.1,935.5,2022-11-20T07:41:00,932.5,2022-11-20T14:31:00,21.5,28.1,2022-11-20T12:11:00,15.8,2022-11-20T06:17:00,72,33.0,2022-11-20T10:42:00,0.8,87,6.5,219.0,2022-11-20T12:30:00,0.0,,,,,,,,,,,,,,,,,,,,,,,0.0,,,,0,,90.0,2022-11-20T22:26:00,,,,,,,,,,,,,,,,,,,,,,,,,,,,,,,,,,,,,,,,,,,,,,,,,,,,,,,,,,,,,,,,,,,
2022-11-21,934.5,935.7,2022-11-21T07:34:00,932.7,2022-11-21T14:53:00,21.3,28.5,2022-11-21T11:42:00,16.0,2022-11-21T05:53:00,79,48.0,2022-11-21T11:51:00,0.9,92,5.9,210.0,2022-11-21T14:15:00,0.0,,,,,,,,,,,,,,,,,,,,,,,0.0,,,,0,,94.0,2022-11-21T06:54:00,,,,,,,,,,,,,,,,,,,,,,,,,,,,,,,,,,,,,,,,,,,,,,,,,,,,,,,,,,,,,,,,,,,
2022-11-22,934.5,936.1,2022-11-22T08:51:00,933.2,2022-11-22T13:46:00,21.8,28.1,2022-11-22T12:45:00,17.2,2022-11-22T05:41:00,78,44.0,2022-11-22T12:45:00,0.4,63,4.2,217.0,2022-11-22T14:18:00,0.0,,,,,,,,,,,,,,,,,,,,,,,0.0,,,,0,,92.0,2022-11-22T05:45:00,,,,,,,,,,,,,,,,,,,,,,,,,,,,,,,,,,,,,,,,,,,,,,,,,,,,,,,,,,,,,,,,,,,
2022-11-23,934.6,936.0,2022-11-23T08:01:00,932.8,2022-11-23T14:31:00,22.9,28.3,2022-11-23T09:53:00,19.0,2022-11-23T05:51:00,78,47.0,2022-11-23T09:48:00,0.6,232,4.5,204.0,2022-11-23T12:00:00,0.5,,,,,,,,,,,,,,,,,,,,,,,0.5,2022-11-23T21:00:00,,,0,,95.0,2022-11-23T23:41:00,,,,,,,,,,,,,,,,,,,,,,,,,,,,,,,,,,,,,,,,,,,,,,,,,,,,,,,,,,,,,,,,,,,
2022-11-24,935.3,937.1,2022-11-24T22:55:00,933.6,2022-11-24T14:21:00,22.8,27.1,2022-11-24T09:37:00,20.0,2022-11-24T05:32:00,84,60.0,2022-11-24T09:45:00,0.7,63,4.7,183.0,2022-11-24T10:58:00,0.0,,,,,,,,,,,,,,,,,,,,,,,0.0,,,,0,,95.0,2022-11-24T00:01:00,,,,,,,,,,,,,,,,,,,,,,,,,,,,,,,,,,,,,,,,,,,,,,,,,,,,,,,,,,,,,,,,,,,
2022-11-25,935.4,937.0,2022-11-25T00:01:00,933.0,2022-11-25T13:41:00,22.8,28.5,2022-11-25T12:52:00,18.5,2022-11-25T06:16:00,80,54.0,2022-11-25T11:54:00,0.9,214,5.8,211.0,2022-11-25T13:15:00,0.0,,,,,,,,,,,,,,,,,,,,,,,0.0,,,,0,,94.0,2022-11-25T00:01:00,,,,,,,,,,,,,,,,,,,,,,,,,,,,,,,,,,,,,,,,,,,,,,,,,,,,,,,,,,,,,,,,,,,
2022-11-26,934.6,936.1,2022-11-26T08:01:00,933.0,2022-11-26T12:55:00,22.3,29.8,2022-11-26T11:01:00,19.3,2022-11-26T02:51:00,75,36.0,2022-11-26T11:00:00,0.6,63,6.5,218.0,2022-11-26T11:47:00,0.0,,,,,,,,,,,,,,,,,,,,,,,0.0,,,,0,,93.0,2022-11-26T00:51:00,,,,,,,,,,,,,,,,,,,,,,,,,,,,,,,,,,,,,,,,,,,,,,,,,,,,,,,,,,,,,,,,,,,
2022-11-27,934.0,935.3,2022-11-27T21:31:00,931.5,2022-11-27T14:53:00,22.4,29.6,2022-11-27T13:44:00,18.2,2022-11-27T06:31:00,75,43.0,2022-11-27T10:35:00,0.6,58,6.2,231.0,2022-11-27T11:23:00,0.0,,,,,,,,,,,,,,,,,,,,,,,0.0,,,,0,,90.0,2022-11-27T20:06:00,,,,,,,,,,,,,,,,,,,,,,,,,,,,,,,,,,,,,,,,,,,,,,,,,,,,,,,,,,,,,,,,,,,
2022-11-28,935.0,936.7,2022-11-28T07:21:00,933.0,2022-11-28T14:42:00,22.5,30.6,2022-11-28T13:11:00,15.6,2022-11-28T04:31:00,68,37.0,2022-11-28T11:33:00,0.6,85,5.6,222.0,2022-11-28T14:42:00,0.0,,,,,,,,,,,,,,,,,,,,,,,0.0,,,,0,,89.0,2022-11-28T04:30:00,,,,,,,,,,,,,,,,,,,,,,,,,,,,,,,,,,,,,,,,,,,,,,,,,,,,,,,,,,,,,,,,,,,
2022-11-29,935.1,936.5,2022-11-29T07:51:00,932.7,2022-11-29T14:12:00,22.1,31.5,2022-11-29T13:31:00,15.5,2022-11-29T06:31:00,64,28.0,2022-11-29T11:02:00,0.7,65,5.6,267.0,2022-11-29T14:21:00,0.0,,,,,,,,,,,,,,,,,,,,,,,0.0,,,,0,,84.0,2022-11-29T05:17:00,,,,,,,,,,,,,,,,,,,,,,,,,,,,,,,,,,,,,,,,,,,,,,,,,,,,,,,,,,,,,,,,,,,
2022-11-30,936.5,938.5,2022-11-30T09:36:00,933.2,2022-11-30T14:23:00,21.6,31.5,2022-11-30T14:11:00,14.5,2022-11-30T05:22:00,70,39.0,2022-11-30T13:43:00,0.8,200,6.6,216.0,2022-11-30T15:06:00,0.0,,,,,,,,,,,,,,,,,,,,,,,0.0,,,,0,,94.0,2022-11-30T23:51:00,,,,,,,,,,,,,,,,,,,,,,,,,,,,,,,,,,,,,,,,,,,,,,,,,,,,,,,,,,,,,,,,,,,
2022-12-01,936.3,937.7,2022-12-01T07:41:00,934.3,2022-12-01T14:02:00,21.7,28.0,2022-12-01T11:12:00,18.0,2022-12-01T07:11:00,80,54.0,2022-12-01T11:15:00,0.9,166,6.9,216.0,2022-12-01T12:35:00,0.0,,,,,,,,,,,,,,,,,,,,,,,0.0,,,,0,,95.0,2022-12-01T02:01:00,,,,,,,,,,,,,,,,,,,,,,,,,,,,,,,,,,,,,,,,,,,,,,,,,,,,,,,,,,,,,,,,,,,
2022-12-02,935.7,937.0,2022-12-02T08:32:00,933.0,2022-12-02T13:56:00,22.2,27.7,2022-12-02T12:45:00,19.0,2022-12-02T07:23:00,78,54.0,2022-12-02T09:56:00,1.1,224,6.5,218.0,2022-12-02T12:48:00,0.0,,,,,,,,,,,,,,,,,,,,,,,0.0,,,,0,,94.0,2022-12-02T04:58:00,,,,,,,,,,,,,,,,,,,,,,,,,,,,,,,,,,,,,,,,,,,,,,,,,,,,,,,,,,,,,,,,,,,
2022-12-03,935.3,937.2,2022-12-03T08:01:00,932.6,2022-12-03T13:51:00,21.3,29.5,2022-12-03T12:51:00,15.5,2022-12-03T06:41:00,72,41.0,2022-12-03T11:41:00,0.7,155,6.1,271.0,2022-12-03T13:50:00,0.0,,,,,,,,,,,,,,,,,,,,,,,0.0,,,,0,,89.0,2022-12-03T04:01:00,,,,,,,,,,,,,,,,,,,,,,,,,,,,,,,,,,,,,,,,,,,,,,,,,,,,,,,,,,,,,,,,,,,
2022-12-04,936.0,937.8,2022-12-04T08:54:00,934.0,2022-12-04T14:04:00,20.3,27.8,2022-12-04T11:18:00,13.5,2022-12-04T05:52:00,68,34.0,2022-12-04T11:12:00,0.8,153,6.4,221.0,2022-12-04T14:04:00,0.0,,,,,,,,,,,,,,,,,,,,,,,0.0,,,,0,,86.0,2022-12-04T19:52:00,,,,,,,,,,,,,,,,,,,,,,,,,,,,,,,,,,,,,,,,,,,,,,,,,,,,,,,,,,,,,,,,,,,
2022-12-05,935.7,937.8,2022-12-05T08:01:00,933.3,2022-12-05T15:04:00,20.4,27.7,2022-12-05T11:34:00,14.0,2022-12-05T06:51:00,72,41.0,2022-12-05T10:18:00,0.8,157,5.8,201.0,2022-12-05T12:39:00,0.0,,,,,,,,,,,,,,,,,,,,,,,0.0,,,,0,,91.0,2022-12-05T23:59:00,,,,,,,,,,,,,,,,,,,,,,,,,,,,,,,,,,,,,,,,,,,,,,,,,,,,,,,,,,,,,,,,,,,
2022-12-06,935.3,937.3,2022-12-06T09:13:00,933.2,2022-12-06T14:01:00,18.9,24.3,2022-12-06T12:21:00,15.3,2022-12-06T03:51:00,81,59.0,2022-12-06T12:21:00,0.9,219,6.5,196.0,2022-12-06T13:54:00,0.0,,,,,,,,,,,,,,,,,,,,,,,0.0,,,,0,,91.0,2022-12-06T04:11:00,,,,,,,,,,,,,,,,,,,,,,,,,,,,,,,,,,,,,,,,,,,,,,,,,,,,,,,,,,,,,,,,,,,
2022-12-07,935.6,938.0,2022-12-07T08:23:00,933.2,2022-12-07T14:51:00,20.0,27.3,2022-12-07T12:41:00,15.0,2022-12-07T07:14:00,72,40.0,2022-12-07T12:41:00,0.9,57,6.9,212.0,2022-12-07T10:53:00,0.0,,,,,,,,,,,,,,,,,,,,,,,0.0,,,,0,,90.0,2022-12-07T04:11:00,,,,,,,,,,,,,,,,,,,,,,,,,,,,,,,,,,,,,,,,,,,,,,,,,,,,,,,,,,,,,,,,,,,
2022-12-08,934.5,936.8,2022-12-08T07:52:00,932.2,2022-12-08T15:31:00,19.0,28.0,2022-12-08T11:53:00,12.3,2022-12-08T06:35:00,60,26.0,2022-12-08T11:54:00,0.7,80,5.8,211.0,2022-12-08T14:08:00,0.0,,,,,,,,,,,,,,,,,,,,,,,0.0,,,,0,,81.0,2022-12-08T22:01:00,,,,,,,,,,,,,,,,,,,,,,,,,,,,,,,,,,,,,,,,,,,,,,,,,,,,,,,,,,,,,,,,,,,
2022-12-09,931.5,934.0,2022-12-09T06:42:00,928.5,2022-12-09T14:15:00,17.8,27.3,2022-12-09T11:42:00,11.2,2022-12-09T06:42:00,61,23.0,2022-12-09T11:32:00,0.7,221,6.9,209.0,2022-12-09T12:13:00,0.0,,,,,,,,,,,,,,,,,,,,,,,0.0,,,,0,,82.0,2022-12-09T21:31:00,,,,,,,,,,,,,,,,,,,,,,,,,,,,,,,,,,,,,,,,,,,,,,,,,,,,,,,,,,,,,,,,,,,
2022-12-10,931.0,933.3,2022-12-10T07:23:00,928.2,2022-12-10T13:52:00,17.4,25.5,2022-12-10T12:13:00,10.7,2022-12-10T07:15:00,68,35.0,2022-12-10T12:02:00,0.7,66,7.1,261.0,2022-12-10T14:44:00,0.0,,,,,,,,,,,,,,,,,,,,,,,0.0,,,,0,,87.0,2022-12-10T04:31:00,,,,,,,,,,,,,,,,,,,,,,,,,,,,,,,,,,,,,,,,,,,,,,,,,,,,,,,,,,,,,,,,,,,
2022-12-11,930.9,932.8,2022-12-11T08:01:00,928.5,2022-12-11T13:31:00,18.4,26.3,2022-12-11T13:31:00,11.7,2022-12-11T06:41:00,68,34.0,2022-12-11T11:25:00,0.8,226,6.5,209.0,2022-12-11T13:02:00,0.0,,,,,,,,,,,,,,,,,,,,,,,0.0,,,,0,,85.0,2022-12-11T01:34:00,,,,,,,,,,,,,,,,,,,,,,,,,,,,,,,,,,,,,,,,,,,,,,,,,,,,,,,,,,,,,,,,,,,
2022-12-12,932.7,934.1,2022-12-12T08:43:00,931.0,2022-12-12T02:31:00,19.1,23.2,2022-12-12T11:42:00,16.7,2022-12-12T06:01:00,76,52.0,2022-12-12T11:42:00,0.7,160,5.3,270.0,2022-12-12T15:04:00,0.0,,,,,,,,,,,,,,,,,,,,,,,0.0,,,,0,,86.0,2022-12-12T06:01:00,,,,,,,,,,,,,,,,,,,,,,,,,,,,,,,,,,,,,,,,,,,,,,,,,,,,,,,,,,,,,,,,,,,
2022-12-13,934.7,936.6,2022-12-13T22:07:00,933.3,2022-12-13T02:21:00,18.9,25.0,2022-12-13T10:42:00,16.0,2022-12-13T06:54:00,79,51.0,2022-12-13T10:51:00,0.9,149,7.0,214.0,2022-12-13T12:27:00,0.0,,,,,,,,,,,,,,,,,,,,,,,0.0,,,,0,,92.0,2022-12-13T04:57:00,,,,,,,,,,,,,,,,,,,,,,,,,,,,,,,,,,,,,,,,,,,,,,,,,,,,,,,,,,,,,,,,,,,
2022-12-14,936.2,938.1,2022-12-14T08:31:00,934.5,2022-12-14T13:41:00,17.5,21.3,2022-12-14T11:52:00,15.6,2022-12-14T23:20:00,85,67.0,2022-12-14T11:32:00,0.8,217,5.4,220.0,2022-12-14T12:45:00,0.0,,,,,,,,,,,,,,,,,,,,,,,0.0,,,,0,,94.0,2022-12-14T23:13:00,,,,,,,,,,,,,,,,,,,,,,,,,,,,,,,,,,,,,,,,,,,,,,,,,,,,,,,,,,,,,,,,,,,
2022-12-15,934.9,937.2,2022-12-15T08:52:00,931.8,2022-12-15T14:31:00,19.1,27.1,2022-12-15T13:41:00,15.5,2022-12-15T00:11:00,79,47.0,2022-12-15T13:46:00,0.7,230,5.2,169.0,2022-12-15T15:40:00,0.0,,,,,,,,,,,,,,,,,,,,,,,0.0,,,,0,,94.0,2022-12-15T00:51:00,,,,,,,,,,,,,,,,,,,,,,,,,,,,,,,,,,,,,,,,,,,,,,,,,,,,,,,,,,,,,,,,,,,
2022-12-16,935.0,936.8,2022-12-16T08:01:00,933.0,2022-12-16T14:32:00,21.1,27.7,2022-12-16T10:51:00,16.2,2022-12-16T04:21:00,77,47.0,2022-12-16T11:21:00,0.6,129,5.7,268.0,2022-12-16T14:32:00,0.0,,,,,,,,,,,,,,,,,,,,,,,0.0,,,,0,,92.0,2022-12-16T06:31:00,,,,,,,,,,,,,,,,,,,,,,,,,,,,,,,,,,,,,,,,,,,,,,,,,,,,,,,,,,,,,,,,,,,
2022-12-17,937.0,940.2,2022-12-17T23:03:00,934.5,2022-12-17T02:11:00,17.7,20.7,2022-12-17T09:12:00,13.8,2022-12-17T22:12:00,93,82.0,2022-12-17T00:55:00,0.7,150,6.3,262.0,2022-12-17T11:27:00,16.5,,,,,,,,,,,,,,,,,,,,,,,3.5,2022-12-17T19:00:00,,,0,,97.0,2022-12-17T22:16:00,,,,,,,,,,,,,,,,,,,,,,,,,,,,,,,,,,,,,,,,,,,,,,,,,,,,,,,,,,,,,,,,,,,
2022-12-18,938.6,939.8,2022-12-18T00:01:00,936.3,2022-12-18T14:37:00,14.0,19.6,2022-12-18T12:54:00,12.3,2022-12-18T20:15:00,94,69.0,2022-12-18T12:54:00,0.9,178,4.6,221.0,2022-12-18T13:49:00,0.5,,,,,,,,,,,,,,,,,,,,,,,0.5,2022-12-18T03:00:00,,,0,,97.0,2022-12-18T00:21:00,,,,,,,,,,,,,,,,,,,,,,,,,,,,,,,,,,,,,,,,,,,,,,,,,,,,,,,,,,,,,,,,,,,
2022-12-19,937.7,940.1,2022-12-19T08:51:00,935.5,2022-12-19T14:51:00,16.0,21.5,2022-12-19T12:46:00,12.0,2022-12-19T06:44:00,78,46.0,2022-12-19T12:45:00,0.5,60,4.1,261.0,2022-12-19T16:12:00,0.0,,,,,,,,,,,,,,,,,,,,,,,0.0,,,,0,,97.0,2022-12-19T00:01:00,,,,,,,,,,,,,,,,,,,,,,,,,,,,,,,,,,,,,,,,,,,,,,,,,,,,,,,,,,,,,,,,,,,
2022-12-20,935.5,937.5,2022-12-20T00:01:00,932.5,2022-12-20T15:02:00,17.1,25.1,2022-12-20T13:42:00,11.0,2022-12-20T07:01:00,73,36.0,2022-12-20T11:02:00,0.6,88,5.7,211.0,2022-12-20T14:11:00,0.0,,,,,,,,,,,,,,,,,,,,,,,0.0,,,,0,,93.0,2022-12-20T03:21:00,,,,,,,,,,,,,,,,,,,,,,,,,,,,,,,,,,,,,,,,,,,,,,,,,,,,,,,,,,,,,,,,,,,
2022-12-21,932.0,935.3,2022-12-21T00:01:00,928.1,2022-12-21T13:42:00,18.8,29.6,2022-12-21T12:12:00,12.2,2022-12-21T03:11:00,68,24.0,2022-12-21T12:48:00,0.5,53,6.4,217.0,2022-12-21T15:26:00,0.0,,,,,,,,,,,,,,,,,,,,,,,0.0,,,,0,,94.0,2022-12-21T02:21:00,,,,,,,,,,,,,,,,,,,,,,,,,,,,,,,,,,,,,,,,,,,,,,,,,,,,,,,,,,,,,,,,,,,
2022-12-22,932.1,935.1,2022-12-22T23:51:00,929.6,2022-12-22T13:11:00,16.8,24.0,2022-12-22T12:41:00,10.2,2022-12-22T06:41:00,68,29.0,2022-12-22T10:09:00,0.7,213,7.5,209.0,2022-12-22T14:16:00,0.0,,,,,,,,,,,,,,,,,,,,,,,0.0,,,,0,,90.0,2022-12-22T00:44:00,,,,,,,,,,,,,,,,,,,,,,,,,,,,,,,,,,,,,,,,,,,,,,,,,,,,,,,,,,,,,,,,,,,
2022-12-23,935.4,937.2,2022-12-23T22:52:00,932.6,2022-12-23T14:12:00,15.5,23.0,2022-12-23T12:23:00,8.8,2022-12-23T06:43:00,67,38.0,2022-12-23T11:15:00,0.6,212,6.2,193.0,2022-12-23T12:56:00,0.0,,,,,,,,,,,,,,,,,,,,,,,0.0,,,,0,,88.0,2022-12-23T07:01:00,,,,,,,,,,,,,,,,,,,,,,,,,,,,,,,,,,,,,,,,,,,,,,,,,,,,,,,,,,,,,,,,,,,
2022-12-24,937.2,938.6,2022-12-24T08:53:00,935.0,2022-12-24T14:43:00,14.9,22.5,2022-12-24T12:14:00,9.1,2022-12-24T06:29:00,65,29.0,2022-12-24T11:59:00,0.6,217,6.6,153.0,2022-12-24T14:11:00,0.0,,,,,,,,,,,,,,,,,,,,,,,0.0,,,,0,,87.0,2022-12-24T23:21:00,,,,,,,,,,,,,,,,,,,,,,,,,,,,,,,,,,,,,,,,,,,,,,,,,,,,,,,,,,,,,,,,,,,
2022-12-25,938.7,940.5,2022-12-25T23:21:00,936.5,2022-12-25T15:13:00,14.1,23.2,2022-12-25T13:01:00,8.0,2022-12-25T06:20:00,67,29.0,2022-12-25T12:42:00,0.5,223,6.2,200.0,2022-12-25T14:02:00,0.0,,,,,,,,,,,,,,,,,,,,,,,0.0,,,,0,,89.0,2022-12-25T06:22:00,,,,,,,,,,,,,,,,,,,,,,,,,,,,,,,,,,,,,,,,,,,,,,,,,,,,,,,,,,,,,,,,,,,
2022-12-26,939.8,941.5,2022-12-26T08:31:00,936.7,2022-12-26T14:52:00,15.5,24.2,2022-12-26T14:01:00,9.3,2022-12-26T04:21:00,64,29.0,2022-12-26T12:35:00,0.6,217,5.4,220.0,2022-12-26T13:55:00,0.0,,,,,,,,,,,,,,,,,,,,,,,0.0,,,,0,,91.0,2022-12-26T04:21:00,,,,,,,,,,,,,,,,,,,,,,,,,,,,,,,,,,,,,,,,,,,,,,,,,,,,,,,,,,,,,,,,,,,
2022-12-27,939.8,942.1,2022-12-27T08:13:00,937.1,2022-12-27T14:04:00,16.5,26.5,2022-12-27T12:24:00,9.5,2022-12-27T06:31:00,57,22.0,2022-12-27T10:51:00,0.5,65,5.3,265.0,2022-12-27T11:40:00,0.0,,,,,,,,,,,,,,,,,,,,,,,0.0,,,,0,,81.0,2022-12-27T04:59:00,,,,,,,,,,,,,,,,,,,,,,,,,,,,,,,,,,,,,,,,,,,,,,,,,,,,,,,,,,,,,,,,,,,
2022-12-28,939.8,941.3,2022-12-28T08:01:00,937.0,2022-12-28T13:42:00,17.4,26.5,2022-12-28T12:46:00,11.0,2022-12-28T03:41:00,63,29.0,2022-12-28T11:59:00,0.6,194,6.3,212.0,2022-12-28T15:18:00,0.0,,,,,,,,,,,,,,,,,,,,,,,0.0,,,,0,,84.0,2022-12-28T03:51:00,,,,,,,,,,,,,,,,,,,,,,,,,,,,,,,,,,,,,,,,,,,,,,,,,,,,,,,,,,,,,,,,,,,
2022-12-29,939.7,940.7,2022-12-29T08:31:00,938.0,2022-12-29T14:22:00,17.8,22.8,2022-12-29T11:13:00,12.5,2022-12-29T03:11:00,70,46.0,2022-12-29T11:35:00,0.3,159,5.3,217.0,2022-12-29T12:05:00,0.0,,,,,,,,,,,,,,,,,,,,,,,0.0,,,,0,,86.0,2022-12-29T03:11:00,,,,,,,,,,,,,,,,,,,,,,,,,,,,,,,,,,,,,,,,,,,,,,,,,,,,,,,,,,,,,,,,,,,
2022-12-30,939.4,940.8,2022-12-30T08:48:00,937.0,2022-12-30T14:11:00,20.8,29.0,2022-12-30T11:36:00,16.7,2022-12-30T05:11:00,74,42.0,2022-12-30T11:36:00,0.5,181,4.6,221.0,2022-12-30T13:03:00,0.0,,,,,,,,,,,,,,,,,,,,,,,0.0,,,,0,,85.0,2022-12-30T23:54:00,,,,,,,,,,,,,,,,,,,,,,,,,,,,,,,,,,,,,,,,,,,,,,,,,,,,,,,,,,,,,,,,,,,
2022-12-31,939.2,940.8,2022-12-31T09:22:00,937.2,2022-12-31T15:25:00,23.9,32.8,2022-12-31T11:13:00,17.5,2022-12-31T04:13:00,70,28.0,2022-12-31T10:31:00,0.6,163,7.7,217.0,2022-12-31T12:08:00,0.0,,,,,,,,,,,,,,,,,,,,,,,0.0,,,,0,,91.0,2022-12-31T04:21:00,,,,,,,,,,,,,,,,,,,,,,,,,,,,,,,,,,,,,,,,,,,,,,,,,,,,,,,,,,,,,,,,,,,
