,StnPres,StnPresMax,StnPresMaxTime,StnPresMin,StnPresMinTime,Tx,TxMaxAbs,TxMaxAbsTime,TxMinAbs,TxMinAbsTime,RH,RHMin,RHMinTime,WS,WD,WSGust,WDGust,WGustTime,Precp,SunShine,GloblRad,TxSoil0cm,TxSoil5cm,TxSoil10cm,TxSoil20cm,TxSoil50cm,TxSoil100cm,AirTemperature.MaximumTimef,AirTemperature.Maximumf,AirTemperature.Meanf,AirTemperature.MinimumTimef,AirTemperature.Minimumf,GlobalSolarRadiation.Accumulationf,GlobalSolarRadiation.HourlyMaximumTimef,GlobalSolarRadiation.HourlyMaximumf,GloblRadMax,GloblRadMaxTime,PeakGust.Directionf,PeakGust.MaximumTimef,PeakGust.Maximumf,Precipitation.Accumulationf,Precipitation.HourlyMaximum,Precipitation.HourlyMaximumTime,Precipitation.HourlyMaximumTimef,Precipitation.HourlyMaximumf,Precipitation.MeltFlag,Precipitation.MeltFlagf,RelativeHumidity.Maximum,RelativeHumidity.MaximumTime,RelativeHumidity.MaximumTimef,RelativeHumidity.Maximumf,RelativeHumidity.Meanf,RelativeHumidity.MinimumTimef,RelativeHumidity.Minimumf,SoilTemperatureAt0cm.Maximum,SoilTemperatureAt0cm.MaximumTime,SoilTemperatureAt0cm.MaximumTimef,SoilTemperatureAt0cm.Maximumf,SoilTemperatureAt0cm.Meanf,SoilTemperatureAt0cm.Minimum,SoilTemperatureAt0cm.MinimumTime,SoilTemperatureAt0cm.MinimumTimef,SoilTemperatureAt0cm.Minimumf,SoilTemperatureAt100cm.Maximum,SoilTemperatureAt100cm.MaximumTime,SoilTemperatureAt100cm.MaximumTimef,SoilTemperatureAt100cm.Maximumf,SoilTemperatureAt100cm.Meanf,SoilTemperatureAt100cm.Minimum,SoilTemperatureAt100cm.MinimumTime,SoilTemperatureAt100cm.MinimumTimef,SoilTemperatureAt100cm.Minimumf,SoilTemperatureAt10cm.Maximum,SoilTemperatureAt10cm.MaximumTime,SoilTemperatureAt10cm.MaximumTimef,SoilTemperatureAt10cm.Maximumf,SoilTemperatureAt10cm.Meanf,SoilTemperatureAt10cm.Minimum,SoilTemperatureAt10cm.MinimumTime,SoilTemperatureAt10cm.MinimumTimef,SoilTemperatureAt10cm.Minimumf,SoilTemperatureAt20cm.Maximum,SoilTemperatureAt20cm.MaximumTime,SoilTemperatureAt20cm.MaximumTimef,SoilTemperatureAt20cm.Maximumf,SoilTemperatureAt20cm.Meanf,SoilTemperatureAt20cm.Minimum,SoilTemperatureAt20cm.MinimumTime,SoilTemperatureAt20cm.MinimumTimef,SoilTemperatureAt20cm.Minimumf,SoilTemperatureAt50cm.Maximum,SoilTemperatureAt50cm.MaximumTime,SoilTemperatureAt50cm.MaximumTimef,SoilTemperatureAt50cm.Maximumf,SoilTemperatureAt50cm.Meanf,SoilTemperatureAt50cm.Minimum,SoilTemperatureAt50cm.MinimumTime,SoilTemperatureAt50cm.MinimumTimef,SoilTemperatureAt50cm.Minimumf,SoilTemperatureAt5cm.Maximum,SoilTemperatureAt5cm.MaximumTime,SoilTemperatureAt5cm.MaximumTimef,SoilTemperatureAt5cm.Maximumf,SoilTemperatureAt5cm.Meanf,SoilTemperatureAt5cm.Minimum,SoilTemperatureAt5cm.MinimumTime,SoilTemperatureAt5cm.MinimumTimef,SoilTemperatureAt5cm.Minimumf,StationPressure.MaximumTimef,StationPressure.Maximumf,StationPressure.Meanf,StationPressure.MinimumTimef,StationPressure.Minimumf,SunshineDuration.Totalf,WindDirection.Prevailingf,WindSpeed.Meanf
2024-01-01,992.7,994.5,2024-01-01T09:24:00,991.0,2024-01-01T04:34:00,18.7,21.3,2024-01-01T12:56:00,17.3,2024-01-01T23:50:00,84,73,2024-01-01T12:57:00,2.5,25,13.6,351,2024-01-01T09:44:00,0.0,,,,,,,,,,,,,,,,,,,,,,,0.0,2024-01-01T01:00:00,,,0,,94,2024-01-01T00:15:00,,,,,,,,,,,,,,,,,,,,,,,,,,,,,,,,,,,,,,,,,,,,,,,,,,,,,,,,,,,,,,,,,,,
2024-01-02,991.2,993.1,2024-01-02T00:04:00,988.9,2024-01-02T15:23:00,19.4,23.4,2024-01-02T12:11:00,17.2,2024-01-02T05:03:00,81,64,2024-01-02T12:23:00,1.2,22,9.4,360,2024-01-02T12:30:00,0.0,,,,,,,,,,,,,,,,,,,,,,,0.0,2024-01-02T01:00:00,,,0,,94,2024-01-02T23:59:00,,,,,,,,,,,,,,,,,,,,,,,,,,,,,,,,,,,,,,,,,,,,,,,,,,,,,,,,,,,,,,,,,,,
2024-01-03,990.4,993.2,2024-01-03T22:24:00,988.5,2024-01-03T13:43:00,18.9,25.9,2024-01-03T11:37:00,15.3,2024-01-03T06:22:00,92,68,2024-01-03T12:41:00,1.4,28,10.7,4,2024-01-03T23:46:00,2.0,,,,,,,,,,,,,,,,,,,,,,,1.0,2024-01-03T17:00:00,,,0,,100,2024-01-03T03:09:00,,,,,,,,,,,,,,,,,,,,,,,,,,,,,,,,,,,,,,,,,,,,,,,,,,,,,,,,,,,,,,,,,,,
2024-01-04,992.8,994.4,2024-01-04T21:15:00,991.0,2024-01-04T02:53:00,16.9,20.8,2024-01-04T13:32:00,14.6,2024-01-04T23:10:00,82,67,2024-01-04T13:48:00,2.2,25,11.5,32,2024-01-04T03:40:00,0.0,,,,,,,,,,,,,,,,,,,,,,,0.0,2024-01-04T01:00:00,,,0,,97,2024-01-04T00:16:00,,,,,,,,,,,,,,,,,,,,,,,,,,,,,,,,,,,,,,,,,,,,,,,,,,,,,,,,,,,,,,,,,,,
2024-01-05,992.9,994.6,2024-01-05T08:43:00,990.8,2024-01-05T14:23:00,17.4,23.7,2024-01-05T12:36:00,12.9,2024-01-05T06:03:00,87,62,2024-01-05T13:48:00,0.6,29,5.9,41,2024-01-05T11:28:00,0.0,,,,,,,,,,,,,,,,,,,,,,,0.0,2024-01-05T01:00:00,,,0,,100,2024-01-05T20:37:00,,,,,,,,,,,,,,,,,,,,,,,,,,,,,,,,,,,,,,,,,,,,,,,,,,,,,,,,,,,,,,,,,,,
2024-01-06,992.6,994.4,2024-01-06T08:09:00,990.2,2024-01-06T14:39:00,19.1,25.7,2024-01-06T12:16:00,14.1,2024-01-06T02:10:00,86,59,2024-01-06T12:17:00,0.4,15,4.7,46,2024-01-06T12:00:00,0.0,,,,,,,,,,,,,,,,,,,,,,,0.0,2024-01-06T01:00:00,,,0,,100,2024-01-06T00:01:00,,,,,,,,,,,,,,,,,,,,,,,,,,,,,,,,,,,,,,,,,,,,,,,,,,,,,,,,,,,,,,,,,,,
2024-01-07,993.8,996.0,2024-01-07T09:29:00,992.2,2024-01-07T04:24:00,18.8,20.8,2024-01-07T12:59:00,17.4,2024-01-07T22:20:00,86,77,2024-01-07T12:59:00,2.1,24,10.1,347,2024-01-07T12:27:00,0.0,,,,,,,,,,,,,,,,,,,,,,,0.0,2024-01-07T01:00:00,,,0,,94,2024-01-07T00:19:00,,,,,,,,,,,,,,,,,,,,,,,,,,,,,,,,,,,,,,,,,,,,,,,,,,,,,,,,,,,,,,,,,,,
2024-01-08,992.2,994.9,2024-01-08T09:31:00,990.4,2024-01-08T15:32:00,19.3,23.2,2024-01-08T12:01:00,17.2,2024-01-08T02:47:00,83,64,2024-01-08T12:54:00,1.7,24,9.8,360,2024-01-08T01:31:00,0.0,,,,,,,,,,,,,,,,,,,,,,,0.0,2024-01-08T01:00:00,,,0,,94,2024-01-08T22:29:00,,,,,,,,,,,,,,,,,,,,,,,,,,,,,,,,,,,,,,,,,,,,,,,,,,,,,,,,,,,,,,,,,,,
2024-01-09,989.0,991.5,2024-01-09T00:17:00,986.5,2024-01-09T14:35:00,19.3,23.7,2024-01-09T14:42:00,16.9,2024-01-09T04:53:00,95,77,2024-01-09T14:28:00,0.4,26,6.1,6,2024-01-09T15:48:00,1.5,,,,,,,,,,,,,,,,,,,,,,,1.0,2024-01-09T11:00:00,,,0,,100,2024-01-09T00:33:00,,,,,,,,,,,,,,,,,,,,,,,,,,,,,,,,,,,,,,,,,,,,,,,,,,,,,,,,,,,,,,,,,,,
2024-01-10,990.0,992.7,2024-01-10T23:26:00,988.0,2024-01-10T02:29:00,17.9,23.6,2024-01-10T12:31:00,15.3,2024-01-10T23:40:00,95,73,2024-01-10T12:42:00,1.4,23,9.9,20,2024-01-10T22:01:00,1.5,,,,,,,,,,,,,,,,,,,,,,,1.0,2024-01-10T17:00:00,,,0,,100,2024-01-10T00:01:00,,,,,,,,,,,,,,,,,,,,,,,,,,,,,,,,,,,,,,,,,,,,,,,,,,,,,,,,,,,,,,,,,,,
2024-01-11,992.5,994.0,2024-01-11T09:14:00,991.1,2024-01-11T14:01:00,16.1,20.9,2024-01-11T13:52:00,12.9,2024-01-11T23:41:00,85,63,2024-01-11T14:01:00,1.5,25,9.7,10,2024-01-11T10:27:00,0.5,,,,,,,,,,,,,,,,,,,,,,,0.5,2024-01-11T01:00:00,,,0,,100,2024-01-11T20:23:00,,,,,,,,,,,,,,,,,,,,,,,,,,,,,,,,,,,,,,,,,,,,,,,,,,,,,,,,,,,,,,,,,,,
2024-01-12,991.9,993.0,2024-01-12T08:42:00,990.1,2024-01-12T15:13:00,17.2,23.5,2024-01-12T12:29:00,12.1,2024-01-12T06:40:00,85,60,2024-01-12T12:34:00,0.7,15,7.2,36,2024-01-12T14:12:00,0.0,,,,,,,,,,,,,,,,,,,,,,,0.0,2024-01-12T01:00:00,,,0,,100,2024-01-12T00:01:00,,,,,,,,,,,,,,,,,,,,,,,,,,,,,,,,,,,,,,,,,,,,,,,,,,,,,,,,,,,,,,,,,,,
2024-01-13,993.2,995.0,2024-01-13T21:28:00,991.5,2024-01-13T03:23:00,17.7,22.0,2024-01-13T14:36:00,15.9,2024-01-13T06:01:00,91,72,2024-01-13T14:37:00,1.3,27,7.9,356,2024-01-13T14:49:00,0.0,,,,,,,,,,,,,,,,,,,,,,,0.0,2024-01-13T01:00:00,,,0,,100,2024-01-13T04:08:00,,,,,,,,,,,,,,,,,,,,,,,,,,,,,,,,,,,,,,,,,,,,,,,,,,,,,,,,,,,,,,,,,,,
2024-01-14,994.2,995.9,2024-01-14T09:06:00,992.7,2024-01-14T14:38:00,19.1,24.6,2024-01-14T13:41:00,16.5,2024-01-14T05:04:00,81,57,2024-01-14T12:43:00,1.2,22,9.2,37,2024-01-14T10:42:00,0.0,,,,,,,,,,,,,,,,,,,,,,,0.0,2024-01-14T01:00:00,,,0,,97,2024-01-14T23:01:00,,,,,,,,,,,,,,,,,,,,,,,,,,,,,,,,,,,,,,,,,,,,,,,,,,,,,,,,,,,,,,,,,,,
2024-01-15,993.8,995.2,2024-01-15T09:18:00,992.5,2024-01-15T14:14:00,19.1,23.2,2024-01-15T13:12:00,15.5,2024-01-15T05:23:00,85,65,2024-01-15T11:19:00,1.8,26,12.3,341,2024-01-15T12:05:00,0.0,,,,,,,,,,,,,,,,,,,,,,,0.0,2024-01-15T01:00:00,,,0,,100,2024-01-15T05:07:00,,,,,,,,,,,,,,,,,,,,,,,,,,,,,,,,,,,,,,,,,,,,,,,,,,,,,,,,,,,,,,,,,,,
2024-01-16,994.8,996.2,2024-01-16T08:53:00,993.6,2024-01-16T03:39:00,16.7,18.6,2024-01-16T12:59:00,15.9,2024-01-16T23:38:00,99,92,2024-01-16T00:01:00,2.7,24,11.3,38,2024-01-16T14:28:00,7.5,,,,,,,,,,,,,,,,,,,,,,,1.0,2024-01-16T07:00:00,,,0,,100,2024-01-16T00:56:00,,,,,,,,,,,,,,,,,,,,,,,,,,,,,,,,,,,,,,,,,,,,,,,,,,,,,,,,,,,,,,,,,,,
2024-01-17,993.7,995.4,2024-01-17T09:08:00,991.7,2024-01-17T15:14:00,18.4,23.1,2024-01-17T13:56:00,15.4,2024-01-17T02:53:00,89,70,2024-01-17T14:01:00,1.7,24,9.4,1,2024-01-17T11:04:00,3.5,,,,,,,,,,,,,,,,,,,,,,,1.0,2024-01-17T03:00:00,,,0,,100,2024-01-17T00:01:00,,,,,,,,,,,,,,,,,,,,,,,,,,,,,,,,,,,,,,,,,,,,,,,,,,,,,,,,,,,,,,,,,,,
2024-01-18,991.2,993.5,2024-01-18T00:05:00,988.5,2024-01-18T14:59:00,19.4,24.0,2024-01-18T12:08:00,15.7,2024-01-18T01:53:00,86,60,2024-01-18T09:40:00,1.0,22,9.6,333,2024-01-18T13:12:00,0.0,,,,,,,,,,,,,,,,,,,,,,,0.0,2024-01-18T01:00:00,,,0,,100,2024-01-18T19:36:00,,,,,,,,,,,,,,,,,,,,,,,,,,,,,,,,,,,,,,,,,,,,,,,,,,,,,,,,,,,,,,,,,,,
2024-01-19,989.7,991.2,2024-01-19T00:08:00,987.9,2024-01-19T14:56:00,21.0,25.6,2024-01-19T12:57:00,17.8,2024-01-19T06:08:00,92,71,2024-01-19T14:39:00,1.2,24,8.2,360,2024-01-19T14:50:00,0.0,,,,,,,,,,,,,,,,,,,,,,,0.0,2024-01-19T01:00:00,,,0,,100,2024-01-19T00:01:00,,,,,,,,,,,,,,,,,,,,,,,,,,,,,,,,,,,,,,,,,,,,,,,,,,,,,,,,,,,,,,,,,,,
2024-01-20,988.6,990.2,2024-01-20T09:05:00,986.8,2024-01-20T14:28:00,21.5,27.7,2024-01-20T14:45:00,17.5,2024-01-20T06:24:00,92,70,2024-01-20T14:49:00,0.5,25,4.4,73,2024-01-20T08:33:00,0.0,,,,,,,,,,,,,,,,,,,,,,,0.0,2024-01-20T01:00:00,,,0,,100,2024-01-20T02:44:00,,,,,,,,,,,,,,,,,,,,,,,,,,,,,,,,,,,,,,,,,,,,,,,,,,,,,,,,,,,,,,,,,,,
2024-01-21,992.0,994.1,2024-01-21T21:40:00,989.6,2024-01-21T02:43:00,18.7,21.1,2024-01-21T11:47:00,17.1,2024-01-21T20:49:00,94,82,2024-01-21T12:29:00,2.1,22,10.0,2,2024-01-21T22:52:00,5.0,,,,,,,,,,,,,,,,,,,,,,,4.0,2024-01-21T04:00:00,,,0,,100,2024-01-21T00:01:00,,,,,,,,,,,,,,,,,,,,,,,,,,,,,,,,,,,,,,,,,,,,,,,,,,,,,,,,,,,,,,,,,,,
2024-01-22,993.2,994.7,2024-01-22T08:35:00,991.0,2024-01-22T14:55:00,18.4,22.6,2024-01-22T11:41:00,16.3,2024-01-22T23:49:00,84,71,2024-01-22T10:19:00,2.4,27,11.6,36,2024-01-22T22:50:00,0.0,,,,,,,,,,,,,,,,,,,,,,,0.0,2024-01-22T01:00:00,,,0,,91,2024-01-22T00:24:00,,,,,,,,,,,,,,,,,,,,,,,,,,,,,,,,,,,,,,,,,,,,,,,,,,,,,,,,,,,,,,,,,,,
2024-01-23,996.5,998.6,2024-01-23T21:40:00,994.0,2024-01-23T00:04:00,15.1,17.2,2024-01-23T14:52:00,14.0,2024-01-23T07:17:00,83,73,2024-01-23T14:44:00,2.3,23,10.7,360,2024-01-23T02:41:00,0.0,,,,,,,,,,,,,,,,,,,,,,,0.0,2024-01-23T01:00:00,,,0,,91,2024-01-23T07:22:00,,,,,,,,,,,,,,,,,,,,,,,,,,,,,,,,,,,,,,,,,,,,,,,,,,,,,,,,,,,,,,,,,,,
2024-01-24,998.3,1000.6,2024-01-24T09:37:00,996.7,2024-01-24T15:04:00,14.8,18.3,2024-01-24T13:57:00,13.0,2024-01-24T05:40:00,79,64,2024-01-24T13:57:00,2.1,24,11.9,47,2024-01-24T10:42:00,0.0,,,,,,,,,,,,,,,,,,,,,,,0.0,2024-01-24T01:00:00,,,0,,88,2024-01-24T05:36:00,,,,,,,,,,,,,,,,,,,,,,,,,,,,,,,,,,,,,,,,,,,,,,,,,,,,,,,,,,,,,,,,,,,
2024-01-25,998.6,1000.2,2024-01-25T08:20:00,996.8,2024-01-25T15:11:00,16.5,20.7,2024-01-25T12:42:00,13.4,2024-01-25T22:40:00,83,67,2024-01-25T13:02:00,1.1,19,8.2,14,2024-01-25T10:16:00,0.0,,,,,,,,,,,,,,,,,,,,,,,0.0,2024-01-25T01:00:00,,,0,,100,2024-01-25T22:58:00,,,,,,,,,,,,,,,,,,,,,,,,,,,,,,,,,,,,,,,,,,,,,,,,,,,,,,,,,,,,,,,,,,,
2024-01-26,997.9,999.7,2024-01-26T09:05:00,996.2,2024-01-26T14:32:00,17.1,22.4,2024-01-26T14:27:00,13.0,2024-01-26T04:39:00,87,68,2024-01-26T13:14:00,1.1,26,8.6,30,2024-01-26T11:43:00,0.0,,,,,,,,,,,,,,,,,,,,,,,0.0,2024-01-26T01:00:00,,,0,,100,2024-01-26T04:41:00,,,,,,,,,,,,,,,,,,,,,,,,,,,,,,,,,,,,,,,,,,,,,,,,,,,,,,,,,,,,,,,,,,,
2024-01-27,996.8,998.3,2024-01-27T08:51:00,994.6,2024-01-27T15:37:00,17.9,22.9,2024-01-27T12:26:00,14.6,2024-01-27T01:21:00,90,70,2024-01-27T12:26:00,1.2,20,7.2,355,2024-01-27T09:31:00,0.0,,,,,,,,,,,,,,,,,,,,,,,0.0,2024-01-27T01:00:00,,,0,,100,2024-01-27T01:16:00,,,,,,,,,,,,,,,,,,,,,,,,,,,,,,,,,,,,,,,,,,,,,,,,,,,,,,,,,,,,,,,,,,,
2024-01-28,997.2,998.5,2024-01-28T09:18:00,995.8,2024-01-28T14:40:00,17.5,20.3,2024-01-28T11:46:00,16.3,2024-01-28T01:07:00,89,78,2024-01-28T11:46:00,2.1,24,12.2,359,2024-01-28T21:56:00,0.0,,,,,,,,,,,,,,,,,,,,,,,0.0,2024-01-28T01:00:00,,,0,,96,2024-01-28T00:08:00,,,,,,,,,,,,,,,,,,,,,,,,,,,,,,,,,,,,,,,,,,,,,,,,,,,,,,,,,,,,,,,,,,,
2024-01-29,996.0,998.1,2024-01-29T00:01:00,993.6,2024-01-29T15:45:00,18.7,23.6,2024-01-29T12:16:00,16.8,2024-01-29T02:13:00,89,71,2024-01-29T12:16:00,1.7,24,10.4,5,2024-01-29T00:25:00,7.5,,,,,,,,,,,,,,,,,,,,,,,4.0,2024-01-29T23:59:00,,,0,,100,2024-01-29T17:11:00,,,,,,,,,,,,,,,,,,,,,,,,,,,,,,,,,,,,,,,,,,,,,,,,,,,,,,,,,,,,,,,,,,,
2024-01-30,994.7,996.4,2024-01-30T09:23:00,992.7,2024-01-30T14:50:00,20.7,25.6,2024-01-30T12:43:00,18.1,2024-01-30T00:01:00,92,68,2024-01-30T14:03:00,0.7,31,5.9,47,2024-01-30T13:36:00,9.5,,,,,,,,,,,,,,,,,,,,,,,2.5,2024-01-30T07:00:00,,,0,,100,2024-01-30T00:01:00,,,,,,,,,,,,,,,,,,,,,,,,,,,,,,,,,,,,,,,,,,,,,,,,,,,,,,,,,,,,,,,,,,,
2024-01-31,993.7,995.9,2024-01-31T09:23:00,991.8,2024-01-31T15:51:00,21.5,25.7,2024-01-31T14:46:00,19.8,2024-01-31T03:09:00,92,73,2024-01-31T14:47:00,1.2,24,7.8,4,2024-01-31T09:29:00,0.0,,,,,,,,,,,,,,,,,,,,,,,0.0,2024-01-31T01:00:00,,,0,,100,2024-01-31T07:55:00,,,,,,,,,,,,,,,,,,,,,,,,,,,,,,,,,,,,,,,,,,,,,,,,,,,,,,,,,,,,,,,,,,,
2024-02-01,992.4,994.0,2024-02-01T09:19:00,990.5,2024-02-01T15:09:00,21.4,25.9,2024-02-01T14:58:00,18.9,2024-02-01T20:47:00,92,72,2024-02-01T15:00:00,0.7,38,5.7,36,2024-02-01T10:57:00,0.0,,,,,,,,,,,,,,,,,,,,,,,0.0,2024-02-01T01:00:00,,,0,,100,2024-02-01T05:08:00,,,,,,,,,,,,,,,,,,,,,,,,,,,,,,,,,,,,,,,,,,,,,,,,,,,,,,,,,,,,,,,,,,,
2024-02-02,992.1,993.5,2024-02-02T09:04:00,990.6,2024-02-02T14:46:00,21.4,27.2,2024-02-02T13:20:00,17.9,2024-02-02T04:50:00,90,62,2024-02-02T13:59:00,0.7,27,6.4,336,2024-02-02T13:22:00,0.0,,,,,,,,,,,,,,,,,,,,,,,0.0,2024-02-02T01:00:00,,,0,,100,2024-02-02T00:01:00,,,,,,,,,,,,,,,,,,,,,,,,,,,,,,,,,,,,,,,,,,,,,,,,,,,,,,,,,,,,,,,,,,,
2024-02-03,992.3,994.2,2024-02-03T09:05:00,990.9,2024-02-03T15:32:00,21.5,24.8,2024-02-03T09:35:00,19.9,2024-02-03T05:35:00,94,78,2024-02-03T10:59:00,1.0,20,7.9,360,2024-02-03T09:50:00,0.0,,,,,,,,,,,,,,,,,,,,,,,0.0,2024-02-03T01:00:00,,,0,,100,2024-02-03T02:39:00,,,,,,,,,,,,,,,,,,,,,,,,,,,,,,,,,,,,,,,,,,,,,,,,,,,,,,,,,,,,,,,,,,,
2024-02-04,991.0,992.9,2024-02-04T09:17:00,989.0,2024-02-04T14:24:00,22.0,24.5,2024-02-04T12:23:00,20.4,2024-02-04T00:01:00,95,84,2024-02-04T10:37:00,0.8,27,7.6,1,2024-02-04T13:27:00,0.0,,,,,,,,,,,,,,,,,,,,,,,0.0,2024-02-04T01:00:00,,,0,,100,2024-02-04T00:01:00,,,,,,,,,,,,,,,,,,,,,,,,,,,,,,,,,,,,,,,,,,,,,,,,,,,,,,,,,,,,,,,,,,,
2024-02-05,991.9,994.3,2024-02-05T20:57:00,989.4,2024-02-05T03:53:00,21.4,24.8,2024-02-05T10:06:00,18.6,2024-02-05T20:51:00,97,87,2024-02-05T09:08:00,1.6,21,9.2,40,2024-02-05T21:43:00,0.0,,,,,,,,,,,,,,,,,,,,,,,0.0,2024-02-05T01:00:00,,,0,,100,2024-02-05T00:01:00,,,,,,,,,,,,,,,,,,,,,,,,,,,,,,,,,,,,,,,,,,,,,,,,,,,,,,,,,,,,,,,,,,,
2024-02-06,993.0,995.0,2024-02-06T09:35:00,991.5,2024-02-06T15:09:00,20.9,25.1,2024-02-06T12:45:00,18.4,2024-02-06T02:19:00,89,71,2024-02-06T12:02:00,1.6,24,8.6,4,2024-02-06T12:21:00,0.0,,,,,,,,,,,,,,,,,,,,,,,0.0,2024-02-06T01:00:00,,,0,,100,2024-02-06T02:06:00,,,,,,,,,,,,,,,,,,,,,,,,,,,,,,,,,,,,,,,,,,,,,,,,,,,,,,,,,,,,,,,,,,,
2024-02-07,989.1,992.1,2024-02-07T00:04:00,985.8,2024-02-07T15:48:00,21.6,27.1,2024-02-07T11:02:00,17.6,2024-02-08T00:00:00,91,71,2024-02-07T14:37:00,1.1,27,8.0,33,2024-02-07T21:19:00,0.0,,,,,,,,,,,,,,,,,,,,,,,0.0,2024-02-07T01:00:00,,,0,,100,2024-02-07T02:21:00,,,,,,,,,,,,,,,,,,,,,,,,,,,,,,,,,,,,,,,,,,,,,,,,,,,,,,,,,,,,,,,,,,,
2024-02-08,989.7,991.5,2024-02-08T21:19:00,988.1,2024-02-08T15:57:00,18.4,21.7,2024-02-08T12:01:00,16.9,2024-02-08T03:32:00,90,74,2024-02-08T12:00:00,1.4,23,8.2,360,2024-02-08T15:25:00,0.0,,,,,,,,,,,,,,,,,,,,,,,0.0,2024-02-08T01:00:00,,,0,,100,2024-02-08T00:01:00,,,,,,,,,,,,,,,,,,,,,,,,,,,,,,,,,,,,,,,,,,,,,,,,,,,,,,,,,,,,,,,,,,,
2024-02-09,993.4,996.2,2024-02-09T22:53:00,990.8,2024-02-09T02:56:00,17.9,21.5,2024-02-09T10:45:00,16.4,2024-02-09T23:09:00,92,78,2024-02-09T10:49:00,1.1,22,8.9,317,2024-02-09T11:35:00,0.0,,,,,,,,,,,,,,,,,,,,,,,0.0,2024-02-09T01:00:00,,,0,,99,2024-02-09T06:20:00,,,,,,,,,,,,,,,,,,,,,,,,,,,,,,,,,,,,,,,,,,,,,,,,,,,,,,,,,,,,,,,,,,,
2024-02-10,996.8,999.0,2024-02-10T22:39:00,994.7,2024-02-10T04:57:00,16.4,19.3,2024-02-10T10:41:00,14.6,2024-02-10T05:50:00,89,79,2024-02-10T10:42:00,1.5,21,8.3,359,2024-02-10T13:20:00,0.0,,,,,,,,,,,,,,,,,,,,,,,0.0,2024-02-10T01:00:00,,,0,,100,2024-02-10T05:59:00,,,,,,,,,,,,,,,,,,,,,,,,,,,,,,,,,,,,,,,,,,,,,,,,,,,,,,,,,,,,,,,,,,,
2024-02-11,999.0,1000.6,2024-02-11T21:35:00,996.8,2024-02-11T03:25:00,17.3,21.5,2024-02-11T14:01:00,14.9,2024-02-11T23:41:00,74,63,2024-02-11T12:55:00,2.1,27,13.5,360,2024-02-11T11:03:00,0.0,,,,,,,,,,,,,,,,,,,,,,,0.0,2024-02-11T01:00:00,,,0,,86,2024-02-11T18:22:00,,,,,,,,,,,,,,,,,,,,,,,,,,,,,,,,,,,,,,,,,,,,,,,,,,,,,,,,,,,,,,,,,,,
2024-02-12,999.2,1000.7,2024-02-12T08:21:00,997.9,2024-02-12T14:38:00,17.6,22.1,2024-02-12T14:29:00,14.2,2024-02-12T02:58:00,73,59,2024-02-12T14:18:00,1.7,25,11.8,4,2024-02-12T10:03:00,0.0,,,,,,,,,,,,,,,,,,,,,,,0.0,2024-02-12T01:00:00,,,0,,82,2024-02-12T02:21:00,,,,,,,,,,,,,,,,,,,,,,,,,,,,,,,,,,,,,,,,,,,,,,,,,,,,,,,,,,,,,,,,,,,
2024-02-13,996.8,999.0,2024-02-13T00:09:00,994.7,2024-02-13T15:26:00,18.5,24.2,2024-02-13T13:59:00,14.8,2024-02-13T01:59:00,77,56,2024-02-13T13:38:00,1.2,33,9.4,2,2024-02-13T09:38:00,0.0,,,,,,,,,,,,,,,,,,,,,,,0.0,2024-02-13T01:00:00,,,0,,97,2024-02-13T23:22:00,,,,,,,,,,,,,,,,,,,,,,,,,,,,,,,,,,,,,,,,,,,,,,,,,,,,,,,,,,,,,,,,,,,
2024-02-14,993.8,996.0,2024-02-14T00:01:00,991.8,2024-02-14T15:04:00,19.6,26.4,2024-02-14T12:46:00,13.5,2024-02-14T05:49:00,83,57,2024-02-14T11:06:00,1.0,14,8.0,42,2024-02-14T12:36:00,0.0,,,,,,,,,,,,,,,,,,,,,,,0.0,2024-02-14T01:00:00,,,0,,100,2024-02-14T03:22:00,,,,,,,,,,,,,,,,,,,,,,,,,,,,,,,,,,,,,,,,,,,,,,,,,,,,,,,,,,,,,,,,,,,
2024-02-15,992.0,993.6,2024-02-15T08:24:00,989.7,2024-02-15T14:40:00,21.6,28.8,2024-02-15T14:40:00,17.3,2024-02-15T06:39:00,88,59,2024-02-15T11:15:00,0.5,39,4.7,195,2024-02-15T15:47:00,0.0,,,,,,,,,,,,,,,,,,,,,,,0.0,2024-02-15T01:00:00,,,0,,100,2024-02-15T03:00:00,,,,,,,,,,,,,,,,,,,,,,,,,,,,,,,,,,,,,,,,,,,,,,,,,,,,,,,,,,,,,,,,,,,
2024-02-16,992.5,994.4,2024-02-16T09:21:00,991.3,2024-02-16T03:43:00,19.7,24.2,2024-02-16T12:51:00,17.8,2024-02-16T23:57:00,95,76,2024-02-16T12:51:00,1.1,25,8.3,351,2024-02-16T17:00:00,1.5,,,,,,,,,,,,,,,,,,,,,,,1.0,2024-02-16T08:00:00,,,0,,100,2024-02-16T00:01:00,,,,,,,,,,,,,,,,,,,,,,,,,,,,,,,,,,,,,,,,,,,,,,,,,,,,,,,,,,,,,,,,,,,
2024-02-17,991.0,992.6,2024-02-17T09:00:00,989.3,2024-02-17T15:06:00,20.2,25.1,2024-02-17T14:08:00,16.5,2024-02-17T06:36:00,92,74,2024-02-17T14:08:00,1.0,25,7.1,349,2024-02-17T11:45:00,0.0,,,,,,,,,,,,,,,,,,,,,,,0.0,2024-02-17T01:00:00,,,0,,100,2024-02-17T00:15:00,,,,,,,,,,,,,,,,,,,,,,,,,,,,,,,,,,,,,,,,,,,,,,,,,,,,,,,,,,,,,,,,,,,
2024-02-18,990.9,992.4,2024-02-18T10:03:00,989.5,2024-02-18T15:03:00,22.1,26.9,2024-02-18T13:18:00,19.9,2024-02-18T00:30:00,92,71,2024-02-18T12:11:00,1.1,27,6.9,353,2024-02-18T13:24:00,0.0,,,,,,,,,,,,,,,,,,,,,,,0.0,2024-02-18T01:00:00,,,0,,100,2024-02-18T00:01:00,,,,,,,,,,,,,,,,,,,,,,,,,,,,,,,,,,,,,,,,,,,,,,,,,,,,,,,,,,,,,,,,,,,
2024-02-19,990.4,992.1,2024-02-19T09:07:00,988.7,2024-02-19T15:20:00,23.6,29.7,2024-02-19T12:54:00,19.8,2024-02-19T05:02:00,89,64,2024-02-19T12:54:00,1.0,216,7.0,229,2024-02-19T13:04:00,0.0,,,,,,,,,,,,,,,,,,,,,,,0.0,2024-02-19T01:00:00,,,0,,100,2024-02-19T00:01:00,,,,,,,,,,,,,,,,,,,,,,,,,,,,,,,,,,,,,,,,,,,,,,,,,,,,,,,,,,,,,,,,,,,
2024-02-20,990.7,992.6,2024-02-20T09:21:00,989.1,2024-02-20T15:10:00,23.4,29.3,2024-02-20T12:14:00,20.2,2024-02-20T21:49:00,92,67,2024-02-20T12:15:00,0.6,27,5.0,29,2024-02-20T15:12:00,0.0,,,,,,,,,,,,,,,,,,,,,,,0.0,2024-02-20T01:00:00,,,0,,100,2024-02-20T00:01:00,,,,,,,,,,,,,,,,,,,,,,,,,,,,,,,,,,,,,,,,,,,,,,,,,,,,,,,,,,,,,,,,,,,
2024-02-21,990.6,992.7,2024-02-21T09:45:00,988.7,2024-02-21T15:39:00,23.1,28.7,2024-02-21T14:30:00,20.1,2024-02-21T22:28:00,90,64,2024-02-21T14:30:00,1.0,36,7.4,36,2024-02-21T11:29:00,0.0,,,,,,,,,,,,,,,,,,,,,,,0.0,2024-02-21T01:00:00,,,0,,100,2024-02-21T20:01:00,,,,,,,,,,,,,,,,,,,,,,,,,,,,,,,,,,,,,,,,,,,,,,,,,,,,,,,,,,,,,,,,,,,
2024-02-22,991.4,992.8,2024-02-22T08:46:00,989.7,2024-02-22T03:52:00,23.6,30.0,2024-02-22T12:03:00,20.5,2024-02-22T00:01:00,89,64,2024-02-22T11:59:00,0.7,32,5.6,359,2024-02-22T12:09:00,0.0,,,,,,,,,,,,,,,,,,,,,,,0.0,2024-02-22T01:00:00,,,0,,100,2024-02-22T00:01:00,,,,,,,,,,,,,,,,,,,,,,,,,,,,,,,,,,,,,,,,,,,,,,,,,,,,,,,,,,,,,,,,,,,
2024-02-23,993.5,995.2,2024-02-23T09:33:00,991.6,2024-02-23T02:40:00,19.8,22.1,2024-02-23T14:39:00,18.9,2024-02-23T21:46:00,96,85,2024-02-23T14:40:00,1.6,25,9.0,33,2024-02-23T06:42:00,2.5,,,,,,,,,,,,,,,,,,,,,,,1.0,2024-02-23T06:00:00,,,0,,100,2024-02-23T00:05:00,,,,,,,,,,,,,,,,,,,,,,,,,,,,,,,,,,,,,,,,,,,,,,,,,,,,,,,,,,,,,,,,,,,
2024-02-24,993.5,995.1,2024-02-24T09:59:00,992.4,2024-02-24T14:13:00,20.4,25.2,2024-02-24T11:56:00,18.1,2024-02-24T05:13:00,91,73,2024-02-24T11:57:00,1.7,26,8.5,357,2024-02-24T09:23:00,0.0,,,,,,,,,,,,,,,,,,,,,,,0.0,2024-02-24T01:00:00,,,0,,100,2024-02-24T20:03:00,,,,,,,,,,,,,,,,,,,,,,,,,,,,,,,,,,,,,,,,,,,,,,,,,,,,,,,,,,,,,,,,,,,
2024-02-25,993.1,994.6,2024-02-25T22:01:00,991.5,2024-02-25T15:09:00,18.7,21.7,2024-02-25T13:18:00,16.4,2024-02-25T23:48:00,99,89,2024-02-25T13:21:00,1.4,26,10.1,50,2024-02-25T13:06:00,3.0,,,,,,,,,,,,,,,,,,,,,,,1.0,2024-02-25T19:00:00,,,0,,100,2024-02-25T00:01:00,,,,,,,,,,,,,,,,,,,,,,,,,,,,,,,,,,,,,,,,,,,,,,,,,,,,,,,,,,,,,,,,,,,
2024-02-26,993.9,996.3,2024-02-26T09:43:00,992.3,2024-02-26T15:10:00,17.9,22.5,2024-02-26T13:33:00,16.0,2024-02-26T01:32:00,94,74,2024-02-26T14:20:00,1.7,23,8.6,4,2024-02-26T12:23:00,0.0,,,,,,,,,,,,,,,,,,,,,,,0.0,2024-02-26T01:00:00,,,0,,100,2024-02-26T00:01:00,,,,,,,,,,,,,,,,,,,,,,,,,,,,,,,,,,,,,,,,,,,,,,,,,,,,,,,,,,,,,,,,,,,
2024-02-27,993.5,995.3,2024-02-27T08:26:00,992.0,2024-02-27T15:14:00,18.7,23.2,2024-02-27T13:38:00,16.5,2024-02-27T04:50:00,91,69,2024-02-27T13:40:00,1.6,21,8.8,355,2024-02-27T08:54:00,0.0,,,,,,,,,,,,,,,,,,,,,,,0.0,2024-02-27T01:00:00,,,0,,100,2024-02-27T18:48:00,,,,,,,,,,,,,,,,,,,,,,,,,,,,,,,,,,,,,,,,,,,,,,,,,,,,,,,,,,,,,,,,,,,
2024-02-28,992.0,994.0,2024-02-28T08:02:00,989.6,2024-02-28T14:50:00,20.1,25.8,2024-02-28T12:06:00,16.7,2024-02-28T06:29:00,89,64,2024-02-28T12:09:00,1.2,24,8.1,352,2024-02-28T10:23:00,0.0,,,,,,,,,,,,,,,,,,,,,,,0.0,2024-02-28T01:00:00,,,0,,100,2024-02-28T00:01:00,,,,,,,,,,,,,,,,,,,,,,,,,,,,,,,,,,,,,,,,,,,,,,,,,,,,,,,,,,,,,,,,,,,
2024-02-29,990.1,992.0,2024-02-29T00:01:00,987.6,2024-02-29T15:13:00,22.6,28.9,2024-02-29T14:00:00,18.8,2024-02-29T00:01:00,87,57,2024-02-29T14:00:00,0.8,19,5.8,6,2024-02-29T03:02:00,0.0,,,,,,,,,,,,,,,,,,,,,,,0.0,2024-02-29T01:00:00,,,0,,100,2024-02-29T00:01:00,,,,,,,,,,,,,,,,,,,,,,,,,,,,,,,,,,,,,,,,,,,,,,,,,,,,,,,,,,,,,,,,,,,
2024-03-01,991.4,993.6,2024-03-01T22:41:00,989.2,2024-03-01T02:54:00,17.5,20.3,2024-03-01T02:12:00,15.6,2024-03-01T21:07:00,99,94,2024-03-01T23:25:00,1.7,25,9.1,358,2024-03-01T07:56:00,0.5,,,,,,,,,,,,,,,,,,,,,,,0.5,2024-03-01T10:00:00,,,0,,100,2024-03-01T00:01:00,,,,,,,,,,,,,,,,,,,,,,,,,,,,,,,,,,,,,,,,,,,,,,,,,,,,,,,,,,,,,,,,,,,
2024-03-02,992.4,994.3,2024-03-02T09:24:00,990.6,2024-03-02T15:21:00,17.0,21.6,2024-03-02T12:39:00,15.2,2024-03-02T06:36:00,84,63,2024-03-02T12:45:00,1.7,22,9.7,45,2024-03-02T05:29:00,0.0,,,,,,,,,,,,,,,,,,,,,,,0.0,2024-03-02T01:00:00,,,0,,97,2024-03-02T00:01:00,,,,,,,,,,,,,,,,,,,,,,,,,,,,,,,,,,,,,,,,,,,,,,,,,,,,,,,,,,,,,,,,,,,
2024-03-03,991.0,993.5,2024-03-03T09:08:00,988.9,2024-03-03T16:22:00,18.6,24.4,2024-03-03T11:16:00,14.5,2024-03-03T03:17:00,87,63,2024-03-03T11:07:00,1.1,17,6.5,358,2024-03-03T09:18:00,0.0,,,,,,,,,,,,,,,,,,,,,,,0.0,2024-03-03T01:00:00,,,0,,100,2024-03-03T03:44:00,,,,,,,,,,,,,,,,,,,,,,,,,,,,,,,,,,,,,,,,,,,,,,,,,,,,,,,,,,,,,,,,,,,
2024-03-04,988.3,990.6,2024-03-04T07:11:00,985.7,2024-03-04T17:00:00,21.0,27.4,2024-03-04T12:11:00,15.6,2024-03-04T05:44:00,87,60,2024-03-04T12:20:00,0.8,24,6.0,34,2024-03-04T09:40:00,0.0,,,,,,,,,,,,,,,,,,,,,,,0.0,2024-03-04T01:00:00,,,0,,100,2024-03-04T23:24:00,,,,,,,,,,,,,,,,,,,,,,,,,,,,,,,,,,,,,,,,,,,,,,,,,,,,,,,,,,,,,,,,,,,
2024-03-05,984.5,987.0,2024-03-05T00:01:00,982.0,2024-03-05T16:15:00,24.7,29.1,2024-03-05T12:01:00,20.8,2024-03-05T03:34:00,84,64,2024-03-05T13:52:00,1.9,224,9.1,212,2024-03-05T13:18:00,0.0,,,,,,,,,,,,,,,,,,,,,,,0.0,2024-03-05T01:00:00,,,0,,100,2024-03-05T00:01:00,,,,,,,,,,,,,,,,,,,,,,,,,,,,,,,,,,,,,,,,,,,,,,,,,,,,,,,,,,,,,,,,,,,
2024-03-06,984.9,988.5,2024-03-06T23:58:00,981.7,2024-03-06T03:27:00,24.0,31.5,2024-03-06T11:27:00,18.2,2024-03-06T23:35:00,81,50,2024-03-06T11:29:00,1.8,27,11.6,234,2024-03-06T03:48:00,0.0,,,,,,,,,,,,,,,,,,,,,,,0.0,2024-03-06T01:00:00,,,0,,100,2024-03-06T21:02:00,,,,,,,,,,,,,,,,,,,,,,,,,,,,,,,,,,,,,,,,,,,,,,,,,,,,,,,,,,,,,,,,,,,
2024-03-07,989.0,990.7,2024-03-07T08:35:00,987.3,2024-03-07T03:27:00,18.0,19.6,2024-03-07T10:51:00,17.2,2024-03-07T03:54:00,94,85,2024-03-07T10:46:00,1.6,17,9.3,53,2024-03-07T07:52:00,0.0,,,,,,,,,,,,,,,,,,,,,,,0.0,2024-03-07T01:00:00,,,0,,100,2024-03-07T00:01:00,,,,,,,,,,,,,,,,,,,,,,,,,,,,,,,,,,,,,,,,,,,,,,,,,,,,,,,,,,,,,,,,,,,
2024-03-08,991.5,994.0,2024-03-08T23:23:00,989.2,2024-03-08T03:29:00,16.4,17.9,2024-03-08T14:52:00,15.1,2024-03-08T23:08:00,92,82,2024-03-08T14:52:00,2.1,21,12.0,41,2024-03-08T12:57:00,0.0,,,,,,,,,,,,,,,,,,,,,,,0.0,2024-03-08T01:00:00,,,0,,100,2024-03-08T06:51:00,,,,,,,,,,,,,,,,,,,,,,,,,,,,,,,,,,,,,,,,,,,,,,,,,,,,,,,,,,,,,,,,,,,
2024-03-09,993.5,995.6,2024-03-09T09:36:00,992.2,2024-03-09T14:48:00,16.3,20.1,2024-03-09T13:36:00,14.3,2024-03-09T05:48:00,77,61,2024-03-09T12:39:00,2.5,24,12.3,39,2024-03-09T11:43:00,0.0,,,,,,,,,,,,,,,,,,,,,,,0.0,2024-03-09T01:00:00,,,0,,94,2024-03-09T23:59:00,,,,,,,,,,,,,,,,,,,,,,,,,,,,,,,,,,,,,,,,,,,,,,,,,,,,,,,,,,,,,,,,,,,
2024-03-10,995.1,998.0,2024-03-10T10:05:00,993.5,2024-03-10T14:53:00,17.6,22.0,2024-03-10T13:34:00,13.9,2024-03-10T02:53:00,83,64,2024-03-10T13:35:00,2.0,25,10.3,346,2024-03-10T21:29:00,0.0,,,,,,,,,,,,,,,,,,,,,,,0.0,2024-03-10T01:00:00,,,0,,100,2024-03-10T02:47:00,,,,,,,,,,,,,,,,,,,,,,,,,,,,,,,,,,,,,,,,,,,,,,,,,,,,,,,,,,,,,,,,,,,
2024-03-11,990.8,995.4,2024-03-11T00:42:00,987.8,2024-03-11T17:18:00,21.2,27.7,2024-03-11T12:36:00,17.6,2024-03-11T00:56:00,82,59,2024-03-11T12:39:00,1.0,22,7.8,348,2024-03-11T01:23:00,0.0,,,,,,,,,,,,,,,,,,,,,,,0.0,2024-03-11T01:00:00,,,0,,99,2024-03-11T23:57:00,,,,,,,,,,,,,,,,,,,,,,,,,,,,,,,,,,,,,,,,,,,,,,,,,,,,,,,,,,,,,,,,,,,
2024-03-12,990.8,993.9,2024-03-12T23:18:00,986.4,2024-03-12T02:54:00,19.5,23.0,2024-03-12T13:51:00,17.1,2024-03-12T20:53:00,83,66,2024-03-12T13:42:00,1.8,24,10.6,11,2024-03-12T13:35:00,0.0,,,,,,,,,,,,,,,,,,,,,,,0.0,2024-03-12T01:00:00,,,0,,100,2024-03-12T04:55:00,,,,,,,,,,,,,,,,,,,,,,,,,,,,,,,,,,,,,,,,,,,,,,,,,,,,,,,,,,,,,,,,,,,
2024-03-13,993.4,995.2,2024-03-13T09:31:00,992.1,2024-03-13T14:56:00,18.8,23.1,2024-03-13T12:58:00,16.4,2024-03-13T02:36:00,74,59,2024-03-13T12:58:00,2.2,27,12.1,7,2024-03-13T11:43:00,0.0,,,,,,,,,,,,,,,,,,,,,,,0.0,2024-03-13T01:00:00,,,0,,88,2024-03-13T23:18:00,,,,,,,,,,,,,,,,,,,,,,,,,,,,,,,,,,,,,,,,,,,,,,,,,,,,,,,,,,,,,,,,,,,
2024-03-14,992.1,994.3,2024-03-14T09:47:00,989.7,2024-03-14T15:11:00,19.2,24.5,2024-03-14T13:32:00,15.2,2024-03-14T04:27:00,83,63,2024-03-14T13:33:00,1.2,26,7.4,359,2024-03-14T13:44:00,0.0,,,,,,,,,,,,,,,,,,,,,,,0.0,2024-03-14T01:00:00,,,0,,96,2024-03-14T04:40:00,,,,,,,,,,,,,,,,,,,,,,,,,,,,,,,,,,,,,,,,,,,,,,,,,,,,,,,,,,,,,,,,,,,
2024-03-15,992.3,993.7,2024-03-15T09:15:00,990.7,2024-03-15T14:40:00,20.4,26.3,2024-03-15T12:13:00,17.8,2024-03-15T05:33:00,82,60,2024-03-15T12:21:00,1.4,19,8.6,51,2024-03-15T10:56:00,0.0,,,,,,,,,,,,,,,,,,,,,,,0.0,2024-03-15T01:00:00,,,0,,92,2024-03-15T19:27:00,,,,,,,,,,,,,,,,,,,,,,,,,,,,,,,,,,,,,,,,,,,,,,,,,,,,,,,,,,,,,,,,,,,
2024-03-16,991.9,993.9,2024-03-16T08:57:00,989.6,2024-03-16T15:07:00,22.0,29.4,2024-03-16T13:52:00,16.8,2024-03-16T05:52:00,80,53,2024-03-16T10:43:00,0.9,30,6.5,346,2024-03-16T13:21:00,0.0,,,,,,,,,,,,,,,,,,,,,,,0.0,2024-03-16T01:00:00,,,0,,99,2024-03-16T22:37:00,,,,,,,,,,,,,,,,,,,,,,,,,,,,,,,,,,,,,,,,,,,,,,,,,,,,,,,,,,,,,,,,,,,
2024-03-17,990.0,992.3,2024-03-17T08:06:00,987.6,2024-03-17T16:52:00,22.3,29.5,2024-03-17T11:01:00,17.1,2024-03-17T05:53:00,89,60,2024-03-17T10:31:00,0.6,220,6.4,244,2024-03-17T14:49:00,0.0,,,,,,,,,,,,,,,,,,,,,,,0.0,2024-03-17T01:00:00,,,0,,100,2024-03-17T02:11:00,,,,,,,,,,,,,,,,,,,,,,,,,,,,,,,,,,,,,,,,,,,,,,,,,,,,,,,,,,,,,,,,,,,
2024-03-18,989.7,991.8,2024-03-18T10:10:00,988.2,2024-03-18T16:10:00,21.0,25.3,2024-03-18T14:27:00,19.7,2024-03-18T10:56:00,95,75,2024-03-18T14:54:00,1.3,25,9.7,360,2024-03-18T15:37:00,15.0,,,,,,,,,,,,,,,,,,,,,,,4.5,2024-03-18T08:00:00,,,0,,100,2024-03-18T00:01:00,,,,,,,,,,,,,,,,,,,,,,,,,,,,,,,,,,,,,,,,,,,,,,,,,,,,,,,,,,,,,,,,,,,
2024-03-19,991.2,994.4,2024-03-19T22:33:00,989.2,2024-03-19T03:07:00,19.7,25.1,2024-03-19T10:07:00,16.5,2024-03-19T23:54:00,95,78,2024-03-19T09:58:00,1.2,21,8.1,29,2024-03-19T23:39:00,0.0,,,,,,,,,,,,,,,,,,,,,,,0.0,2024-03-19T01:00:00,,,0,,100,2024-03-19T02:40:00,,,,,,,,,,,,,,,,,,,,,,,,,,,,,,,,,,,,,,,,,,,,,,,,,,,,,,,,,,,,,,,,,,,
2024-03-20,995.2,996.8,2024-03-20T08:13:00,993.4,2024-03-20T01:57:00,17.3,21.7,2024-03-20T14:14:00,15.3,2024-03-20T03:43:00,78,52,2024-03-20T14:14:00,3.0,24,14.6,360,2024-03-20T09:06:00,0.5,,,,,,,,,,,,,,,,,,,,,,,0.5,2024-03-20T02:00:00,,,0,,100,2024-03-20T00:01:00,,,,,,,,,,,,,,,,,,,,,,,,,,,,,,,,,,,,,,,,,,,,,,,,,,,,,,,,,,,,,,,,,,,
2024-03-21,992.1,995.5,2024-03-21T00:01:00,989.4,2024-03-21T15:52:00,17.9,23.5,2024-03-21T13:27:00,13.5,2024-03-21T06:01:00,73,54,2024-03-21T13:07:00,1.4,22,9.9,1,2024-03-21T11:31:00,0.0,,,,,,,,,,,,,,,,,,,,,,,0.0,2024-03-21T01:00:00,,,0,,89,2024-03-21T22:48:00,,,,,,,,,,,,,,,,,,,,,,,,,,,,,,,,,,,,,,,,,,,,,,,,,,,,,,,,,,,,,,,,,,,
2024-03-22,988.9,991.0,2024-03-22T00:01:00,986.9,2024-03-22T15:22:00,20.7,26.7,2024-03-22T13:19:00,15.6,2024-03-22T00:01:00,82,60,2024-03-22T12:13:00,1.2,26,6.9,1,2024-03-22T12:19:00,0.0,,,,,,,,,,,,,,,,,,,,,,,0.0,2024-03-22T01:00:00,,,0,,97,2024-03-22T23:24:00,,,,,,,,,,,,,,,,,,,,,,,,,,,,,,,,,,,,,,,,,,,,,,,,,,,,,,,,,,,,,,,,,,,
2024-03-23,988.9,990.6,2024-03-23T09:14:00,987.2,2024-03-23T04:12:00,23.5,28.4,2024-03-23T11:07:00,20.0,2024-03-23T00:48:00,92,73,2024-03-23T10:48:00,1.1,217,7.6,196,2024-03-23T11:45:00,0.0,,,,,,,,,,,,,,,,,,,,,,,0.0,2024-03-23T01:00:00,,,0,,100,2024-03-23T02:56:00,,,,,,,,,,,,,,,,,,,,,,,,,,,,,,,,,,,,,,,,,,,,,,,,,,,,,,,,,,,,,,,,,,,
2024-03-24,990.2,992.3,2024-03-24T08:58:00,988.1,2024-03-24T15:39:00,25.3,31.2,2024-03-24T14:22:00,21.2,2024-03-24T03:35:00,89,64,2024-03-24T13:44:00,0.6,29,5.5,184,2024-03-24T12:26:00,0.0,,,,,,,,,,,,,,,,,,,,,,,0.0,2024-03-24T01:00:00,,,0,,100,2024-03-24T00:01:00,,,,,,,,,,,,,,,,,,,,,,,,,,,,,,,,,,,,,,,,,,,,,,,,,,,,,,,,,,,,,,,,,,,
2024-03-25,988.9,991.0,2024-03-25T08:14:00,986.7,2024-03-25T16:06:00,25.8,31.7,2024-03-25T13:32:00,22.6,2024-03-25T03:31:00,85,59,2024-03-25T13:33:00,1.8,222,8.2,239,2024-03-25T14:24:00,0.0,,,,,,,,,,,,,,,,,,,,,,,0.0,2024-03-25T01:00:00,,,0,,100,2024-03-25T03:45:00,,,,,,,,,,,,,,,,,,,,,,,,,,,,,,,,,,,,,,,,,,,,,,,,,,,,,,,,,,,,,,,,,,,
2024-03-26,990.9,994.0,2024-03-26T21:24:00,987.8,2024-03-26T02:40:00,24.6,31.9,2024-03-26T12:44:00,20.1,2024-03-26T23:01:00,86,58,2024-03-26T10:47:00,1.8,25,12.1,33,2024-03-26T17:38:00,0.0,,,,,,,,,,,,,,,,,,,,,,,0.0,2024-03-26T01:00:00,,,0,,100,2024-03-26T03:24:00,,,,,,,,,,,,,,,,,,,,,,,,,,,,,,,,,,,,,,,,,,,,,,,,,,,,,,,,,,,,,,,,,,,
2024-03-27,992.5,994.6,2024-03-27T08:05:00,990.9,2024-03-27T15:10:00,22.0,27.7,2024-03-27T12:47:00,19.5,2024-03-27T05:22:00,85,65,2024-03-27T11:26:00,1.8,21,10.5,357,2024-03-27T00:15:00,0.0,,,,,,,,,,,,,,,,,,,,,,,0.0,2024-03-27T01:00:00,,,0,,96,2024-03-27T00:01:00,,,,,,,,,,,,,,,,,,,,,,,,,,,,,,,,,,,,,,,,,,,,,,,,,,,,,,,,,,,,,,,,,,,
2024-03-28,986.8,991.0,2024-03-28T00:01:00,984.3,2024-03-28T17:06:00,24.5,30.1,2024-03-28T13:04:00,20.1,2024-03-28T00:49:00,85,69,2024-03-28T13:04:00,1.6,228,9.9,223,2024-03-28T14:40:00,0.0,,,,,,,,,,,,,,,,,,,,,,,0.0,2024-03-28T01:00:00,,,0,,96,2024-03-28T01:28:00,,,,,,,,,,,,,,,,,,,,,,,,,,,,,,,,,,,,,,,,,,,,,,,,,,,,,,,,,,,,,,,,,,,
2024-03-29,987.5,990.3,2024-03-29T22:06:00,985.1,2024-03-29T05:03:00,24.7,29.9,2024-03-29T10:32:00,20.7,2024-03-29T23:58:00,84,66,2024-03-29T10:33:00,1.2,23,6.4,41,2024-03-29T10:11:00,0.0,,,,,,,,,,,,,,,,,,,,,,,0.0,2024-03-29T01:00:00,,,0,,100,2024-03-29T22:14:00,,,,,,,,,,,,,,,,,,,,,,,,,,,,,,,,,,,,,,,,,,,,,,,,,,,,,,,,,,,,,,,,,,,
2024-03-30,988.5,990.9,2024-03-30T08:59:00,986.6,2024-03-30T15:35:00,24.1,31.4,2024-03-30T13:38:00,19.6,2024-03-30T04:39:00,86,53,2024-03-30T12:51:00,1.1,224,6.3,239,2024-03-30T11:13:00,0.0,,,,,,,,,,,,,,,,,,,,,,,0.0,2024-03-30T01:00:00,,,0,,100,2024-03-30T00:58:00,,,,,,,,,,,,,,,,,,,,,,,,,,,,,,,,,,,,,,,,,,,,,,,,,,,,,,,,,,,,,,,,,,,
2024-03-31,986.1,987.7,2024-03-31T07:41:00,983.8,2024-03-31T15:08:00,25.6,30.8,2024-03-31T13:35:00,19.7,2024-03-31T03:23:00,82,53,2024-03-31T13:18:00,2.6,224,11.6,231,2024-03-31T16:23:00,0.0,,,,,,,,,,,,,,,,,,,,,,,0.0,2024-03-31T01:00:00,,,0,,100,2024-03-31T00:01:00,,,,,,,,,,,,,,,,,,,,,,,,,,,,,,,,,,,,,,,,,,,,,,,,,,,,,,,,,,,,,,,,,,,
2024-04-01,987.0,989.5,2024-04-01T09:43:00,985.0,2024-04-01T03:14:00,23.4,28.0,2024-04-01T13:56:00,19.7,2024-04-01T23:57:00,88,67,2024-04-01T13:24:00,1.2,21,7.9,153,2024-04-01T14:00:00,0.0,,,,,,,,,,,,,,,,,,,,,,,0.0,2024-04-01T01:00:00,,,0,,100,2024-04-01T08:58:00,,,,,,,,,,,,,,,,,,,,,,,,,,,,,,,,,,,,,,,,,,,,,,,,,,,,,,,,,,,,,,,,,,,
2024-04-02,986.0,987.9,2024-04-02T08:35:00,984.6,2024-04-02T16:52:00,24.5,32.0,2024-04-02T11:52:00,18.2,2024-04-02T04:27:00,88,65,2024-04-02T11:50:00,0.9,197,6.8,131,2024-04-02T12:26:00,0.0,,,,,,,,,,,,,,,,,,,,,,,0.0,2024-04-02T01:00:00,,,0,,100,2024-04-02T00:01:00,,,,,,,,,,,,,,,,,,,,,,,,,,,,,,,,,,,,,,,,,,,,,,,,,,,,,,,,,,,,,,,,,,,
2024-04-03,985.4,988.2,2024-04-03T08:43:00,983.1,2024-04-03T16:10:00,26.9,31.8,2024-04-03T13:27:00,22.7,2024-04-03T00:10:00,77,53,2024-04-03T13:04:00,2.4,222,10.0,236,2024-04-03T11:58:00,0.0,,,,,,,,,,,,,,,,,,,,,,,0.0,2024-04-03T01:00:00,,,0,,100,2024-04-03T00:01:00,,,,,,,,,,,,,,,,,,,,,,,,,,,,,,,,,,,,,,,,,,,,,,,,,,,,,,,,,,,,,,,,,,,
2024-04-04,986.2,988.8,2024-04-04T22:28:00,983.7,2024-04-04T15:44:00,25.9,32.7,2024-04-04T14:42:00,20.7,2024-04-05T00:00:00,75,38,2024-04-04T14:41:00,1.6,217,8.7,212,2024-04-04T14:20:00,0.0,,,,,,,,,,,,,,,,,,,,,,,0.0,2024-04-04T01:00:00,,,0,,100,2024-04-04T23:54:00,,,,,,,,,,,,,,,,,,,,,,,,,,,,,,,,,,,,,,,,,,,,,,,,,,,,,,,,,,,,,,,,,,,
2024-04-05,987.2,989.1,2024-04-05T22:00:00,985.3,2024-04-05T14:29:00,25.0,32.4,2024-04-05T11:29:00,20.2,2024-04-05T03:40:00,86,59,2024-04-05T10:31:00,1.7,22,8.9,357,2024-04-05T13:24:00,0.0,,,,,,,,,,,,,,,,,,,,,,,0.0,2024-04-05T01:00:00,,,0,,100,2024-04-05T00:01:00,,,,,,,,,,,,,,,,,,,,,,,,,,,,,,,,,,,,,,,,,,,,,,,,,,,,,,,,,,,,,,,,,,,
2024-04-06,987.6,989.1,2024-04-06T09:36:00,985.5,2024-04-06T15:17:00,25.1,30.6,2024-04-06T14:31:00,21.7,2024-04-06T05:51:00,87,63,2024-04-06T15:04:00,1.5,15,8.0,11,2024-04-06T10:27:00,0.0,,,,,,,,,,,,,,,,,,,,,,,0.0,2024-04-06T01:00:00,,,0,,99,2024-04-06T04:48:00,,,,,,,,,,,,,,,,,,,,,,,,,,,,,,,,,,,,,,,,,,,,,,,,,,,,,,,,,,,,,,,,,,,
2024-04-07,985.6,987.5,2024-04-07T08:30:00,983.3,2024-04-07T15:10:00,25.7,31.4,2024-04-07T11:37:00,22.4,2024-04-07T00:20:00,88,65,2024-04-07T12:41:00,1.1,23,7.4,186,2024-04-07T14:02:00,0.0,,,,,,,,,,,,,,,,,,,,,,,0.0,2024-04-07T01:00:00,,,0,,99,2024-04-07T00:25:00,,,,,,,,,,,,,,,,,,,,,,,,,,,,,,,,,,,,,,,,,,,,,,,,,,,,,,,,,,,,,,,,,,,
2024-04-08,985.5,987.7,2024-04-08T22:23:00,983.3,2024-04-08T16:06:00,25.7,30.3,2024-04-08T13:25:00,22.0,2024-04-08T05:14:00,87,67,2024-04-08T14:32:00,1.7,226,9.7,216,2024-04-08T13:34:00,0.0,,,,,,,,,,,,,,,,,,,,,,,0.0,2024-04-08T01:00:00,,,0,,100,2024-04-08T02:06:00,,,,,,,,,,,,,,,,,,,,,,,,,,,,,,,,,,,,,,,,,,,,,,,,,,,,,,,,,,,,,,,,,,,
2024-04-09,989.0,991.5,2024-04-09T21:41:00,985.9,2024-04-09T02:38:00,22.2,24.1,2024-04-09T10:05:00,20.2,2024-04-09T17:57:00,93,85,2024-04-09T09:54:00,2.4,22,10.6,4,2024-04-09T10:49:00,0.0,,,,,,,,,,,,,,,,,,,,,,,0.0,2024-04-09T01:00:00,,,0,,100,2024-04-09T06:18:00,,,,,,,,,,,,,,,,,,,,,,,,,,,,,,,,,,,,,,,,,,,,,,,,,,,,,,,,,,,,,,,,,,,
2024-04-10,990.3,992.0,2024-04-10T09:43:00,988.8,2024-04-10T03:55:00,23.0,28.8,2024-04-10T12:51:00,19.6,2024-04-10T02:33:00,84,63,2024-04-10T12:51:00,2.0,21,10.2,4,2024-04-10T09:14:00,0.0,,,,,,,,,,,,,,,,,,,,,,,0.0,2024-04-10T01:00:00,,,0,,95,2024-04-10T02:33:00,,,,,,,,,,,,,,,,,,,,,,,,,,,,,,,,,,,,,,,,,,,,,,,,,,,,,,,,,,,,,,,,,,,
2024-04-11,989.3,990.9,2024-04-11T09:58:00,987.8,2024-04-11T15:20:00,23.9,30.6,2024-04-11T12:21:00,19.2,2024-04-11T05:45:00,86,61,2024-04-11T12:15:00,1.0,19,6.8,360,2024-04-11T08:15:00,0.0,,,,,,,,,,,,,,,,,,,,,,,0.0,2024-04-11T01:00:00,,,0,,99,2024-04-11T05:54:00,,,,,,,,,,,,,,,,,,,,,,,,,,,,,,,,,,,,,,,,,,,,,,,,,,,,,,,,,,,,,,,,,,,
2024-04-12,987.2,989.0,2024-04-12T00:01:00,985.1,2024-04-12T16:42:00,24.8,29.1,2024-04-12T12:35:00,21.6,2024-04-12T05:52:00,90,73,2024-04-12T10:00:00,0.9,221,5.8,232,2024-04-12T16:39:00,0.0,,,,,,,,,,,,,,,,,,,,,,,0.0,2024-04-12T01:00:00,,,0,,100,2024-04-12T04:11:00,,,,,,,,,,,,,,,,,,,,,,,,,,,,,,,,,,,,,,,,,,,,,,,,,,,,,,,,,,,,,,,,,,,
2024-04-13,986.3,987.6,2024-04-13T22:23:00,985.0,2024-04-13T03:20:00,25.3,31.8,2024-04-13T11:09:00,21.8,2024-04-13T04:10:00,88,66,2024-04-13T11:10:00,0.7,30,7.8,201,2024-04-13T13:16:00,0.0,,,,,,,,,,,,,,,,,,,,,,,0.0,2024-04-13T01:00:00,,,0,,100,2024-04-13T00:01:00,,,,,,,,,,,,,,,,,,,,,,,,,,,,,,,,,,,,,,,,,,,,,,,,,,,,,,,,,,,,,,,,,,,
2024-04-14,986.5,988.2,2024-04-14T08:57:00,985.0,2024-04-14T14:56:00,26.1,31.7,2024-04-14T12:13:00,22.1,2024-04-14T01:52:00,88,65,2024-04-14T12:14:00,1.8,218,8.7,232,2024-04-14T12:06:00,0.0,,,,,,,,,,,,,,,,,,,,,,,0.0,2024-04-14T01:00:00,,,0,,100,2024-04-14T00:01:00,,,,,,,,,,,,,,,,,,,,,,,,,,,,,,,,,,,,,,,,,,,,,,,,,,,,,,,,,,,,,,,,,,,
2024-04-15,986.2,987.9,2024-04-15T20:43:00,984.4,2024-04-15T02:41:00,27.2,33.5,2024-04-15T13:31:00,22.6,2024-04-15T23:49:00,82,55,2024-04-15T13:23:00,1.5,208,9.1,239,2024-04-15T06:26:00,0.0,,,,,,,,,,,,,,,,,,,,,,,0.0,2024-04-15T01:00:00,,,0,,100,2024-04-15T21:15:00,,,,,,,,,,,,,,,,,,,,,,,,,,,,,,,,,,,,,,,,,,,,,,,,,,,,,,,,,,,,,,,,,,,
2024-04-16,985.7,987.4,2024-04-16T00:01:00,983.9,2024-04-16T17:08:00,26.6,34.3,2024-04-16T11:37:00,22.5,2024-04-16T23:33:00,86,53,2024-04-16T11:35:00,1.1,217,8.0,214,2024-04-16T14:17:00,0.0,,,,,,,,,,,,,,,,,,,,,,,0.0,2024-04-16T01:00:00,,,0,,100,2024-04-16T00:01:00,,,,,,,,,,,,,,,,,,,,,,,,,,,,,,,,,,,,,,,,,,,,,,,,,,,,,,,,,,,,,,,,,,,
2024-04-17,983.9,986.8,2024-04-17T08:02:00,981.2,2024-04-17T15:56:00,26.4,30.7,2024-04-17T10:32:00,22.0,2024-04-17T06:05:00,81,56,2024-04-17T23:25:00,2.0,235,11.5,230,2024-04-17T18:29:00,0.0,,,,,,,,,,,,,,,,,,,,,,,0.0,2024-04-17T01:00:00,,,0,,100,2024-04-17T00:01:00,,,,,,,,,,,,,,,,,,,,,,,,,,,,,,,,,,,,,,,,,,,,,,,,,,,,,,,,,,,,,,,,,,,
2024-04-18,983.4,986.5,2024-04-18T20:51:00,980.9,2024-04-18T03:02:00,25.5,31.5,2024-04-18T10:45:00,22.1,2024-04-18T23:51:00,82,59,2024-04-18T00:01:00,1.5,18,9.3,13,2024-04-18T03:02:00,0.0,,,,,,,,,,,,,,,,,,,,,,,0.0,2024-04-18T01:00:00,,,0,,94,2024-04-18T12:29:00,,,,,,,,,,,,,,,,,,,,,,,,,,,,,,,,,,,,,,,,,,,,,,,,,,,,,,,,,,,,,,,,,,,
2024-04-19,984.7,986.2,2024-04-19T08:04:00,982.6,2024-04-19T14:21:00,25.0,31.2,2024-04-19T12:53:00,21.0,2024-04-19T04:28:00,83,60,2024-04-19T12:25:00,1.4,23,8.6,7,2024-04-19T13:20:00,0.0,,,,,,,,,,,,,,,,,,,,,,,0.0,2024-04-19T01:00:00,,,0,,100,2024-04-19T21:57:00,,,,,,,,,,,,,,,,,,,,,,,,,,,,,,,,,,,,,,,,,,,,,,,,,,,,,,,,,,,,,,,,,,,
2024-04-20,983.6,985.3,2024-04-20T23:20:00,981.2,2024-04-20T16:30:00,26.0,31.6,2024-04-20T14:23:00,19.9,2024-04-20T05:50:00,80,54,2024-04-20T16:19:00,2.0,211,9.0,211,2024-04-20T14:51:00,0.0,,,,,,,,,,,,,,,,,,,,,,,0.0,2024-04-20T01:00:00,,,0,,100,2024-04-20T00:01:00,,,,,,,,,,,,,,,,,,,,,,,,,,,,,,,,,,,,,,,,,,,,,,,,,,,,,,,,,,,,,,,,,,,
2024-04-21,984.8,986.3,2024-04-21T22:13:00,983.4,2024-04-21T15:25:00,27.1,33.6,2024-04-21T12:38:00,21.3,2024-04-21T05:10:00,78,41,2024-04-21T12:38:00,2.2,221,7.5,239,2024-04-21T09:54:00,0.0,,,,,,,,,,,,,,,,,,,,,,,0.0,2024-04-21T01:00:00,,,0,,99,2024-04-21T03:53:00,,,,,,,,,,,,,,,,,,,,,,,,,,,,,,,,,,,,,,,,,,,,,,,,,,,,,,,,,,,,,,,,,,,
2024-04-22,984.0,985.6,2024-04-22T09:17:00,981.7,2024-04-22T15:59:00,27.0,33.5,2024-04-22T12:26:00,22.1,2024-04-22T05:20:00,79,53,2024-04-22T12:18:00,1.8,204,8.3,230,2024-04-22T15:45:00,0.0,,,,,,,,,,,,,,,,,,,,,,,0.0,2024-04-22T01:00:00,,,0,,100,2024-04-22T02:26:00,,,,,,,,,,,,,,,,,,,,,,,,,,,,,,,,,,,,,,,,,,,,,,,,,,,,,,,,,,,,,,,,,,,
2024-04-23,983.1,984.1,2024-04-23T07:58:00,981.6,2024-04-23T15:50:00,26.8,31.3,2024-04-23T11:11:00,23.1,2024-04-23T04:39:00,76,55,2024-04-23T11:33:00,2.1,226,9.8,218,2024-04-23T14:58:00,0.0,,,,,,,,,,,,,,,,,,,,,,,0.0,2024-04-23T01:00:00,,,0,,91,2024-04-23T04:51:00,,,,,,,,,,,,,,,,,,,,,,,,,,,,,,,,,,,,,,,,,,,,,,,,,,,,,,,,,,,,,,,,,,,
2024-04-24,983.9,986.5,2024-04-24T22:15:00,982.2,2024-04-24T15:34:00,25.9,31.7,2024-04-24T10:17:00,21.8,2024-04-24T23:29:00,82,47,2024-04-24T08:59:00,1.6,209,8.1,210,2024-04-24T12:47:00,1.0,,,,,,,,,,,,,,,,,,,,,,,0.5,2024-04-24T19:00:00,,,0,,100,2024-04-24T18:16:00,,,,,,,,,,,,,,,,,,,,,,,,,,,,,,,,,,,,,,,,,,,,,,,,,,,,,,,,,,,,,,,,,,,
2024-04-25,983.8,986.4,2024-04-25T10:23:00,981.7,2024-04-25T16:40:00,23.1,26.6,2024-04-25T14:41:00,21.1,2024-04-25T11:05:00,97,83,2024-04-25T14:42:00,0.6,17,5.0,4,2024-04-25T10:26:00,35.0,,,,,,,,,,,,,,,,,,,,,,,15.0,2024-04-25T11:00:00,,,0,,100,2024-04-25T00:01:00,,,,,,,,,,,,,,,,,,,,,,,,,,,,,,,,,,,,,,,,,,,,,,,,,,,,,,,,,,,,,,,,,,,
2024-04-26,982.0,983.8,2024-04-26T00:01:00,979.6,2024-04-26T14:42:00,24.0,30.2,2024-04-26T11:27:00,20.7,2024-04-26T17:20:00,90,65,2024-04-26T11:21:00,2.2,217,15.1,3,2024-04-26T15:57:00,20.5,,,,,,,,,,,,,,,,,,,,,,,5.5,2024-04-26T17:00:00,,,0,,100,2024-04-26T00:01:00,,,,,,,,,,,,,,,,,,,,,,,,,,,,,,,,,,,,,,,,,,,,,,,,,,,,,,,,,,,,,,,,,,,
2024-04-27,983.8,985.7,2024-04-27T08:46:00,980.8,2024-04-27T15:21:00,23.1,28.2,2024-04-27T16:49:00,20.6,2024-04-27T06:35:00,96,67,2024-04-27T16:44:00,1.2,201,8.7,211,2024-04-27T11:34:00,11.0,,,,,,,,,,,,,,,,,,,,,,,3.0,2024-04-27T04:00:00,,,0,,100,2024-04-27T01:15:00,,,,,,,,,,,,,,,,,,,,,,,,,,,,,,,,,,,,,,,,,,,,,,,,,,,,,,,,,,,,,,,,,,,
2024-04-28,984.7,986.0,2024-04-28T09:29:00,982.3,2024-04-28T16:41:00,26.4,31.4,2024-04-28T12:25:00,22.1,2024-04-28T05:19:00,84,63,2024-04-28T12:19:00,1.2,212,8.6,227,2024-04-28T12:11:00,0.5,,,,,,,,,,,,,,,,,,,,,,,0.5,2024-04-28T03:00:00,,,0,,100,2024-04-28T00:01:00,,,,,,,,,,,,,,,,,,,,,,,,,,,,,,,,,,,,,,,,,,,,,,,,,,,,,,,,,,,,,,,,,,,
2024-04-29,983.4,985.5,2024-04-29T09:03:00,981.2,2024-04-29T15:42:00,27.4,31.6,2024-04-29T12:23:00,22.9,2024-04-29T23:53:00,75,56,2024-04-29T14:57:00,2.5,206,10.5,240,2024-04-29T11:59:00,0.0,,,,,,,,,,,,,,,,,,,,,,,0.0,2024-04-29T01:00:00,,,0,,100,2024-04-29T22:21:00,,,,,,,,,,,,,,,,,,,,,,,,,,,,,,,,,,,,,,,,,,,,,,,,,,,,,,,,,,,,,,,,,,,
2024-04-30,981.7,982.9,2024-04-30T09:39:00,979.8,2024-04-30T15:21:00,26.6,31.5,2024-04-30T13:08:00,21.6,2024-04-30T05:39:00,82,61,2024-04-30T11:06:00,1.8,217,8.7,239,2024-04-30T12:26:00,0.0,,,,,,,,,,,,,,,,,,,,,,,0.0,2024-04-30T01:00:00,,,0,,100,2024-04-30T00:01:00,,,,,,,,,,,,,,,,,,,,,,,,,,,,,,,,,,,,,,,,,,,,,,,,,,,,,,,,,,,,,,,,,,,
2024-05-01,983.1,986.0,2024-05-01T21:11:00,981.2,2024-05-01T03:19:00,27.0,35.4,2024-05-01T12:35:00,21.9,2024-05-01T02:43:00,76,37,2024-05-01T11:45:00,1.2,16,12.6,219,2024-05-01T05:20:00,0.0,,,,,,,,,,,,,,,,,,,,,,,0.0,2024-05-01T01:00:00,,,0,,100,2024-05-01T02:27:00,,,,,,,,,,,,,,,,,,,,,,,,,,,,,,,,,,,,,,,,,,,,,,,,,,,,,,,,,,,,,,,,,,,
2024-05-02,986.2,988.2,2024-05-02T22:02:00,984.4,2024-05-02T03:17:00,25.3,30.1,2024-05-02T12:51:00,23.1,2024-05-02T05:23:00,88,70,2024-05-02T12:12:00,1.9,23,8.9,334,2024-05-02T13:12:00,0.0,,,,,,,,,,,,,,,,,,,,,,,0.0,2024-05-02T01:00:00,,,0,,98,2024-05-02T05:39:00,,,,,,,,,,,,,,,,,,,,,,,,,,,,,,,,,,,,,,,,,,,,,,,,,,,,,,,,,,,,,,,,,,,
2024-05-03,986.7,988.1,2024-05-03T08:28:00,985.0,2024-05-03T14:48:00,25.3,30.2,2024-05-03T13:54:00,22.5,2024-05-03T01:35:00,88,68,2024-05-03T13:54:00,1.9,18,8.7,4,2024-05-03T09:23:00,0.0,,,,,,,,,,,,,,,,,,,,,,,0.0,2024-05-03T01:00:00,,,0,,98,2024-05-03T03:42:00,,,,,,,,,,,,,,,,,,,,,,,,,,,,,,,,,,,,,,,,,,,,,,,,,,,,,,,,,,,,,,,,,,,
2024-05-04,985.0,986.5,2024-05-04T08:13:00,982.9,2024-05-04T16:12:00,26.5,31.6,2024-05-04T14:04:00,22.9,2024-05-04T05:17:00,84,63,2024-05-04T15:07:00,1.6,17,8.1,11,2024-05-04T09:19:00,0.0,,,,,,,,,,,,,,,,,,,,,,,0.0,2024-05-04T01:00:00,,,0,,97,2024-05-04T20:38:00,,,,,,,,,,,,,,,,,,,,,,,,,,,,,,,,,,,,,,,,,,,,,,,,,,,,,,,,,,,,,,,,,,,
2024-05-05,984.4,986.1,2024-05-05T09:17:00,982.9,2024-05-05T16:24:00,27.0,33.2,2024-05-05T13:48:00,23.6,2024-05-05T02:19:00,89,62,2024-05-05T13:49:00,1.9,225,8.2,237,2024-05-05T15:11:00,0.0,,,,,,,,,,,,,,,,,,,,,,,0.0,2024-05-05T01:00:00,,,0,,100,2024-05-05T01:23:00,,,,,,,,,,,,,,,,,,,,,,,,,,,,,,,,,,,,,,,,,,,,,,,,,,,,,,,,,,,,,,,,,,,
2024-05-06,985.2,987.5,2024-05-06T22:14:00,983.5,2024-05-06T14:46:00,27.8,31.7,2024-05-06T13:02:00,24.5,2024-05-06T02:26:00,83,66,2024-05-06T12:38:00,1.5,220,8.6,207,2024-05-06T11:32:00,0.0,,,,,,,,,,,,,,,,,,,,,,,0.0,2024-05-06T01:00:00,,,0,,100,2024-05-06T02:31:00,,,,,,,,,,,,,,,,,,,,,,,,,,,,,,,,,,,,,,,,,,,,,,,,,,,,,,,,,,,,,,,,,,,
2024-05-07,987.2,988.8,2024-05-07T21:59:00,985.9,2024-05-07T16:26:00,26.7,32.7,2024-05-07T12:52:00,22.8,2024-05-07T23:56:00,88,64,2024-05-07T12:22:00,2.0,20,9.3,6,2024-05-07T10:17:00,0.5,,,,,,,,,,,,,,,,,,,,,,,0.5,2024-05-07T18:00:00,,,0,,100,2024-05-07T17:54:00,,,,,,,,,,,,,,,,,,,,,,,,,,,,,,,,,,,,,,,,,,,,,,,,,,,,,,,,,,,,,,,,,,,
2024-05-08,987.8,989.5,2024-05-08T20:54:00,986.5,2024-05-08T16:34:00,24.1,30.8,2024-05-08T13:19:00,21.2,2024-05-08T18:35:00,88,62,2024-05-08T11:30:00,1.8,17,9.4,7,2024-05-08T23:56:00,8.5,,,,,,,,,,,,,,,,,,,,,,,4.0,2024-05-08T15:00:00,,,0,,100,2024-05-08T02:18:00,,,,,,,,,,,,,,,,,,,,,,,,,,,,,,,,,,,,,,,,,,,,,,,,,,,,,,,,,,,,,,,,,,,
2024-05-09,989.7,991.4,2024-05-09T20:54:00,987.9,2024-05-09T00:45:00,22.9,26.9,2024-05-09T12:46:00,20.0,2024-05-09T02:33:00,81,65,2024-05-09T11:40:00,3.0,19,13.8,10,2024-05-09T10:55:00,0.5,,,,,,,,,,,,,,,,,,,,,,,0.5,2024-05-09T02:00:00,,,0,,100,2024-05-09T01:12:00,,,,,,,,,,,,,,,,,,,,,,,,,,,,,,,,,,,,,,,,,,,,,,,,,,,,,,,,,,,,,,,,,,,
2024-05-10,990.0,991.3,2024-05-10T10:48:00,988.9,2024-05-10T15:41:00,24.2,28.9,2024-05-10T12:57:00,20.6,2024-05-10T01:52:00,79,62,2024-05-10T13:18:00,1.7,22,9.5,10,2024-05-10T10:24:00,0.0,,,,,,,,,,,,,,,,,,,,,,,0.0,2024-05-10T01:00:00,,,0,,92,2024-05-10T04:15:00,,,,,,,,,,,,,,,,,,,,,,,,,,,,,,,,,,,,,,,,,,,,,,,,,,,,,,,,,,,,,,,,,,,
2024-05-11,988.6,990.5,2024-05-11T07:50:00,987.0,2024-05-11T16:00:00,25.9,32.2,2024-05-11T13:12:00,22.0,2024-05-11T05:24:00,80,55,2024-05-11T11:19:00,1.0,20,6.0,73,2024-05-11T00:21:00,0.0,,,,,,,,,,,,,,,,,,,,,,,0.0,2024-05-11T01:00:00,,,0,,95,2024-05-11T21:31:00,,,,,,,,,,,,,,,,,,,,,,,,,,,,,,,,,,,,,,,,,,,,,,,,,,,,,,,,,,,,,,,,,,,
2024-05-12,985.5,987.9,2024-05-12T00:01:00,983.0,2024-05-12T16:32:00,26.8,31.6,2024-05-12T12:55:00,23.0,2024-05-12T00:31:00,86,64,2024-05-12T12:21:00,1.8,225,6.8,234,2024-05-12T11:49:00,0.0,,,,,,,,,,,,,,,,,,,,,,,0.0,2024-05-12T01:00:00,,,0,,96,2024-05-12T05:09:00,,,,,,,,,,,,,,,,,,,,,,,,,,,,,,,,,,,,,,,,,,,,,,,,,,,,,,,,,,,,,,,,,,,
2024-05-13,985.0,987.2,2024-05-13T21:50:00,982.7,2024-05-13T02:09:00,23.8,28.1,2024-05-13T09:24:00,20.5,2024-05-13T21:12:00,91,79,2024-05-13T09:55:00,1.8,20,10.6,12,2024-05-13T12:29:00,0.0,,,,,,,,,,,,,,,,,,,,,,,0.0,2024-05-13T01:00:00,,,0,,100,2024-05-13T04:33:00,,,,,,,,,,,,,,,,,,,,,,,,,,,,,,,,,,,,,,,,,,,,,,,,,,,,,,,,,,,,,,,,,,,
2024-05-14,987.0,988.3,2024-05-14T20:40:00,985.4,2024-05-14T15:52:00,22.6,26.8,2024-05-14T11:43:00,20.0,2024-05-14T05:34:00,88,71,2024-05-14T11:44:00,1.6,19,9.7,8,2024-05-14T09:51:00,0.0,,,,,,,,,,,,,,,,,,,,,,,0.0,2024-05-14T01:00:00,,,0,,99,2024-05-14T05:33:00,,,,,,,,,,,,,,,,,,,,,,,,,,,,,,,,,,,,,,,,,,,,,,,,,,,,,,,,,,,,,,,,,,,
2024-05-15,987.8,989.3,2024-05-15T21:22:00,986.3,2024-05-15T02:30:00,24.6,30.6,2024-05-15T12:07:00,20.1,2024-05-15T05:11:00,87,64,2024-05-15T11:32:00,1.6,20,7.5,4,2024-05-15T15:31:00,0.0,,,,,,,,,,,,,,,,,,,,,,,0.0,2024-05-15T01:00:00,,,0,,100,2024-05-15T22:30:00,,,,,,,,,,,,,,,,,,,,,,,,,,,,,,,,,,,,,,,,,,,,,,,,,,,,,,,,,,,,,,,,,,,
2024-05-16,988.6,990.0,2024-05-16T07:53:00,987.3,2024-05-16T14:59:00,23.7,28.3,2024-05-16T12:58:00,21.2,2024-05-16T02:53:00,78,59,2024-05-16T10:26:00,3.0,22,17.6,8,2024-05-16T12:25:00,0.0,,,,,,,,,,,,,,,,,,,,,,,0.0,2024-05-16T01:00:00,,,0,,100,2024-05-16T00:01:00,,,,,,,,,,,,,,,,,,,,,,,,,,,,,,,,,,,,,,,,,,,,,,,,,,,,,,,,,,,,,,,,,,,
2024-05-17,986.5,988.2,2024-05-17T00:01:00,985.1,2024-05-17T16:00:00,24.1,29.5,2024-05-17T12:25:00,21.5,2024-05-17T01:56:00,81,64,2024-05-17T10:14:00,1.3,16,7.3,4,2024-05-17T09:59:00,0.0,,,,,,,,,,,,,,,,,,,,,,,0.0,2024-05-17T01:00:00,,,0,,90,2024-05-17T00:01:00,,,,,,,,,,,,,,,,,,,,,,,,,,,,,,,,,,,,,,,,,,,,,,,,,,,,,,,,,,,,,,,,,,,
2024-05-18,983.7,985.9,2024-05-18T00:01:00,981.8,2024-05-18T15:49:00,25.6,31.6,2024-05-18T13:06:00,21.3,2024-05-18T03:51:00,79,54,2024-05-18T11:38:00,1.7,17,7.9,3,2024-05-18T12:41:00,0.0,,,,,,,,,,,,,,,,,,,,,,,0.0,2024-05-18T01:00:00,,,0,,99,2024-05-18T22:08:00,,,,,,,,,,,,,,,,,,,,,,,,,,,,,,,,,,,,,,,,,,,,,,,,,,,,,,,,,,,,,,,,,,,
2024-05-19,982.8,984.3,2024-05-19T22:09:00,981.4,2024-05-19T16:04:00,26.0,32.2,2024-05-19T12:44:00,22.6,2024-05-19T04:10:00,82,57,2024-05-19T12:29:00,1.7,18,9.8,47,2024-05-19T11:19:00,0.0,,,,,,,,,,,,,,,,,,,,,,,0.0,2024-05-19T01:00:00,,,0,,97,2024-05-19T00:01:00,,,,,,,,,,,,,,,,,,,,,,,,,,,,,,,,,,,,,,,,,,,,,,,,,,,,,,,,,,,,,,,,,,,
2024-05-20,983.4,985.7,2024-05-20T22:14:00,981.5,2024-05-20T03:19:00,24.4,27.2,2024-05-20T09:15:00,22.9,2024-05-20T01:49:00,95,81,2024-05-20T09:16:00,1.1,19,8.0,12,2024-05-20T11:38:00,1.0,,,,,,,,,,,,,,,,,,,,,,,1.0,2024-05-20T07:00:00,,,0,,100,2024-05-20T00:30:00,,,,,,,,,,,,,,,,,,,,,,,,,,,,,,,,,,,,,,,,,,,,,,,,,,,,,,,,,,,,,,,,,,,
2024-05-21,984.1,985.4,2024-05-21T21:15:00,982.6,2024-05-21T15:27:00,26.8,33.5,2024-05-21T12:02:00,23.0,2024-05-21T02:31:00,90,61,2024-05-21T12:02:00,0.5,136,4.8,139,2024-05-21T10:46:00,0.0,,,,,,,,,,,,,,,,,,,,,,,0.0,2024-05-21T01:00:00,,,0,,100,2024-05-21T00:28:00,,,,,,,,,,,,,,,,,,,,,,,,,,,,,,,,,,,,,,,,,,,,,,,,,,,,,,,,,,,,,,,,,,,
2024-05-22,983.5,985.0,2024-05-22T09:01:00,981.9,2024-05-22T15:53:00,27.7,32.6,2024-05-22T11:11:00,24.1,2024-05-22T05:23:00,84,62,2024-05-22T11:12:00,1.5,211,7.8,229,2024-05-22T12:22:00,0.0,,,,,,,,,,,,,,,,,,,,,,,0.0,2024-05-22T01:00:00,,,0,,100,2024-05-22T00:01:00,,,,,,,,,,,,,,,,,,,,,,,,,,,,,,,,,,,,,,,,,,,,,,,,,,,,,,,,,,,,,,,,,,,
2024-05-23,983.8,985.4,2024-05-23T22:43:00,982.5,2024-05-23T15:49:00,27.3,33.7,2024-05-23T11:53:00,23.9,2024-05-23T04:27:00,83,55,2024-05-23T12:03:00,1.3,220,7.5,218,2024-05-23T10:33:00,0.0,,,,,,,,,,,,,,,,,,,,,,,0.0,2024-05-23T01:00:00,,,0,,100,2024-05-23T01:10:00,,,,,,,,,,,,,,,,,,,,,,,,,,,,,,,,,,,,,,,,,,,,,,,,,,,,,,,,,,,,,,,,,,,
2024-05-24,985.0,986.6,2024-05-24T21:31:00,983.8,2024-05-24T14:51:00,26.9,33.8,2024-05-24T13:06:00,23.7,2024-05-24T01:13:00,91,60,2024-05-24T13:07:00,0.5,24,6.1,1,2024-05-24T11:54:00,11.5,,,,,,,,,,,,,,,,,,,,,,,10.0,2024-05-24T17:00:00,,,0,,100,2024-05-24T00:43:00,,,,,,,,,,,,,,,,,,,,,,,,,,,,,,,,,,,,,,,,,,,,,,,,,,,,,,,,,,,,,,,,,,,
2024-05-25,985.4,986.7,2024-05-25T08:38:00,984.0,2024-05-25T02:35:00,25.4,31.1,2024-05-25T11:40:00,23.3,2024-05-25T21:20:00,95,73,2024-05-25T11:24:00,1.2,17,9.7,345,2024-05-25T11:02:00,4.5,,,,,,,,,,,,,,,,,,,,,,,4.5,2024-05-25T15:00:00,,,0,,100,2024-05-25T00:01:00,,,,,,,,,,,,,,,,,,,,,,,,,,,,,,,,,,,,,,,,,,,,,,,,,,,,,,,,,,,,,,,,,,,
2024-05-26,983.6,985.3,2024-05-26T00:01:00,982.0,2024-05-26T23:22:00,26.9,34.0,2024-05-26T13:36:00,24.2,2024-05-26T00:01:00,92,62,2024-05-26T13:35:00,0.9,17,5.8,5,2024-05-26T12:01:00,4.5,,,,,,,,,,,,,,,,,,,,,,,3.5,2024-05-26T16:00:00,,,0,,100,2024-05-26T16:05:00,,,,,,,,,,,,,,,,,,,,,,,,,,,,,,,,,,,,,,,,,,,,,,,,,,,,,,,,,,,,,,,,,,,
2024-05-27,979.4,982.1,2024-05-27T00:01:00,977.4,2024-05-27T23:41:00,26.6,31.2,2024-05-27T10:54:00,24.5,2024-05-27T06:39:00,95,78,2024-05-27T15:17:00,1.5,228,10.9,238,2024-05-27T16:13:00,7.5,,,,,,,,,,,,,,,,,,,,,,,4.5,2024-05-27T07:00:00,,,0,,100,2024-05-27T00:01:00,,,,,,,,,,,,,,,,,,,,,,,,,,,,,,,,,,,,,,,,,,,,,,,,,,,,,,,,,,,,,,,,,,,
2024-05-28,978.2,980.8,2024-05-28T22:56:00,976.1,2024-05-28T04:27:00,24.4,27.1,2024-05-28T00:06:00,21.9,2024-05-28T20:49:00,98,86,2024-05-28T02:55:00,2.2,22,13.2,226,2024-05-28T07:55:00,61.5,,,,,,,,,,,,,,,,,,,,,,,12.0,2024-05-28T14:00:00,,,0,,100,2024-05-28T06:51:00,,,,,,,,,,,,,,,,,,,,,,,,,,,,,,,,,,,,,,,,,,,,,,,,,,,,,,,,,,,,,,,,,,,
2024-05-29,981.7,983.6,2024-05-29T23:19:00,980.3,2024-05-29T02:32:00,24.0,27.4,2024-05-29T12:53:00,21.1,2024-05-29T05:21:00,90,71,2024-05-29T12:54:00,2.1,20,11.4,5,2024-05-29T11:22:00,1.0,,,,,,,,,,,,,,,,,,,,,,,0.5,2024-05-29T04:00:00,,,0,,100,2024-05-29T00:01:00,,,,,,,,,,,,,,,,,,,,,,,,,,,,,,,,,,,,,,,,,,,,,,,,,,,,,,,,,,,,,,,,,,,
2024-05-30,983.3,985.9,2024-05-30T22:32:00,982.1,2024-05-30T02:05:00,25.7,30.3,2024-05-30T12:09:00,22.7,2024-05-30T00:31:00,96,78,2024-05-30T12:10:00,0.8,220,8.7,237,2024-05-30T13:56:00,6.0,,,,,,,,,,,,,,,,,,,,,,,3.5,2024-05-30T01:00:00,,,0,,100,2024-05-30T00:01:00,,,,,,,,,,,,,,,,,,,,,,,,,,,,,,,,,,,,,,,,,,,,,,,,,,,,,,,,,,,,,,,,,,,
2024-05-31,985.2,987.4,2024-05-31T21:59:00,983.9,2024-05-31T02:38:00,27.7,31.7,2024-05-31T13:12:00,24.0,2024-05-31T01:02:00,86,66,2024-05-31T15:46:00,1.8,218,9.3,214,2024-05-31T11:02:00,0.0,,,,,,,,,,,,,,,,,,,,,,,0.0,2024-05-31T01:00:00,,,0,,100,2024-05-31T00:01:00,,,,,,,,,,,,,,,,,,,,,,,,,,,,,,,,,,,,,,,,,,,,,,,,,,,,,,,,,,,,,,,,,,,
2024-06-01,985.7,987.3,2024-06-01T06:54:00,983.8,2024-06-01T15:51:00,28.2,32.7,2024-06-01T13:20:00,24.6,2024-06-01T05:14:00,87,68,2024-06-01T10:38:00,2.1,200,7.6,209,2024-06-01T11:56:00,0.0,,,,,,,,,,,,,,,,,,,,,,,0.0,2024-06-01T01:00:00,,,0,,100,2024-06-01T04:02:00,,,,,,,,,,,,,,,,,,,,,,,,,,,,,,,,,,,,,,,,,,,,,,,,,,,,,,,,,,,,,,,,,,,
2024-06-02,982.2,985.1,2024-06-02T00:01:00,979.2,2024-06-02T18:09:00,26.6,28.9,2024-06-02T09:54:00,24.2,2024-06-02T20:34:00,94,84,2024-06-02T15:47:00,3.1,222,14.2,216,2024-06-02T19:55:00,58.0,,,,,,,,,,,,,,,,,,,,,,,40.5,2024-06-02T21:00:00,,,0,,100,2024-06-02T00:01:00,,,,,,,,,,,,,,,,,,,,,,,,,,,,,,,,,,,,,,,,,,,,,,,,,,,,,,,,,,,,,,,,,,,
2024-06-03,982.5,985.7,2024-06-03T22:37:00,979.2,2024-06-03T02:02:00,23.7,26.2,2024-06-03T13:53:00,21.3,2024-06-03T20:40:00,97,88,2024-06-03T23:23:00,1.3,25,9.1,240,2024-06-03T00:30:00,2.0,,,,,,,,,,,,,,,,,,,,,,,1.5,2024-06-03T01:00:00,,,0,,100,2024-06-03T03:45:00,,,,,,,,,,,,,,,,,,,,,,,,,,,,,,,,,,,,,,,,,,,,,,,,,,,,,,,,,,,,,,,,,,,
2024-06-04,985.5,988.0,2024-06-04T21:55:00,983.9,2024-06-04T02:05:00,24.1,28.5,2024-06-04T14:12:00,20.9,2024-06-04T21:45:00,83,68,2024-06-04T10:33:00,1.8,23,9.3,1,2024-06-04T10:25:00,0.5,,,,,,,,,,,,,,,,,,,,,,,0.5,2024-06-04T21:00:00,,,0,,100,2024-06-04T20:35:00,,,,,,,,,,,,,,,,,,,,,,,,,,,,,,,,,,,,,,,,,,,,,,,,,,,,,,,,,,,,,,,,,,,
2024-06-05,986.2,987.5,2024-06-05T22:07:00,985.1,2024-06-05T02:51:00,24.9,29.1,2024-06-05T12:28:00,22.4,2024-06-05T00:11:00,86,70,2024-06-05T12:42:00,1.3,22,9.4,5,2024-06-05T09:44:00,0.5,,,,,,,,,,,,,,,,,,,,,,,0.5,2024-06-05T23:59:00,,,0,,100,2024-06-05T23:19:00,,,,,,,,,,,,,,,,,,,,,,,,,,,,,,,,,,,,,,,,,,,,,,,,,,,,,,,,,,,,,,,,,,,
2024-06-06,984.4,987.1,2024-06-06T00:01:00,982.1,2024-06-06T16:32:00,25.0,29.5,2024-06-06T13:29:00,22.4,2024-06-06T02:33:00,97,81,2024-06-06T13:24:00,0.7,16,4.2,224,2024-06-06T19:35:00,2.5,,,,,,,,,,,,,,,,,,,,,,,1.0,2024-06-06T20:00:00,,,0,,100,2024-06-06T00:01:00,,,,,,,,,,,,,,,,,,,,,,,,,,,,,,,,,,,,,,,,,,,,,,,,,,,,,,,,,,,,,,,,,,,
2024-06-07,982.1,983.6,2024-06-07T00:01:00,980.5,2024-06-07T16:22:00,26.7,31.1,2024-06-07T13:30:00,23.5,2024-06-07T04:04:00,92,75,2024-06-07T13:32:00,2.0,225,8.0,229,2024-06-07T16:35:00,0.5,,,,,,,,,,,,,,,,,,,,,,,0.5,2024-06-07T08:00:00,,,0,,100,2024-06-07T00:01:00,,,,,,,,,,,,,,,,,,,,,,,,,,,,,,,,,,,,,,,,,,,,,,,,,,,,,,,,,,,,,,,,,,,
2024-06-08,982.2,984.0,2024-06-08T22:29:00,980.9,2024-06-08T03:23:00,27.6,33.0,2024-06-08T12:21:00,23.6,2024-06-08T05:12:00,87,65,2024-06-08T12:26:00,2.0,217,7.6,212,2024-06-08T13:48:00,0.0,,,,,,,,,,,,,,,,,,,,,,,0.0,2024-06-08T01:00:00,,,0,,100,2024-06-08T01:19:00,,,,,,,,,,,,,,,,,,,,,,,,,,,,,,,,,,,,,,,,,,,,,,,,,,,,,,,,,,,,,,,,,,,
2024-06-09,984.1,986.5,2024-06-09T22:33:00,982.7,2024-06-09T04:26:00,27.6,32.4,2024-06-09T13:01:00,24.2,2024-06-09T04:11:00,88,68,2024-06-09T10:51:00,1.9,206,7.5,241,2024-06-09T13:08:00,1.0,,,,,,,,,,,,,,,,,,,,,,,0.5,2024-06-09T03:00:00,,,0,,100,2024-06-09T02:08:00,,,,,,,,,,,,,,,,,,,,,,,,,,,,,,,,,,,,,,,,,,,,,,,,,,,,,,,,,,,,,,,,,,,
2024-06-10,984.7,986.8,2024-06-10T22:46:00,982.1,2024-06-10T14:51:00,26.7,29.9,2024-06-10T12:02:00,23.8,2024-06-10T05:39:00,92,78,2024-06-10T15:17:00,2.0,212,11.9,238,2024-06-10T05:28:00,11.0,,,,,,,,,,,,,,,,,,,,,,,10.5,2024-06-10T06:00:00,,,0,,100,2024-06-10T00:01:00,,,,,,,,,,,,,,,,,,,,,,,,,,,,,,,,,,,,,,,,,,,,,,,,,,,,,,,,,,,,,,,,,,,
2024-06-11,983.7,985.8,2024-06-11T00:01:00,981.6,2024-06-11T16:12:00,26.9,28.6,2024-06-11T15:28:00,25.5,2024-06-11T16:50:00,93,85,2024-06-11T15:26:00,3.3,216,13.0,224,2024-06-11T05:06:00,3.0,,,,,,,,,,,,,,,,,,,,,,,0.5,2024-06-11T06:00:00,,,0,,100,2024-06-11T16:39:00,,,,,,,,,,,,,,,,,,,,,,,,,,,,,,,,,,,,,,,,,,,,,,,,,,,,,,,,,,,,,,,,,,,
2024-06-12,982.4,984.2,2024-06-12T10:46:00,980.4,2024-06-12T17:31:00,26.4,28.3,2024-06-12T13:20:00,25.0,2024-06-12T11:05:00,96,90,2024-06-12T01:15:00,3.4,211,15.7,218,2024-06-12T14:14:00,27.5,,,,,,,,,,,,,,,,,,,,,,,6.0,2024-06-12T09:00:00,,,0,,100,2024-06-12T07:38:00,,,,,,,,,,,,,,,,,,,,,,,,,,,,,,,,,,,,,,,,,,,,,,,,,,,,,,,,,,,,,,,,,,,
2024-06-13,980.8,982.2,2024-06-13T08:43:00,979.1,2024-06-13T13:47:00,27.2,29.9,2024-06-13T13:53:00,24.8,2024-06-13T07:08:00,92,78,2024-06-13T14:21:00,3.2,215,13.5,209,2024-06-13T02:27:00,8.0,,,,,,,,,,,,,,,,,,,,,,,3.5,2024-06-13T07:00:00,,,0,,100,2024-06-13T00:01:00,,,,,,,,,,,,,,,,,,,,,,,,,,,,,,,,,,,,,,,,,,,,,,,,,,,,,,,,,,,,,,,,,,,
2024-06-14,980.7,982.7,2024-06-14T22:47:00,979.7,2024-06-14T14:01:00,27.9,29.6,2024-06-14T11:30:00,26.7,2024-06-14T18:46:00,90,81,2024-06-14T11:40:00,4.1,212,12.7,202,2024-06-14T11:14:00,1.0,,,,,,,,,,,,,,,,,,,,,,,1.0,2024-06-14T19:00:00,,,0,,99,2024-06-14T18:30:00,,,,,,,,,,,,,,,,,,,,,,,,,,,,,,,,,,,,,,,,,,,,,,,,,,,,,,,,,,,,,,,,,,,
2024-06-15,981.5,983.2,2024-06-15T23:53:00,980.4,2024-06-15T16:46:00,28.1,30.3,2024-06-15T11:39:00,25.6,2024-06-15T23:16:00,89,78,2024-06-15T14:40:00,3.3,215,10.2,228,2024-06-15T05:54:00,0.0,,,,,,,,,,,,,,,,,,,,,,,0.0,2024-06-15T01:00:00,,,0,,98,2024-06-15T23:19:00,,,,,,,,,,,,,,,,,,,,,,,,,,,,,,,,,,,,,,,,,,,,,,,,,,,,,,,,,,,,,,,,,,,
2024-06-16,983.4,984.7,2024-06-16T08:11:00,981.8,2024-06-16T16:14:00,27.9,32.6,2024-06-16T12:59:00,24.5,2024-06-16T05:21:00,89,73,2024-06-16T12:38:00,1.8,213,7.1,199,2024-06-16T14:04:00,0.5,,,,,,,,,,,,,,,,,,,,,,,0.5,2024-06-16T10:00:00,,,0,,100,2024-06-16T03:33:00,,,,,,,,,,,,,,,,,,,,,,,,,,,,,,,,,,,,,,,,,,,,,,,,,,,,,,,,,,,,,,,,,,,
2024-06-17,983.2,984.3,2024-06-17T11:04:00,981.9,2024-06-17T16:37:00,28.1,31.5,2024-06-17T14:46:00,25.5,2024-06-17T04:38:00,89,77,2024-06-17T14:46:00,2.5,225,8.1,235,2024-06-17T10:57:00,0.0,,,,,,,,,,,,,,,,,,,,,,,0.0,2024-06-17T01:00:00,,,0,,100,2024-06-17T12:46:00,,,,,,,,,,,,,,,,,,,,,,,,,,,,,,,,,,,,,,,,,,,,,,,,,,,,,,,,,,,,,,,,,,,
2024-06-18,982.8,984.4,2024-06-18T22:13:00,981.0,2024-06-18T15:50:00,28.0,33.0,2024-06-18T13:04:00,24.7,2024-06-18T23:25:00,88,64,2024-06-18T13:33:00,1.7,210,7.9,220,2024-06-18T12:36:00,0.0,,,,,,,,,,,,,,,,,,,,,,,0.0,2024-06-18T01:00:00,,,0,,100,2024-06-18T04:58:00,,,,,,,,,,,,,,,,,,,,,,,,,,,,,,,,,,,,,,,,,,,,,,,,,,,,,,,,,,,,,,,,,,,
2024-06-19,982.5,983.8,2024-06-19T00:01:00,980.8,2024-06-19T16:21:00,27.7,33.8,2024-06-19T10:47:00,24.0,2024-06-19T04:18:00,89,65,2024-06-19T10:24:00,1.0,220,6.8,234,2024-06-19T15:30:00,0.0,,,,,,,,,,,,,,,,,,,,,,,0.0,2024-06-19T01:00:00,,,0,,100,2024-06-19T00:01:00,,,,,,,,,,,,,,,,,,,,,,,,,,,,,,,,,,,,,,,,,,,,,,,,,,,,,,,,,,,,,,,,,,,
2024-06-20,982.0,983.8,2024-06-20T21:59:00,980.5,2024-06-20T15:13:00,27.8,33.2,2024-06-20T10:41:00,24.9,2024-06-20T00:01:00,92,70,2024-06-20T09:59:00,0.8,223,5.3,187,2024-06-20T12:01:00,0.5,,,,,,,,,,,,,,,,,,,,,,,0.5,2024-06-20T10:00:00,,,0,,100,2024-06-20T00:01:00,,,,,,,,,,,,,,,,,,,,,,,,,,,,,,,,,,,,,,,,,,,,,,,,,,,,,,,,,,,,,,,,,,,
2024-06-21,982.0,983.9,2024-06-21T22:35:00,980.0,2024-06-21T15:57:00,28.5,34.2,2024-06-21T15:12:00,25.0,2024-06-21T04:55:00,91,68,2024-06-21T15:15:00,1.0,28,5.9,211,2024-06-21T14:19:00,0.5,,,,,,,,,,,,,,,,,,,,,,,0.5,2024-06-21T07:00:00,,,0,,100,2024-06-21T00:01:00,,,,,,,,,,,,,,,,,,,,,,,,,,,,,,,,,,,,,,,,,,,,,,,,,,,,,,,,,,,,,,,,,,,
2024-06-22,983.0,985.0,2024-06-22T22:48:00,981.5,2024-06-22T15:40:00,28.4,33.2,2024-06-22T14:16:00,25.5,2024-06-22T02:59:00,92,73,2024-06-22T13:06:00,1.2,216,6.7,238,2024-06-22T17:58:00,0.0,,,,,,,,,,,,,,,,,,,,,,,0.0,2024-06-22T01:00:00,,,0,,100,2024-06-22T00:01:00,,,,,,,,,,,,,,,,,,,,,,,,,,,,,,,,,,,,,,,,,,,,,,,,,,,,,,,,,,,,,,,,,,,
2024-06-23,983.7,985.1,2024-06-23T22:26:00,981.9,2024-06-23T16:35:00,28.6,32.4,2024-06-23T12:58:00,25.7,2024-06-23T23:56:00,90,72,2024-06-23T13:00:00,2.0,215,8.7,237,2024-06-23T12:11:00,1.0,,,,,,,,,,,,,,,,,,,,,,,0.5,2024-06-23T09:00:00,,,0,,100,2024-06-23T00:01:00,,,,,,,,,,,,,,,,,,,,,,,,,,,,,,,,,,,,,,,,,,,,,,,,,,,,,,,,,,,,,,,,,,,
2024-06-24,984.7,986.9,2024-06-24T22:33:00,982.5,2024-06-24T16:00:00,28.3,33.6,2024-06-24T11:37:00,25.3,2024-06-24T04:29:00,91,68,2024-06-24T15:31:00,1.1,216,7.3,222,2024-06-24T10:31:00,0.0,,,,,,,,,,,,,,,,,,,,,,,0.0,2024-06-24T01:00:00,,,0,,100,2024-06-24T00:01:00,,,,,,,,,,,,,,,,,,,,,,,,,,,,,,,,,,,,,,,,,,,,,,,,,,,,,,,,,,,,,,,,,,,
2024-06-25,986.0,988.2,2024-06-25T21:55:00,984.6,2024-06-25T15:44:00,28.1,33.8,2024-06-25T13:40:00,25.3,2024-06-25T05:11:00,92,66,2024-06-25T12:46:00,0.8,23,6.1,1,2024-06-25T10:21:00,1.5,,,,,,,,,,,,,,,,,,,,,,,1.5,2024-06-25T16:00:00,,,0,,100,2024-06-25T00:01:00,,,,,,,,,,,,,,,,,,,,,,,,,,,,,,,,,,,,,,,,,,,,,,,,,,,,,,,,,,,,,,,,,,,
2024-06-26,987.5,988.7,2024-06-26T22:53:00,986.3,2024-06-26T16:10:00,28.0,32.3,2024-06-26T12:00:00,25.3,2024-06-26T05:57:00,92,72,2024-06-26T11:52:00,1.4,22,9.3,7,2024-06-26T12:15:00,1.0,,,,,,,,,,,,,,,,,,,,,,,0.5,2024-06-26T13:00:00,,,0,,100,2024-06-26T00:01:00,,,,,,,,,,,,,,,,,,,,,,,,,,,,,,,,,,,,,,,,,,,,,,,,,,,,,,,,,,,,,,,,,,,
2024-06-27,987.3,988.6,2024-06-27T00:01:00,985.5,2024-06-27T15:56:00,27.7,32.6,2024-06-27T13:29:00,24.4,2024-06-27T05:26:00,92,72,2024-06-27T12:29:00,1.3,27,8.1,9,2024-06-27T14:34:00,5.0,,,,,,,,,,,,,,,,,,,,,,,2.5,2024-06-27T03:00:00,,,0,,100,2024-06-27T00:49:00,,,,,,,,,,,,,,,,,,,,,,,,,,,,,,,,,,,,,,,,,,,,,,,,,,,,,,,,,,,,,,,,,,,
2024-06-28,986.0,987.3,2024-06-28T21:45:00,983.8,2024-06-28T16:11:00,28.5,33.5,2024-06-28T12:35:00,25.8,2024-06-28T05:07:00,92,71,2024-06-28T12:36:00,1.2,222,7.7,172,2024-06-28T12:37:00,1.0,,,,,,,,,,,,,,,,,,,,,,,1.0,2024-06-28T03:00:00,,,0,,100,2024-06-28T00:01:00,,,,,,,,,,,,,,,,,,,,,,,,,,,,,,,,,,,,,,,,,,,,,,,,,,,,,,,,,,,,,,,,,,,
2024-06-29,985.1,986.5,2024-06-29T21:56:00,983.5,2024-06-29T15:13:00,28.2,33.4,2024-06-29T11:48:00,25.4,2024-06-29T04:09:00,89,64,2024-06-29T11:50:00,1.9,212,8.3,240,2024-06-29T17:24:00,6.5,,,,,,,,,,,,,,,,,,,,,,,6.0,2024-06-29T20:00:00,,,0,,100,2024-06-29T00:01:00,,,,,,,,,,,,,,,,,,,,,,,,,,,,,,,,,,,,,,,,,,,,,,,,,,,,,,,,,,,,,,,,,,,
2024-06-30,983.5,985.1,2024-06-30T00:01:00,981.8,2024-06-30T16:22:00,28.4,31.4,2024-06-30T13:26:00,26.1,2024-06-30T01:23:00,87,72,2024-06-30T15:37:00,3.0,219,9.7,213,2024-06-30T09:12:00,0.0,,,,,,,,,,,,,,,,,,,,,,,0.0,2024-06-30T01:00:00,,,0,,97,2024-06-30T01:16:00,,,,,,,,,,,,,,,,,,,,,,,,,,,,,,,,,,,,,,,,,,,,,,,,,,,,,,,,,,,,,,,,,,,
2024-07-01,982.7,984.2,2024-07-01T22:14:00,980.5,2024-07-01T15:36:00,28.7,32.4,2024-07-01T13:07:00,26.3,2024-07-01T04:39:00,87,67,2024-07-01T11:56:00,3.5,219,10.0,244,2024-07-01T13:50:00,0.5,,,,,,,,,,,,,,,,,,,,,,,0.5,2024-07-01T05:00:00,,,0,,100,2024-07-01T04:11:00,,,,,,,,,,,,,,,,,,,,,,,,,,,,,,,,,,,,,,,,,,,,,,,,,,,,,,,,,,,,,,,,,,,
2024-07-02,984.4,987.6,2024-07-02T21:57:00,982.8,2024-07-02T01:47:00,28.3,34.2,2024-07-02T13:39:00,24.5,2024-07-02T06:00:00,90,62,2024-07-02T14:17:00,0.8,183,7.5,226,2024-07-02T15:13:00,0.0,,,,,,,,,,,,,,,,,,,,,,,0.0,2024-07-02T01:00:00,,,0,,100,2024-07-02T00:55:00,,,,,,,,,,,,,,,,,,,,,,,,,,,,,,,,,,,,,,,,,,,,,,,,,,,,,,,,,,,,,,,,,,,
2024-07-03,988.0,989.8,2024-07-03T21:29:00,985.9,2024-07-03T01:16:00,28.2,33.2,2024-07-03T13:06:00,25.4,2024-07-03T03:21:00,91,70,2024-07-03T12:32:00,0.9,26,6.6,359,2024-07-03T11:17:00,0.5,,,,,,,,,,,,,,,,,,,,,,,0.5,2024-07-03T09:00:00,,,0,,100,2024-07-03T00:01:00,,,,,,,,,,,,,,,,,,,,,,,,,,,,,,,,,,,,,,,,,,,,,,,,,,,,,,,,,,,,,,,,,,,
2024-07-04,986.8,988.0,2024-07-04T09:29:00,984.5,2024-07-04T16:12:00,29.1,35.2,2024-07-04T13:04:00,26.4,2024-07-05T00:00:00,87,63,2024-07-04T12:12:00,1.1,23,6.5,346,2024-07-04T13:07:00,0.5,,,,,,,,,,,,,,,,,,,,,,,0.5,2024-07-04T23:59:00,,,0,,100,2024-07-04T23:36:00,,,,,,,,,,,,,,,,,,,,,,,,,,,,,,,,,,,,,,,,,,,,,,,,,,,,,,,,,,,,,,,,,,,
2024-07-05,983.8,985.9,2024-07-05T00:01:00,982.2,2024-07-05T16:24:00,28.6,34.4,2024-07-05T15:01:00,24.5,2024-07-05T03:45:00,89,66,2024-07-05T12:21:00,1.3,23,8.6,8,2024-07-05T11:33:00,0.5,,,,,,,,,,,,,,,,,,,,,,,0.5,2024-07-05T01:00:00,,,0,,100,2024-07-05T00:01:00,,,,,,,,,,,,,,,,,,,,,,,,,,,,,,,,,,,,,,,,,,,,,,,,,,,,,,,,,,,,,,,,,,,
2024-07-06,984.3,985.7,2024-07-06T21:41:00,982.9,2024-07-06T15:43:00,28.2,33.9,2024-07-06T13:20:00,24.5,2024-07-06T03:12:00,91,64,2024-07-06T13:34:00,0.9,20,6.7,15,2024-07-06T12:14:00,7.0,,,,,,,,,,,,,,,,,,,,,,,4.5,2024-07-06T02:00:00,,,0,,100,2024-07-06T00:53:00,,,,,,,,,,,,,,,,,,,,,,,,,,,,,,,,,,,,,,,,,,,,,,,,,,,,,,,,,,,,,,,,,,,
2024-07-07,984.8,987.0,2024-07-07T20:17:00,983.0,2024-07-07T15:38:00,27.4,34.0,2024-07-07T13:22:00,23.2,2024-07-07T22:13:00,92,66,2024-07-07T13:08:00,0.7,33,6.2,9,2024-07-07T11:36:00,8.5,,,,,,,,,,,,,,,,,,,,,,,3.0,2024-07-07T21:00:00,,,0,,100,2024-07-07T00:01:00,,,,,,,,,,,,,,,,,,,,,,,,,,,,,,,,,,,,,,,,,,,,,,,,,,,,,,,,,,,,,,,,,,,
2024-07-08,983.8,985.0,2024-07-08T00:31:00,982.1,2024-07-08T16:00:00,27.5,34.3,2024-07-08T14:39:00,23.8,2024-07-08T00:01:00,88,61,2024-07-08T13:34:00,0.7,30,5.2,6,2024-07-08T11:24:00,0.5,,,,,,,,,,,,,,,,,,,,,,,0.5,2024-07-08T05:00:00,,,0,,100,2024-07-08T00:01:00,,,,,,,,,,,,,,,,,,,,,,,,,,,,,,,,,,,,,,,,,,,,,,,,,,,,,,,,,,,,,,,,,,,
2024-07-09,983.7,985.1,2024-07-09T22:31:00,982.4,2024-07-09T02:55:00,27.7,34.0,2024-07-09T12:34:00,24.6,2024-07-09T02:43:00,89,62,2024-07-09T13:23:00,0.7,185,6.4,189,2024-07-09T12:52:00,0.0,,,,,,,,,,,,,,,,,,,,,,,0.0,2024-07-09T01:00:00,,,0,,100,2024-07-09T00:01:00,,,,,,,,,,,,,,,,,,,,,,,,,,,,,,,,,,,,,,,,,,,,,,,,,,,,,,,,,,,,,,,,,,,
2024-07-10,984.0,985.8,2024-07-10T08:46:00,981.8,2024-07-10T16:29:00,27.6,33.0,2024-07-10T14:57:00,24.6,2024-07-10T03:46:00,93,70,2024-07-10T14:51:00,1.0,220,6.1,234,2024-07-10T14:14:00,4.0,,,,,,,,,,,,,,,,,,,,,,,3.0,2024-07-10T09:00:00,,,0,,100,2024-07-10T00:01:00,,,,,,,,,,,,,,,,,,,,,,,,,,,,,,,,,,,,,,,,,,,,,,,,,,,,,,,,,,,,,,,,,,,
2024-07-11,981.9,983.4,2024-07-11T06:23:00,979.6,2024-07-11T16:02:00,28.3,33.5,2024-07-11T11:37:00,24.2,2024-07-11T05:01:00,87,64,2024-07-11T13:39:00,1.7,222,7.5,209,2024-07-11T18:36:00,0.0,,,,,,,,,,,,,,,,,,,,,,,0.0,2024-07-11T01:00:00,,,0,,100,2024-07-11T00:01:00,,,,,,,,,,,,,,,,,,,,,,,,,,,,,,,,,,,,,,,,,,,,,,,,,,,,,,,,,,,,,,,,,,,
2024-07-12,979.8,981.1,2024-07-12T00:05:00,978.0,2024-07-12T16:55:00,28.6,32.8,2024-07-12T11:58:00,25.3,2024-07-12T01:03:00,84,65,2024-07-12T11:04:00,1.8,219,9.0,204,2024-07-12T14:49:00,0.0,,,,,,,,,,,,,,,,,,,,,,,0.0,2024-07-12T01:00:00,,,0,,100,2024-07-12T00:57:00,,,,,,,,,,,,,,,,,,,,,,,,,,,,,,,,,,,,,,,,,,,,,,,,,,,,,,,,,,,,,,,,,,,
2024-07-13,981.0,983.6,2024-07-13T22:00:00,979.8,2024-07-13T01:31:00,28.9,34.9,2024-07-13T11:55:00,25.1,2024-07-13T05:26:00,87,59,2024-07-13T14:43:00,0.9,220,6.4,176,2024-07-13T15:36:00,0.0,,,,,,,,,,,,,,,,,,,,,,,0.0,2024-07-13T01:00:00,,,0,,100,2024-07-13T00:01:00,,,,,,,,,,,,,,,,,,,,,,,,,,,,,,,,,,,,,,,,,,,,,,,,,,,,,,,,,,,,,,,,,,,
2024-07-14,983.2,985.2,2024-07-14T21:56:00,981.8,2024-07-14T04:50:00,28.4,33.3,2024-07-14T12:24:00,25.3,2024-07-14T05:37:00,90,69,2024-07-14T14:35:00,1.4,31,10.4,5,2024-07-14T13:06:00,5.0,,,,,,,,,,,,,,,,,,,,,,,2.5,2024-07-14T02:00:00,,,0,,100,2024-07-14T01:44:00,,,,,,,,,,,,,,,,,,,,,,,,,,,,,,,,,,,,,,,,,,,,,,,,,,,,,,,,,,,,,,,,,,,
2024-07-15,984.3,985.2,2024-07-15T20:39:00,983.1,2024-07-15T14:38:00,27.0,32.5,2024-07-15T11:38:00,24.2,2024-07-15T03:48:00,93,70,2024-07-15T10:29:00,1.7,28,8.9,6,2024-07-15T15:07:00,9.0,,,,,,,,,,,,,,,,,,,,,,,7.5,2024-07-15T04:00:00,,,0,,100,2024-07-15T00:01:00,,,,,,,,,,,,,,,,,,,,,,,,,,,,,,,,,,,,,,,,,,,,,,,,,,,,,,,,,,,,,,,,,,,
2024-07-16,984.8,986.1,2024-07-16T21:50:00,983.5,2024-07-16T16:29:00,28.0,32.7,2024-07-16T14:07:00,24.8,2024-07-16T05:35:00,90,73,2024-07-16T11:53:00,1.3,29,8.3,352,2024-07-16T11:19:00,0.5,,,,,,,,,,,,,,,,,,,,,,,0.5,2024-07-16T13:00:00,,,0,,100,2024-07-16T04:23:00,,,,,,,,,,,,,,,,,,,,,,,,,,,,,,,,,,,,,,,,,,,,,,,,,,,,,,,,,,,,,,,,,,,
2024-07-17,985.1,986.1,2024-07-17T21:57:00,984.0,2024-07-17T16:19:00,29.1,34.7,2024-07-17T12:01:00,26.0,2024-07-17T23:08:00,87,61,2024-07-17T12:06:00,1.0,32,6.0,4,2024-07-17T16:10:00,0.0,,,,,,,,,,,,,,,,,,,,,,,0.0,2024-07-17T01:00:00,,,0,,100,2024-07-17T01:31:00,,,,,,,,,,,,,,,,,,,,,,,,,,,,,,,,,,,,,,,,,,,,,,,,,,,,,,,,,,,,,,,,,,,
2024-07-18,984.8,986.3,2024-07-18T09:35:00,983.4,2024-07-18T15:26:00,28.3,33.7,2024-07-18T14:16:00,25.4,2024-07-18T09:48:00,91,67,2024-07-18T15:14:00,1.1,27,5.8,8,2024-07-18T15:16:00,5.0,,,,,,,,,,,,,,,,,,,,,,,5.0,2024-07-18T10:00:00,,,0,,100,2024-07-18T00:01:00,,,,,,,,,,,,,,,,,,,,,,,,,,,,,,,,,,,,,,,,,,,,,,,,,,,,,,,,,,,,,,,,,,,
2024-07-19,983.3,985.2,2024-07-19T00:01:00,981.6,2024-07-19T15:51:00,29.0,33.9,2024-07-19T15:30:00,26.0,2024-07-19T06:18:00,88,68,2024-07-19T12:55:00,1.7,22,8.3,360,2024-07-19T14:00:00,1.0,,,,,,,,,,,,,,,,,,,,,,,0.5,2024-07-19T06:00:00,,,0,,100,2024-07-19T00:14:00,,,,,,,,,,,,,,,,,,,,,,,,,,,,,,,,,,,,,,,,,,,,,,,,,,,,,,,,,,,,,,,,,,,
2024-07-20,983.5,985.4,2024-07-20T23:06:00,981.5,2024-07-20T15:47:00,29.0,34.9,2024-07-20T14:30:00,25.3,2024-07-20T01:10:00,88,64,2024-07-20T13:33:00,1.3,28,7.5,9,2024-07-20T11:15:00,0.0,,,,,,,,,,,,,,,,,,,,,,,0.0,2024-07-20T01:00:00,,,0,,100,2024-07-20T00:41:00,,,,,,,,,,,,,,,,,,,,,,,,,,,,,,,,,,,,,,,,,,,,,,,,,,,,,,,,,,,,,,,,,,,
2024-07-21,982.5,984.6,2024-07-21T00:01:00,981.3,2024-07-21T15:57:00,28.5,33.9,2024-07-21T14:25:00,25.5,2024-07-21T01:24:00,88,62,2024-07-21T13:10:00,1.3,23,9.9,360,2024-07-21T11:52:00,0.0,,,,,,,,,,,,,,,,,,,,,,,0.0,2024-07-21T01:00:00,,,0,,100,2024-07-21T00:01:00,,,,,,,,,,,,,,,,,,,,,,,,,,,,,,,,,,,,,,,,,,,,,,,,,,,,,,,,,,,,,,,,,,,
2024-07-22,979.2,982.6,2024-07-22T00:01:00,976.9,2024-07-22T20:23:00,28.5,33.6,2024-07-22T13:04:00,24.6,2024-07-22T05:06:00,85,63,2024-07-22T13:05:00,1.1,22,8.7,360,2024-07-22T13:50:00,0.0,,,,,,,,,,,,,,,,,,,,,,,0.0,2024-07-22T01:00:00,,,0,,100,2024-07-22T04:01:00,,,,,,,,,,,,,,,,,,,,,,,,,,,,,,,,,,,,,,,,,,,,,,,,,,,,,,,,,,,,,,,,,,,
2024-07-23,972.4,977.3,2024-07-23T00:01:00,968.6,2024-07-23T23:55:00,26.7,33.2,2024-07-23T10:35:00,24.1,2024-07-23T05:03:00,93,67,2024-07-23T10:35:00,1.0,19,9.2,47,2024-07-23T11:45:00,9.5,,,,,,,,,,,,,,,,,,,,,,,5.0,2024-07-23T23:00:00,,,0,,100,2024-07-23T00:01:00,,,,,,,,,,,,,,,,,,,,,,,,,,,,,,,,,,,,,,,,,,,,,,,,,,,,,,,,,,,,,,,,,,,
2024-07-24,961.2,968.6,2024-07-24T00:01:00,956.7,2024-07-24T16:35:00,25.3,27.5,2024-07-24T10:26:00,23.9,2024-07-24T16:42:00,99,91,2024-07-24T09:54:00,6.5,226,39.1,225,2024-07-24T16:07:00,257.0,,,,,,,,,,,,,,,,,,,,,,,38.0,2024-07-24T13:00:00,,,0,,100,2024-07-24T00:01:00,,,,,,,,,,,,,,,,,,,,,,,,,,,,,,,,,,,,,,,,,,,,,,,,,,,,,,,,,,,,,,,,,,,
2024-07-25,964.0,969.9,2024-07-25T23:03:00,959.4,2024-07-25T00:30:00,25.7,27.6,2024-07-25T21:07:00,23.1,2024-07-25T08:46:00,100,97,2024-07-25T19:45:00,11.2,226,30.7,242,2024-07-25T00:29:00,111.0,,,,,,,,,,,,,,,,,,,,,,,14.0,2024-07-25T09:00:00,,,0,,100,2024-07-25T00:01:00,,,,,,,,,,,,,,,,,,,,,,,,,,,,,,,,,,,,,,,,,,,,,,,,,,,,,,,,,,,,,,,,,,,
2024-07-26,975.0,981.1,2024-07-26T22:25:00,968.9,2024-07-26T00:21:00,26.8,28.8,2024-07-26T10:33:00,23.9,2024-07-26T01:39:00,97,85,2024-07-26T10:00:00,4.8,223,22.0,241,2024-07-26T00:07:00,41.5,,,,,,,,,,,,,,,,,,,,,,,13.0,2024-07-26T02:00:00,,,0,,100,2024-07-26T00:01:00,,,,,,,,,,,,,,,,,,,,,,,,,,,,,,,,,,,,,,,,,,,,,,,,,,,,,,,,,,,,,,,,,,,
2024-07-27,983.7,985.8,2024-07-27T20:35:00,980.2,2024-07-27T01:11:00,25.8,27.9,2024-07-27T09:44:00,24.3,2024-07-27T13:10:00,99,92,2024-07-27T09:48:00,1.6,27,10.0,222,2024-07-27T02:50:00,59.0,,,,,,,,,,,,,,,,,,,,,,,27.5,2024-07-27T16:00:00,,,0,,100,2024-07-27T00:01:00,,,,,,,,,,,,,,,,,,,,,,,,,,,,,,,,,,,,,,,,,,,,,,,,,,,,,,,,,,,,,,,,,,,
2024-07-28,983.9,985.7,2024-07-28T08:36:00,982.0,2024-07-28T16:09:00,26.0,29.9,2024-07-28T15:29:00,24.5,2024-07-28T06:01:00,98,83,2024-07-28T15:37:00,2.0,27,10.7,34,2024-07-28T14:37:00,3.5,,,,,,,,,,,,,,,,,,,,,,,1.5,2024-07-28T05:00:00,,,0,,100,2024-07-28T00:01:00,,,,,,,,,,,,,,,,,,,,,,,,,,,,,,,,,,,,,,,,,,,,,,,,,,,,,,,,,,,,,,,,,,,
2024-07-29,981.9,983.4,2024-07-29T00:01:00,980.2,2024-07-29T15:57:00,26.3,33.0,2024-07-29T13:53:00,23.8,2024-07-29T05:35:00,95,67,2024-07-29T13:55:00,0.9,22,7.8,7,2024-07-29T11:38:00,2.5,,,,,,,,,,,,,,,,,,,,,,,1.0,2024-07-29T08:00:00,,,0,,100,2024-07-29T00:01:00,,,,,,,,,,,,,,,,,,,,,,,,,,,,,,,,,,,,,,,,,,,,,,,,,,,,,,,,,,,,,,,,,,,
2024-07-30,982.8,984.9,2024-07-30T21:30:00,981.4,2024-07-30T04:04:00,26.7,31.6,2024-07-30T10:36:00,23.3,2024-07-30T05:18:00,95,75,2024-07-30T10:39:00,1.1,223,7.3,241,2024-07-30T14:03:00,12.0,,,,,,,,,,,,,,,,,,,,,,,8.0,2024-07-30T02:00:00,,,0,,100,2024-07-30T00:01:00,,,,,,,,,,,,,,,,,,,,,,,,,,,,,,,,,,,,,,,,,,,,,,,,,,,,,,,,,,,,,,,,,,,
2024-07-31,983.9,984.9,2024-07-31T08:35:00,982.8,2024-07-31T16:11:00,27.2,31.2,2024-07-31T12:16:00,24.0,2024-07-31T05:23:00,93,76,2024-07-31T12:09:00,2.3,216,8.7,236,2024-07-31T14:21:00,1.5,,,,,,,,,,,,,,,,,,,,,,,1.0,2024-07-31T04:00:00,,,0,,100,2024-07-31T00:01:00,,,,,,,,,,,,,,,,,,,,,,,,,,,,,,,,,,,,,,,,,,,,,,,,,,,,,,,,,,,,,,,,,,,
2024-08-01,982.9,984.4,2024-08-01T09:23:00,981.3,2024-08-01T16:20:00,28.7,33.0,2024-08-01T11:12:00,25.8,2024-08-01T23:46:00,86,65,2024-08-01T11:05:00,1.5,207,8.0,243,2024-08-01T11:27:00,0.0,,,,,,,,,,,,,,,,,,,,,,,0.0,2024-08-01T01:00:00,,,0,,100,2024-08-01T00:44:00,,,,,,,,,,,,,,,,,,,,,,,,,,,,,,,,,,,,,,,,,,,,,,,,,,,,,,,,,,,,,,,,,,,
2024-08-02,981.9,983.6,2024-08-02T22:51:00,980.1,2024-08-02T15:47:00,28.9,35.0,2024-08-02T11:46:00,25.2,2024-08-02T22:49:00,86,63,2024-08-02T11:48:00,0.5,360,8.1,13,2024-08-02T16:09:00,0.0,,,,,,,,,,,,,,,,,,,,,,,0.0,2024-08-02T01:00:00,,,0,,100,2024-08-02T00:01:00,,,,,,,,,,,,,,,,,,,,,,,,,,,,,,,,,,,,,,,,,,,,,,,,,,,,,,,,,,,,,,,,,,,
2024-08-03,982.5,983.8,2024-08-03T21:43:00,981.1,2024-08-03T16:12:00,28.2,34.8,2024-08-03T12:44:00,24.2,2024-08-03T05:41:00,90,66,2024-08-03T12:46:00,0.5,217,5.3,235,2024-08-03T10:34:00,0.0,,,,,,,,,,,,,,,,,,,,,,,0.0,2024-08-03T01:00:00,,,0,,100,2024-08-03T00:01:00,,,,,,,,,,,,,,,,,,,,,,,,,,,,,,,,,,,,,,,,,,,,,,,,,,,,,,,,,,,,,,,,,,,
2024-08-04,981.9,983.4,2024-08-04T00:01:00,980.5,2024-08-04T15:18:00,28.0,34.7,2024-08-04T11:24:00,24.0,2024-08-04T05:48:00,90,63,2024-08-04T09:55:00,0.2,0,4.3,236,2024-08-04T12:42:00,0.0,,,,,,,,,,,,,,,,,,,,,,,0.0,2024-08-04T01:00:00,,,0,,100,2024-08-04T00:01:00,,,,,,,,,,,,,,,,,,,,,,,,,,,,,,,,,,,,,,,,,,,,,,,,,,,,,,,,,,,,,,,,,,,
2024-08-05,980.3,982.3,2024-08-05T00:01:00,978.8,2024-08-05T15:24:00,27.9,35.0,2024-08-05T10:41:00,24.0,2024-08-05T05:32:00,90,61,2024-08-05T10:40:00,0.5,222,6.4,223,2024-08-05T13:18:00,0.0,,,,,,,,,,,,,,,,,,,,,,,0.0,2024-08-05T01:00:00,,,0,,100,2024-08-05T00:01:00,,,,,,,,,,,,,,,,,,,,,,,,,,,,,,,,,,,,,,,,,,,,,,,,,,,,,,,,,,,,,,,,,,,
2024-08-06,980.0,981.5,2024-08-06T21:26:00,978.6,2024-08-06T02:51:00,26.2,32.3,2024-08-06T09:17:00,23.4,2024-08-06T22:16:00,95,72,2024-08-06T09:29:00,0.5,206,5.4,236,2024-08-06T14:29:00,12.5,,,,,,,,,,,,,,,,,,,,,,,12.0,2024-08-06T12:00:00,,,0,,100,2024-08-06T00:01:00,,,,,,,,,,,,,,,,,,,,,,,,,,,,,,,,,,,,,,,,,,,,,,,,,,,,,,,,,,,,,,,,,,,
2024-08-07,980.1,981.5,2024-08-07T22:29:00,978.4,2024-08-07T16:49:00,27.2,33.2,2024-08-07T13:16:00,23.2,2024-08-07T04:38:00,89,66,2024-08-07T10:21:00,1.1,214,7.4,229,2024-08-07T12:45:00,0.0,,,,,,,,,,,,,,,,,,,,,,,0.0,2024-08-07T01:00:00,,,0,,100,2024-08-07T00:01:00,,,,,,,,,,,,,,,,,,,,,,,,,,,,,,,,,,,,,,,,,,,,,,,,,,,,,,,,,,,,,,,,,,,
2024-08-08,980.4,981.4,2024-08-08T21:41:00,978.9,2024-08-08T16:22:00,27.3,32.8,2024-08-08T10:24:00,24.1,2024-08-08T05:38:00,90,67,2024-08-08T10:25:00,0.8,33,8.4,220,2024-08-08T11:41:00,0.0,,,,,,,,,,,,,,,,,,,,,,,0.0,2024-08-08T01:00:00,,,0,,100,2024-08-08T00:01:00,,,,,,,,,,,,,,,,,,,,,,,,,,,,,,,,,,,,,,,,,,,,,,,,,,,,,,,,,,,,,,,,,,,
2024-08-09,979.6,980.9,2024-08-09T09:47:00,977.9,2024-08-09T15:45:00,25.9,30.5,2024-08-09T09:09:00,23.7,2024-08-09T23:50:00,94,76,2024-08-09T09:12:00,0.9,216,8.6,219,2024-08-09T08:10:00,3.0,,,,,,,,,,,,,,,,,,,,,,,2.0,2024-08-09T12:00:00,,,0,,100,2024-08-09T00:01:00,,,,,,,,,,,,,,,,,,,,,,,,,,,,,,,,,,,,,,,,,,,,,,,,,,,,,,,,,,,,,,,,,,,
2024-08-10,978.6,980.2,2024-08-10T08:59:00,977.7,2024-08-10T04:38:00,25.4,27.4,2024-08-10T11:45:00,23.5,2024-08-10T00:56:00,96,83,2024-08-10T15:23:00,1.0,222,7.9,233,2024-08-10T15:23:00,12.0,,,,,,,,,,,,,,,,,,,,,,,4.0,2024-08-10T09:00:00,,,0,,100,2024-08-10T00:01:00,,,,,,,,,,,,,,,,,,,,,,,,,,,,,,,,,,,,,,,,,,,,,,,,,,,,,,,,,,,,,,,,,,,
2024-08-11,978.0,979.5,2024-08-11T21:30:00,976.1,2024-08-11T15:58:00,27.2,34.5,2024-08-11T13:40:00,23.6,2024-08-11T00:06:00,88,58,2024-08-11T13:16:00,0.9,218,7.6,229,2024-08-11T05:09:00,0.0,,,,,,,,,,,,,,,,,,,,,,,0.0,2024-08-11T01:00:00,,,0,,100,2024-08-11T00:01:00,,,,,,,,,,,,,,,,,,,,,,,,,,,,,,,,,,,,,,,,,,,,,,,,,,,,,,,,,,,,,,,,,,,
2024-08-12,978.6,981.0,2024-08-12T22:01:00,977.1,2024-08-12T04:01:00,28.5,34.7,2024-08-12T12:07:00,23.6,2024-08-12T00:01:00,87,64,2024-08-12T12:08:00,0.9,212,6.5,196,2024-08-12T12:55:00,0.0,,,,,,,,,,,,,,,,,,,,,,,0.0,2024-08-12T01:00:00,,,0,,100,2024-08-12T00:01:00,,,,,,,,,,,,,,,,,,,,,,,,,,,,,,,,,,,,,,,,,,,,,,,,,,,,,,,,,,,,,,,,,,,
2024-08-13,980.6,982.3,2024-08-13T21:50:00,978.9,2024-08-13T02:14:00,26.6,32.5,2024-08-13T08:22:00,23.9,2024-08-13T23:58:00,94,71,2024-08-13T08:16:00,1.0,203,6.1,234,2024-08-13T02:39:00,0.0,,,,,,,,,,,,,,,,,,,,,,,0.0,2024-08-13T01:00:00,,,0,,100,2024-08-13T00:01:00,,,,,,,,,,,,,,,,,,,,,,,,,,,,,,,,,,,,,,,,,,,,,,,,,,,,,,,,,,,,,,,,,,,
2024-08-14,980.6,981.9,2024-08-14T08:07:00,979.3,2024-08-14T15:50:00,26.6,33.2,2024-08-14T12:11:00,23.9,2024-08-14T00:29:00,94,68,2024-08-14T12:05:00,0.8,215,10.5,251,2024-08-14T14:44:00,7.5,,,,,,,,,,,,,,,,,,,,,,,6.0,2024-08-14T15:00:00,,,0,,100,2024-08-14T00:01:00,,,,,,,,,,,,,,,,,,,,,,,,,,,,,,,,,,,,,,,,,,,,,,,,,,,,,,,,,,,,,,,,,,,
2024-08-15,979.7,980.9,2024-08-15T21:33:00,978.2,2024-08-15T15:24:00,26.6,32.1,2024-08-15T10:24:00,24.0,2024-08-15T00:06:00,93,73,2024-08-15T10:15:00,0.9,216,7.4,236,2024-08-15T14:04:00,0.0,,,,,,,,,,,,,,,,,,,,,,,0.0,2024-08-15T01:00:00,,,0,,100,2024-08-15T00:01:00,,,,,,,,,,,,,,,,,,,,,,,,,,,,,,,,,,,,,,,,,,,,,,,,,,,,,,,,,,,,,,,,,,,
2024-08-16,980.2,982.4,2024-08-16T21:45:00,979.0,2024-08-16T02:49:00,25.4,30.5,2024-08-16T09:43:00,23.9,2024-08-16T16:59:00,98,80,2024-08-16T09:44:00,1.4,225,8.7,218,2024-08-16T23:32:00,23.0,,,,,,,,,,,,,,,,,,,,,,,9.0,2024-08-16T18:00:00,,,0,,100,2024-08-16T00:01:00,,,,,,,,,,,,,,,,,,,,,,,,,,,,,,,,,,,,,,,,,,,,,,,,,,,,,,,,,,,,,,,,,,,
2024-08-17,982.2,984.2,2024-08-17T19:52:00,980.5,2024-08-17T02:43:00,26.1,29.6,2024-08-17T11:39:00,24.1,2024-08-17T00:01:00,91,76,2024-08-17T11:33:00,1.7,227,10.6,214,2024-08-17T19:41:00,9.0,,,,,,,,,,,,,,,,,,,,,,,3.5,2024-08-17T07:00:00,,,0,,100,2024-08-17T00:01:00,,,,,,,,,,,,,,,,,,,,,,,,,,,,,,,,,,,,,,,,,,,,,,,,,,,,,,,,,,,,,,,,,,,
2024-08-18,981.7,983.3,2024-08-18T09:39:00,980.2,2024-08-18T14:02:00,27.2,31.3,2024-08-18T11:52:00,24.6,2024-08-18T21:43:00,87,70,2024-08-18T11:53:00,1.6,219,9.0,213,2024-08-18T01:53:00,0.5,,,,,,,,,,,,,,,,,,,,,,,0.5,2024-08-18T22:00:00,,,0,,100,2024-08-18T21:20:00,,,,,,,,,,,,,,,,,,,,,,,,,,,,,,,,,,,,,,,,,,,,,,,,,,,,,,,,,,,,,,,,,,,
2024-08-19,981.5,984.8,2024-08-19T22:27:00,979.2,2024-08-19T05:39:00,25.3,29.5,2024-08-19T11:04:00,22.4,2024-08-19T22:56:00,96,82,2024-08-19T11:08:00,1.9,202,11.5,223,2024-08-19T22:25:00,22.0,,,,,,,,,,,,,,,,,,,,,,,5.0,2024-08-19T12:00:00,,,0,,100,2024-08-19T11:36:00,,,,,,,,,,,,,,,,,,,,,,,,,,,,,,,,,,,,,,,,,,,,,,,,,,,,,,,,,,,,,,,,,,,
2024-08-20,983.6,985.8,2024-08-20T22:22:00,981.9,2024-08-20T03:41:00,26.2,30.2,2024-08-20T09:13:00,23.0,2024-08-20T16:58:00,96,83,2024-08-20T09:05:00,2.1,227,14.1,225,2024-08-20T15:43:00,1.5,,,,,,,,,,,,,,,,,,,,,,,1.0,2024-08-20T17:00:00,,,0,,100,2024-08-20T00:01:00,,,,,,,,,,,,,,,,,,,,,,,,,,,,,,,,,,,,,,,,,,,,,,,,,,,,,,,,,,,,,,,,,,,
2024-08-21,984.9,985.6,2024-08-21T22:28:00,983.7,2024-08-21T16:19:00,27.6,31.5,2024-08-21T12:30:00,24.1,2024-08-21T04:10:00,89,76,2024-08-21T13:10:00,2.1,210,8.3,236,2024-08-21T12:32:00,3.5,,,,,,,,,,,,,,,,,,,,,,,2.5,2024-08-21T03:00:00,,,0,,100,2024-08-21T00:01:00,,,,,,,,,,,,,,,,,,,,,,,,,,,,,,,,,,,,,,,,,,,,,,,,,,,,,,,,,,,,,,,,,,,
2024-08-22,984.4,985.8,2024-08-22T22:37:00,982.9,2024-08-22T16:16:00,28.4,33.3,2024-08-22T14:47:00,25.1,2024-08-22T23:54:00,84,66,2024-08-22T10:23:00,1.6,209,8.0,235,2024-08-22T08:09:00,0.0,,,,,,,,,,,,,,,,,,,,,,,0.0,2024-08-22T01:00:00,,,0,,100,2024-08-22T20:08:00,,,,,,,,,,,,,,,,,,,,,,,,,,,,,,,,,,,,,,,,,,,,,,,,,,,,,,,,,,,,,,,,,,,
2024-08-23,984.4,985.6,2024-08-23T22:10:00,982.9,2024-08-23T16:08:00,27.5,32.8,2024-08-23T14:57:00,23.9,2024-08-23T04:54:00,89,66,2024-08-23T15:10:00,0.8,206,8.4,214,2024-08-23T12:07:00,0.0,,,,,,,,,,,,,,,,,,,,,,,0.0,2024-08-23T01:00:00,,,0,,100,2024-08-23T00:01:00,,,,,,,,,,,,,,,,,,,,,,,,,,,,,,,,,,,,,,,,,,,,,,,,,,,,,,,,,,,,,,,,,,,
2024-08-24,983.7,985.2,2024-08-24T00:01:00,982.4,2024-08-24T16:01:00,27.1,33.8,2024-08-24T09:55:00,23.2,2024-08-24T05:25:00,91,64,2024-08-24T14:11:00,0.7,216,6.0,207,2024-08-24T14:56:00,0.0,,,,,,,,,,,,,,,,,,,,,,,0.0,2024-08-24T01:00:00,,,0,,100,2024-08-24T00:01:00,,,,,,,,,,,,,,,,,,,,,,,,,,,,,,,,,,,,,,,,,,,,,,,,,,,,,,,,,,,,,,,,,,,
2024-08-25,982.3,983.7,2024-08-25T00:01:00,980.7,2024-08-25T15:29:00,27.1,34.0,2024-08-25T13:35:00,23.0,2024-08-25T05:23:00,91,64,2024-08-25T12:17:00,0.6,204,5.4,207,2024-08-25T12:06:00,0.0,,,,,,,,,,,,,,,,,,,,,,,0.0,2024-08-25T01:00:00,,,0,,100,2024-08-25T00:01:00,,,,,,,,,,,,,,,,,,,,,,,,,,,,,,,,,,,,,,,,,,,,,,,,,,,,,,,,,,,,,,,,,,,
2024-08-26,980.6,982.2,2024-08-26T00:01:00,979.2,2024-08-26T16:20:00,27.1,33.7,2024-08-26T11:46:00,23.2,2024-08-26T23:02:00,88,66,2024-08-26T11:40:00,0.7,223,6.5,230,2024-08-26T12:26:00,0.0,,,,,,,,,,,,,,,,,,,,,,,0.0,2024-08-26T01:00:00,,,0,,100,2024-08-26T00:01:00,,,,,,,,,,,,,,,,,,,,,,,,,,,,,,,,,,,,,,,,,,,,,,,,,,,,,,,,,,,,,,,,,,,
2024-08-27,979.0,980.8,2024-08-27T00:01:00,977.2,2024-08-27T17:29:00,27.6,33.4,2024-08-27T10:28:00,22.7,2024-08-27T04:29:00,85,62,2024-08-27T10:41:00,1.1,214,6.9,237,2024-08-27T14:36:00,0.0,,,,,,,,,,,,,,,,,,,,,,,0.0,2024-08-27T01:00:00,,,0,,100,2024-08-27T00:01:00,,,,,,,,,,,,,,,,,,,,,,,,,,,,,,,,,,,,,,,,,,,,,,,,,,,,,,,,,,,,,,,,,,,
2024-08-28,977.8,980.1,2024-08-28T23:23:00,975.8,2024-08-28T15:18:00,28.9,35.5,2024-08-28T13:32:00,24.6,2024-08-29T00:00:00,83,61,2024-08-28T13:00:00,0.7,212,6.6,219,2024-08-28T15:55:00,0.0,,,,,,,,,,,,,,,,,,,,,,,0.0,2024-08-28T01:00:00,,,0,,100,2024-08-28T00:01:00,,,,,,,,,,,,,,,,,,,,,,,,,,,,,,,,,,,,,,,,,,,,,,,,,,,,,,,,,,,,,,,,,,,
2024-08-29,980.4,982.8,2024-08-29T22:46:00,978.4,2024-08-29T04:19:00,26.9,34.2,2024-08-29T10:34:00,23.2,2024-08-29T05:15:00,94,65,2024-08-29T10:28:00,0.5,202,5.7,6,2024-08-29T12:14:00,21.5,,,,,,,,,,,,,,,,,,,,,,,11.0,2024-08-29T14:00:00,,,0,,100,2024-08-29T00:01:00,,,,,,,,,,,,,,,,,,,,,,,,,,,,,,,,,,,,,,,,,,,,,,,,,,,,,,,,,,,,,,,,,,,
2024-08-30,982.2,983.8,2024-08-30T21:23:00,981.1,2024-08-30T03:48:00,27.9,33.7,2024-08-30T13:05:00,23.9,2024-08-30T04:36:00,91,66,2024-08-30T13:14:00,0.7,17,6.1,4,2024-08-30T14:45:00,0.0,,,,,,,,,,,,,,,,,,,,,,,0.0,2024-08-30T01:00:00,,,0,,100,2024-08-30T00:01:00,,,,,,,,,,,,,,,,,,,,,,,,,,,,,,,,,,,,,,,,,,,,,,,,,,,,,,,,,,,,,,,,,,,
2024-08-31,983.0,984.1,2024-08-31T08:18:00,981.9,2024-08-31T03:33:00,26.2,33.8,2024-08-31T11:49:00,24.0,2024-08-31T14:55:00,96,69,2024-08-31T09:26:00,0.3,184,6.4,228,2024-08-31T13:21:00,20.5,,,,,,,,,,,,,,,,,,,,,,,13.5,2024-08-31T14:00:00,,,0,,100,2024-08-31T00:14:00,,,,,,,,,,,,,,,,,,,,,,,,,,,,,,,,,,,,,,,,,,,,,,,,,,,,,,,,,,,,,,,,,,,
2024-09-01,982.1,983.8,2024-09-01T09:16:00,980.3,2024-09-01T16:28:00,27.5,34.0,2024-09-01T13:46:00,23.4,2024-09-01T03:13:00,91,62,2024-09-01T11:58:00,0.5,22,6.1,360,2024-09-01T11:22:00,0.0,,,,,,,,,,,,,,,,,,,,,,,0.0,2024-09-01T01:00:00,,,0,,100,2024-09-01T00:01:00,,,,,,,,,,,,,,,,,,,,,,,,,,,,,,,,,,,,,,,,,,,,,,,,,,,,,,,,,,,,,,,,,,,
2024-09-02,981.7,983.5,2024-09-02T09:32:00,980.1,2024-09-02T17:09:00,27.9,33.4,2024-09-02T12:22:00,24.7,2024-09-02T00:57:00,91,71,2024-09-02T12:23:00,1.0,25,6.8,50,2024-09-02T22:03:00,0.0,,,,,,,,,,,,,,,,,,,,,,,0.0,2024-09-02T01:00:00,,,0,,100,2024-09-02T00:01:00,,,,,,,,,,,,,,,,,,,,,,,,,,,,,,,,,,,,,,,,,,,,,,,,,,,,,,,,,,,,,,,,,,,
2024-09-03,979.7,981.9,2024-09-03T00:01:00,977.6,2024-09-03T16:23:00,25.7,27.6,2024-09-03T09:04:00,24.4,2024-09-03T12:52:00,97,86,2024-09-03T09:30:00,1.6,27,10.0,351,2024-09-03T17:41:00,52.0,,,,,,,,,,,,,,,,,,,,,,,20.0,2024-09-03T12:00:00,,,0,,100,2024-09-03T10:25:00,,,,,,,,,,,,,,,,,,,,,,,,,,,,,,,,,,,,,,,,,,,,,,,,,,,,,,,,,,,,,,,,,,,
2024-09-04,976.9,978.8,2024-09-04T00:01:00,975.3,2024-09-04T14:41:00,25.2,27.0,2024-09-04T13:20:00,24.2,2024-09-04T03:04:00,100,94,2024-09-04T13:38:00,1.9,26,11.8,4,2024-09-04T21:59:00,56.0,,,,,,,,,,,,,,,,,,,,,,,10.5,2024-09-04T16:00:00,,,0,,100,2024-09-04T00:01:00,,,,,,,,,,,,,,,,,,,,,,,,,,,,,,,,,,,,,,,,,,,,,,,,,,,,,,,,,,,,,,,,,,,
2024-09-05,977.3,979.4,2024-09-05T23:09:00,975.5,2024-09-05T04:11:00,25.2,29.6,2024-09-05T10:29:00,23.1,2024-09-05T12:44:00,99,86,2024-09-05T11:59:00,1.9,22,10.4,9,2024-09-05T11:25:00,39.5,,,,,,,,,,,,,,,,,,,,,,,10.5,2024-09-05T13:00:00,,,0,,100,2024-09-05T00:01:00,,,,,,,,,,,,,,,,,,,,,,,,,,,,,,,,,,,,,,,,,,,,,,,,,,,,,,,,,,,,,,,,,,,
2024-09-06,981.6,984.8,2024-09-06T22:00:00,978.7,2024-09-06T03:09:00,25.6,31.0,2024-09-06T12:11:00,23.6,2024-09-06T22:50:00,98,81,2024-09-06T11:30:00,0.9,25,7.5,2,2024-09-06T11:03:00,53.0,,,,,,,,,,,,,,,,,,,,,,,23.0,2024-09-06T14:00:00,,,0,,100,2024-09-06T00:01:00,,,,,,,,,,,,,,,,,,,,,,,,,,,,,,,,,,,,,,,,,,,,,,,,,,,,,,,,,,,,,,,,,,,
2024-09-07,985.0,986.8,2024-09-07T22:02:00,983.6,2024-09-07T04:24:00,25.5,31.2,2024-09-07T13:18:00,22.9,2024-09-07T01:11:00,97,74,2024-09-07T13:21:00,0.7,234,9.7,190,2024-09-07T17:05:00,37.0,,,,,,,,,,,,,,,,,,,,,,,21.0,2024-09-07T02:00:00,,,0,,100,2024-09-07T00:01:00,,,,,,,,,,,,,,,,,,,,,,,,,,,,,,,,,,,,,,,,,,,,,,,,,,,,,,,,,,,,,,,,,,,
2024-09-08,983.8,986.0,2024-09-08T00:01:00,982.0,2024-09-08T16:55:00,25.2,31.9,2024-09-08T12:10:00,22.9,2024-09-08T20:37:00,97,73,2024-09-08T13:12:00,0.6,225,5.9,244,2024-09-08T13:27:00,52.5,,,,,,,,,,,,,,,,,,,,,,,24.0,2024-09-08T15:00:00,,,0,,100,2024-09-08T00:01:00,,,,,,,,,,,,,,,,,,,,,,,,,,,,,,,,,,,,,,,,,,,,,,,,,,,,,,,,,,,,,,,,,,,
2024-09-09,981.1,982.9,2024-09-09T00:01:00,979.4,2024-09-09T15:37:00,26.4,32.3,2024-09-09T13:24:00,23.0,2024-09-09T03:00:00,93,70,2024-09-09T13:25:00,0.6,25,6.4,359,2024-09-09T12:54:00,0.5,,,,,,,,,,,,,,,,,,,,,,,0.5,2024-09-09T18:00:00,,,0,,100,2024-09-09T00:01:00,,,,,,,,,,,,,,,,,,,,,,,,,,,,,,,,,,,,,,,,,,,,,,,,,,,,,,,,,,,,,,,,,,,
2024-09-10,980.4,982.7,2024-09-10T23:02:00,979.2,2024-09-10T03:16:00,27.2,35.1,2024-09-10T13:28:00,22.5,2024-09-10T05:24:00,89,52,2024-09-10T13:36:00,0.5,209,5.1,230,2024-09-10T14:27:00,0.0,,,,,,,,,,,,,,,,,,,,,,,0.0,2024-09-10T01:00:00,,,0,,100,2024-09-10T00:01:00,,,,,,,,,,,,,,,,,,,,,,,,,,,,,,,,,,,,,,,,,,,,,,,,,,,,,,,,,,,,,,,,,,,
2024-09-11,982.4,983.7,2024-09-11T08:13:00,981.1,2024-09-11T14:07:00,27.1,33.7,2024-09-11T11:15:00,22.2,2024-09-11T05:42:00,90,61,2024-09-11T10:37:00,0.7,210,5.3,204,2024-09-11T14:40:00,0.0,,,,,,,,,,,,,,,,,,,,,,,0.0,2024-09-11T01:00:00,,,0,,100,2024-09-11T00:01:00,,,,,,,,,,,,,,,,,,,,,,,,,,,,,,,,,,,,,,,,,,,,,,,,,,,,,,,,,,,,,,,,,,,
2024-09-12,981.2,982.9,2024-09-12T00:01:00,979.7,2024-09-12T17:43:00,25.8,28.1,2024-09-12T09:08:00,23.4,2024-09-12T06:04:00,97,86,2024-09-12T15:31:00,1.0,24,8.7,355,2024-09-12T12:41:00,0.5,,,,,,,,,,,,,,,,,,,,,,,0.5,2024-09-12T23:59:00,,,0,,100,2024-09-12T00:01:00,,,,,,,,,,,,,,,,,,,,,,,,,,,,,,,,,,,,,,,,,,,,,,,,,,,,,,,,,,,,,,,,,,,
2024-09-13,978.0,980.1,2024-09-13T00:01:00,976.1,2024-09-13T15:04:00,26.4,31.5,2024-09-13T12:12:00,23.8,2024-09-13T04:01:00,93,73,2024-09-13T11:58:00,1.1,25,10.0,355,2024-09-13T12:22:00,4.0,,,,,,,,,,,,,,,,,,,,,,,2.0,2024-09-13T01:00:00,,,0,,100,2024-09-13T00:01:00,,,,,,,,,,,,,,,,,,,,,,,,,,,,,,,,,,,,,,,,,,,,,,,,,,,,,,,,,,,,,,,,,,,
2024-09-14,975.1,976.7,2024-09-14T00:01:00,973.2,2024-09-14T16:46:00,26.3,33.7,2024-09-14T13:57:00,22.1,2024-09-14T05:10:00,89,62,2024-09-14T14:00:00,0.5,17,4.8,360,2024-09-14T10:14:00,0.0,,,,,,,,,,,,,,,,,,,,,,,0.0,2024-09-14T01:00:00,,,0,,100,2024-09-14T00:01:00,,,,,,,,,,,,,,,,,,,,,,,,,,,,,,,,,,,,,,,,,,,,,,,,,,,,,,,,,,,,,,,,,,,
2024-09-15,976.0,978.3,2024-09-15T23:17:00,974.5,2024-09-15T03:32:00,26.2,33.4,2024-09-15T13:49:00,21.9,2024-09-15T05:34:00,91,65,2024-09-15T13:37:00,0.8,219,6.2,224,2024-09-15T10:59:00,0.0,,,,,,,,,,,,,,,,,,,,,,,0.0,2024-09-15T01:00:00,,,0,,100,2024-09-15T00:01:00,,,,,,,,,,,,,,,,,,,,,,,,,,,,,,,,,,,,,,,,,,,,,,,,,,,,,,,,,,,,,,,,,,,
2024-09-16,977.7,979.3,2024-09-16T22:06:00,976.6,2024-09-16T14:08:00,26.7,31.3,2024-09-16T11:46:00,23.9,2024-09-16T04:53:00,93,69,2024-09-16T10:21:00,1.5,23,11.7,9,2024-09-16T20:24:00,17.0,,,,,,,,,,,,,,,,,,,,,,,8.5,2024-09-16T23:00:00,,,0,,100,2024-09-16T00:01:00,,,,,,,,,,,,,,,,,,,,,,,,,,,,,,,,,,,,,,,,,,,,,,,,,,,,,,,,,,,,,,,,,,,
2024-09-17,978.1,979.7,2024-09-17T09:21:00,976.7,2024-09-17T17:09:00,27.2,31.5,2024-09-17T12:25:00,23.7,2024-09-17T02:15:00,91,75,2024-09-17T14:07:00,2.6,25,14.1,359,2024-09-17T20:59:00,27.0,,,,,,,,,,,,,,,,,,,,,,,17.0,2024-09-17T02:00:00,,,0,,100,2024-09-17T00:01:00,,,,,,,,,,,,,,,,,,,,,,,,,,,,,,,,,,,,,,,,,,,,,,,,,,,,,,,,,,,,,,,,,,,
2024-09-18,977.5,978.7,2024-09-18T21:52:00,975.7,2024-09-18T14:25:00,26.2,30.9,2024-09-18T14:07:00,23.0,2024-09-18T03:09:00,96,81,2024-09-18T11:51:00,1.4,29,9.7,7,2024-09-18T11:31:00,6.0,,,,,,,,,,,,,,,,,,,,,,,3.0,2024-09-18T01:00:00,,,0,,100,2024-09-18T00:08:00,,,,,,,,,,,,,,,,,,,,,,,,,,,,,,,,,,,,,,,,,,,,,,,,,,,,,,,,,,,,,,,,,,,
2024-09-19,978.3,980.3,2024-09-19T21:32:00,976.7,2024-09-19T03:58:00,26.8,32.7,2024-09-19T15:18:00,23.5,2024-09-19T05:55:00,95,72,2024-09-19T15:41:00,0.5,226,6.2,244,2024-09-19T13:02:00,3.0,,,,,,,,,,,,,,,,,,,,,,,2.5,2024-09-19T11:00:00,,,0,,100,2024-09-19T00:01:00,,,,,,,,,,,,,,,,,,,,,,,,,,,,,,,,,,,,,,,,,,,,,,,,,,,,,,,,,,,,,,,,,,,
2024-09-20,979.9,981.0,2024-09-20T08:47:00,978.8,2024-09-20T02:57:00,25.7,29.5,2024-09-20T10:06:00,24.0,2024-09-20T05:51:00,99,88,2024-09-20T10:19:00,0.3,187,8.9,165,2024-09-20T02:02:00,80.0,,,,,,,,,,,,,,,,,,,,,,,15.0,2024-09-20T02:00:00,,,0,,100,2024-09-20T00:01:00,,,,,,,,,,,,,,,,,,,,,,,,,,,,,,,,,,,,,,,,,,,,,,,,,,,,,,,,,,,,,,,,,,,
2024-09-21,979.2,981.7,2024-09-21T21:59:00,977.3,2024-09-21T05:37:00,25.9,31.3,2024-09-21T09:10:00,24.0,2024-09-21T00:01:00,96,76,2024-09-21T09:02:00,2.6,223,11.9,214,2024-09-21T21:56:00,12.5,,,,,,,,,,,,,,,,,,,,,,,2.0,2024-09-21T02:00:00,,,0,,100,2024-09-21T00:01:00,,,,,,,,,,,,,,,,,,,,,,,,,,,,,,,,,,,,,,,,,,,,,,,,,,,,,,,,,,,,,,,,,,,
2024-09-22,983.6,987.4,2024-09-22T21:28:00,980.6,2024-09-22T01:29:00,25.2,28.5,2024-09-22T09:28:00,23.1,2024-09-22T21:51:00,99,88,2024-09-22T10:52:00,2.7,220,12.6,204,2024-09-22T01:13:00,41.0,,,,,,,,,,,,,,,,,,,,,,,9.0,2024-09-22T16:00:00,,,0,,100,2024-09-22T00:01:00,,,,,,,,,,,,,,,,,,,,,,,,,,,,,,,,,,,,,,,,,,,,,,,,,,,,,,,,,,,,,,,,,,,
2024-09-23,986.5,987.9,2024-09-23T08:39:00,985.0,2024-09-23T15:32:00,27.0,33.1,2024-09-23T12:32:00,23.7,2024-09-23T00:01:00,93,69,2024-09-23T15:19:00,0.7,215,4.9,244,2024-09-23T11:02:00,0.0,,,,,,,,,,,,,,,,,,,,,,,0.0,2024-09-23T01:00:00,,,0,,100,2024-09-23T00:01:00,,,,,,,,,,,,,,,,,,,,,,,,,,,,,,,,,,,,,,,,,,,,,,,,,,,,,,,,,,,,,,,,,,,
2024-09-24,985.3,986.8,2024-09-24T00:02:00,983.9,2024-09-24T17:01:00,27.3,33.4,2024-09-24T11:43:00,23.2,2024-09-24T05:28:00,88,67,2024-09-24T11:23:00,1.3,207,7.1,210,2024-09-24T14:28:00,0.0,,,,,,,,,,,,,,,,,,,,,,,0.0,2024-09-24T01:00:00,,,0,,100,2024-09-24T00:01:00,,,,,,,,,,,,,,,,,,,,,,,,,,,,,,,,,,,,,,,,,,,,,,,,,,,,,,,,,,,,,,,,,,,
2024-09-25,984.5,986.1,2024-09-25T07:57:00,982.5,2024-09-25T15:05:00,27.3,33.6,2024-09-25T11:02:00,23.1,2024-09-25T05:21:00,92,66,2024-09-25T11:03:00,0.5,208,6.7,229,2024-09-25T13:54:00,0.0,,,,,,,,,,,,,,,,,,,,,,,0.0,2024-09-25T01:00:00,,,0,,100,2024-09-25T01:07:00,,,,,,,,,,,,,,,,,,,,,,,,,,,,,,,,,,,,,,,,,,,,,,,,,,,,,,,,,,,,,,,,,,,
2024-09-26,984.0,985.1,2024-09-26T00:01:00,982.8,2024-09-26T14:25:00,26.7,33.8,2024-09-26T11:29:00,23.8,2024-09-26T05:10:00,96,69,2024-09-26T11:28:00,0.3,14,4.9,10,2024-09-26T08:12:00,14.0,,,,,,,,,,,,,,,,,,,,,,,11.0,2024-09-26T16:00:00,,,0,,100,2024-09-26T00:01:00,,,,,,,,,,,,,,,,,,,,,,,,,,,,,,,,,,,,,,,,,,,,,,,,,,,,,,,,,,,,,,,,,,,
2024-09-27,982.7,984.5,2024-09-27T00:01:00,980.4,2024-09-27T14:02:00,26.8,32.4,2024-09-27T13:58:00,23.6,2024-09-27T05:55:00,93,73,2024-09-27T14:48:00,0.4,207,4.5,233,2024-09-27T13:51:00,0.0,,,,,,,,,,,,,,,,,,,,,,,0.0,2024-09-27T01:00:00,,,0,,100,2024-09-27T00:01:00,,,,,,,,,,,,,,,,,,,,,,,,,,,,,,,,,,,,,,,,,,,,,,,,,,,,,,,,,,,,,,,,,,,
2024-09-28,981.3,983.4,2024-09-28T09:59:00,979.5,2024-09-28T15:25:00,26.3,32.5,2024-09-28T13:01:00,22.8,2024-09-28T05:42:00,93,72,2024-09-28T12:04:00,1.0,27,12.2,5,2024-09-28T20:22:00,0.5,,,,,,,,,,,,,,,,,,,,,,,0.5,2024-09-28T18:00:00,,,0,,100,2024-09-28T00:01:00,,,,,,,,,,,,,,,,,,,,,,,,,,,,,,,,,,,,,,,,,,,,,,,,,,,,,,,,,,,,,,,,,,,
2024-09-29,979.2,981.6,2024-09-29T08:54:00,977.3,2024-09-29T20:50:00,24.7,29.7,2024-09-29T14:17:00,22.5,2024-09-29T03:26:00,96,78,2024-09-29T14:14:00,1.6,27,13.7,1,2024-09-29T20:23:00,7.5,,,,,,,,,,,,,,,,,,,,,,,2.0,2024-09-29T17:00:00,,,0,,100,2024-09-29T00:01:00,,,,,,,,,,,,,,,,,,,,,,,,,,,,,,,,,,,,,,,,,,,,,,,,,,,,,,,,,,,,,,,,,,,
2024-09-30,974.2,977.8,2024-09-30T00:09:00,971.2,2024-09-30T13:36:00,23.9,26.1,2024-09-30T03:55:00,22.5,2024-09-30T09:05:00,99,86,2024-09-30T03:54:00,3.1,26,16.3,22,2024-09-30T11:35:00,121.0,,,,,,,,,,,,,,,,,,,,,,,19.5,2024-09-30T14:00:00,,,0,,100,2024-09-30T00:01:00,,,,,,,,,,,,,,,,,,,,,,,,,,,,,,,,,,,,,,,,,,,,,,,,,,,,,,,,,,,,,,,,,,,
2024-10-01,976.9,979.1,2024-10-01T10:42:00,973.9,2024-10-01T02:15:00,23.3,23.9,2024-10-01T22:38:00,22.7,2024-10-01T15:40:00,100,100,2024-10-01T00:01:00,2.1,64,11.8,176,2024-10-01T23:02:00,207.5,,,,,,,,,,,,,,,,,,,,,,,22.0,2024-10-01T08:00:00,,,0,,100,2024-10-01T00:01:00,,,,,,,,,,,,,,,,,,,,,,,,,,,,,,,,,,,,,,,,,,,,,,,,,,,,,,,,,,,,,,,,,,,
2024-10-02,977.7,980.1,2024-10-02T22:20:00,975.5,2024-10-02T03:59:00,23.2,24.1,2024-10-02T05:17:00,22.5,2024-10-02T15:14:00,100,99,2024-10-02T05:04:00,4.4,181,20.3,203,2024-10-02T16:38:00,135.0,,,,,,,,,,,,,,,,,,,,,,,15.5,2024-10-02T13:00:00,,,0,,100,2024-10-02T00:01:00,,,,,,,,,,,,,,,,,,,,,,,,,,,,,,,,,,,,,,,,,,,,,,,,,,,,,,,,,,,,,,,,,,,
2024-10-03,981.1,984.0,2024-10-03T21:39:00,978.1,2024-10-03T02:53:00,23.0,23.7,2024-10-03T22:12:00,22.5,2024-10-03T03:47:00,100,99,2024-10-03T00:02:00,4.2,223,16.0,166,2024-10-03T08:04:00,161.5,,,,,,,,,,,,,,,,,,,,,,,20.0,2024-10-03T16:00:00,,,0,,100,2024-10-03T00:01:00,,,,,,,,,,,,,,,,,,,,,,,,,,,,,,,,,,,,,,,,,,,,,,,,,,,,,,,,,,,,,,,,,,,
2024-10-04,985.3,987.1,2024-10-04T21:17:00,983.4,2024-10-04T02:20:00,24.7,29.1,2024-10-04T14:37:00,23.1,2024-10-04T04:05:00,97,82,2024-10-04T14:32:00,0.8,27,7.3,354,2024-10-04T11:15:00,0.5,,,,,,,,,,,,,,,,,,,,,,,0.5,2024-10-04T04:00:00,,,0,,100,2024-10-04T00:01:00,,,,,,,,,,,,,,,,,,,,,,,,,,,,,,,,,,,,,,,,,,,,,,,,,,,,,,,,,,,,,,,,,,,
2024-10-05,986.2,987.8,2024-10-05T22:38:00,984.9,2024-10-05T03:44:00,26.0,31.4,2024-10-05T11:55:00,23.0,2024-10-05T00:22:00,94,75,2024-10-05T11:57:00,1.1,22,8.0,356,2024-10-05T08:35:00,0.0,,,,,,,,,,,,,,,,,,,,,,,0.0,2024-10-05T01:00:00,,,0,,100,2024-10-05T00:01:00,,,,,,,,,,,,,,,,,,,,,,,,,,,,,,,,,,,,,,,,,,,,,,,,,,,,,,,,,,,,,,,,,,,
2024-10-06,986.9,988.4,2024-10-06T09:12:00,985.4,2024-10-06T14:51:00,26.1,31.7,2024-10-06T14:01:00,23.0,2024-10-06T05:44:00,93,72,2024-10-06T14:13:00,1.0,24,8.8,53,2024-10-06T11:32:00,0.0,,,,,,,,,,,,,,,,,,,,,,,0.0,2024-10-06T01:00:00,,,0,,100,2024-10-06T00:01:00,,,,,,,,,,,,,,,,,,,,,,,,,,,,,,,,,,,,,,,,,,,,,,,,,,,,,,,,,,,,,,,,,,,
2024-10-07,986.9,988.4,2024-10-07T09:03:00,985.6,2024-10-07T14:38:00,26.3,31.4,2024-10-07T13:29:00,23.4,2024-10-07T05:23:00,92,69,2024-10-07T12:56:00,1.2,23,6.7,360,2024-10-07T00:46:00,0.0,,,,,,,,,,,,,,,,,,,,,,,0.0,2024-10-07T01:00:00,,,0,,100,2024-10-07T00:01:00,,,,,,,,,,,,,,,,,,,,,,,,,,,,,,,,,,,,,,,,,,,,,,,,,,,,,,,,,,,,,,,,,,,
2024-10-08,986.4,987.7,2024-10-08T09:08:00,984.9,2024-10-08T15:28:00,25.6,31.1,2024-10-08T13:39:00,22.3,2024-10-08T04:35:00,93,74,2024-10-08T13:04:00,1.3,25,9.1,19,2024-10-08T20:38:00,0.5,,,,,,,,,,,,,,,,,,,,,,,0.5,2024-10-08T23:00:00,,,0,,100,2024-10-08T00:30:00,,,,,,,,,,,,,,,,,,,,,,,,,,,,,,,,,,,,,,,,,,,,,,,,,,,,,,,,,,,,,,,,,,,
2024-10-09,985.6,987.1,2024-10-09T10:08:00,984.4,2024-10-09T14:15:00,24.5,28.7,2024-10-09T12:53:00,22.7,2024-10-09T03:17:00,93,76,2024-10-09T12:59:00,1.4,27,10.7,360,2024-10-09T12:40:00,0.0,,,,,,,,,,,,,,,,,,,,,,,0.0,2024-10-09T01:00:00,,,0,,100,2024-10-09T00:01:00,,,,,,,,,,,,,,,,,,,,,,,,,,,,,,,,,,,,,,,,,,,,,,,,,,,,,,,,,,,,,,,,,,,
2024-10-10,985.6,986.8,2024-10-10T21:52:00,984.2,2024-10-10T14:50:00,24.0,26.9,2024-10-10T11:34:00,22.6,2024-10-10T05:30:00,94,85,2024-10-10T11:37:00,1.4,24,9.7,1,2024-10-10T10:09:00,0.0,,,,,,,,,,,,,,,,,,,,,,,0.0,2024-10-10T01:00:00,,,0,,100,2024-10-10T19:04:00,,,,,,,,,,,,,,,,,,,,,,,,,,,,,,,,,,,,,,,,,,,,,,,,,,,,,,,,,,,,,,,,,,,
2024-10-11,986.4,988.7,2024-10-11T21:18:00,984.9,2024-10-11T03:40:00,24.1,28.4,2024-10-11T13:00:00,22.3,2024-10-11T05:52:00,90,75,2024-10-11T12:56:00,2.0,23,10.5,46,2024-10-11T22:26:00,0.0,,,,,,,,,,,,,,,,,,,,,,,0.0,2024-10-11T01:00:00,,,0,,97,2024-10-11T21:22:00,,,,,,,,,,,,,,,,,,,,,,,,,,,,,,,,,,,,,,,,,,,,,,,,,,,,,,,,,,,,,,,,,,,
2024-10-12,988.0,989.6,2024-10-12T09:55:00,986.8,2024-10-12T03:28:00,24.0,27.0,2024-10-12T09:43:00,22.2,2024-10-12T02:58:00,90,76,2024-10-12T09:46:00,1.5,21,10.5,356,2024-10-12T15:13:00,0.0,,,,,,,,,,,,,,,,,,,,,,,0.0,2024-10-12T01:00:00,,,0,,96,2024-10-12T01:50:00,,,,,,,,,,,,,,,,,,,,,,,,,,,,,,,,,,,,,,,,,,,,,,,,,,,,,,,,,,,,,,,,,,,
2024-10-13,987.9,989.7,2024-10-13T10:37:00,986.3,2024-10-13T14:19:00,24.3,27.7,2024-10-13T14:58:00,22.5,2024-10-13T19:35:00,94,79,2024-10-13T09:18:00,1.1,23,9.0,2,2024-10-13T10:59:00,3.0,,,,,,,,,,,,,,,,,,,,,,,2.5,2024-10-13T11:00:00,,,0,,100,2024-10-13T10:39:00,,,,,,,,,,,,,,,,,,,,,,,,,,,,,,,,,,,,,,,,,,,,,,,,,,,,,,,,,,,,,,,,,,,
2024-10-14,987.1,988.5,2024-10-14T21:03:00,985.6,2024-10-14T13:59:00,25.8,31.9,2024-10-14T13:58:00,22.7,2024-10-14T01:02:00,91,61,2024-10-14T12:48:00,1.2,23,10.3,8,2024-10-14T11:29:00,0.0,,,,,,,,,,,,,,,,,,,,,,,0.0,2024-10-14T01:00:00,,,0,,100,2024-10-14T01:02:00,,,,,,,,,,,,,,,,,,,,,,,,,,,,,,,,,,,,,,,,,,,,,,,,,,,,,,,,,,,,,,,,,,,
2024-10-15,987.1,988.7,2024-10-15T21:05:00,985.5,2024-10-15T03:54:00,25.6,31.4,2024-10-15T13:51:00,23.5,2024-10-15T03:46:00,94,73,2024-10-15T13:31:00,1.1,29,6.3,351,2024-10-15T10:35:00,7.5,,,,,,,,,,,,,,,,,,,,,,,4.0,2024-10-15T21:00:00,,,0,,100,2024-10-15T00:01:00,,,,,,,,,,,,,,,,,,,,,,,,,,,,,,,,,,,,,,,,,,,,,,,,,,,,,,,,,,,,,,,,,,,
2024-10-16,987.9,989.7,2024-10-16T08:51:00,986.5,2024-10-16T14:59:00,25.3,29.6,2024-10-16T12:23:00,22.5,2024-10-16T04:26:00,94,76,2024-10-16T10:54:00,1.2,25,8.2,5,2024-10-16T10:54:00,1.0,,,,,,,,,,,,,,,,,,,,,,,0.5,2024-10-16T01:00:00,,,0,,100,2024-10-16T00:01:00,,,,,,,,,,,,,,,,,,,,,,,,,,,,,,,,,,,,,,,,,,,,,,,,,,,,,,,,,,,,,,,,,,,
2024-10-17,987.3,988.9,2024-10-17T09:26:00,985.4,2024-10-17T14:52:00,25.3,30.0,2024-10-17T14:45:00,23.2,2024-10-17T18:46:00,95,78,2024-10-17T15:28:00,0.8,19,7.4,1,2024-10-17T13:36:00,4.0,,,,,,,,,,,,,,,,,,,,,,,3.5,2024-10-17T12:00:00,,,0,,100,2024-10-17T00:01:00,,,,,,,,,,,,,,,,,,,,,,,,,,,,,,,,,,,,,,,,,,,,,,,,,,,,,,,,,,,,,,,,,,,
2024-10-18,986.8,988.1,2024-10-18T09:33:00,985.4,2024-10-18T14:30:00,26.0,31.6,2024-10-18T11:54:00,23.4,2024-10-18T20:28:00,93,71,2024-10-18T12:00:00,1.0,17,5.5,5,2024-10-18T10:20:00,0.0,,,,,,,,,,,,,,,,,,,,,,,0.0,2024-10-18T01:00:00,,,0,,100,2024-10-18T00:01:00,,,,,,,,,,,,,,,,,,,,,,,,,,,,,,,,,,,,,,,,,,,,,,,,,,,,,,,,,,,,,,,,,,,
2024-10-19,987.3,988.9,2024-10-19T22:29:00,986.0,2024-10-19T14:10:00,26.1,31.7,2024-10-19T13:50:00,22.3,2024-10-19T05:37:00,91,70,2024-10-19T10:22:00,1.3,29,9.5,33,2024-10-19T22:16:00,0.0,,,,,,,,,,,,,,,,,,,,,,,0.0,2024-10-19T01:00:00,,,0,,100,2024-10-19T00:01:00,,,,,,,,,,,,,,,,,,,,,,,,,,,,,,,,,,,,,,,,,,,,,,,,,,,,,,,,,,,,,,,,,,,
2024-10-20,988.3,990.1,2024-10-20T09:19:00,986.8,2024-10-20T03:29:00,26.1,29.5,2024-10-20T11:21:00,24.1,2024-10-20T22:25:00,93,79,2024-10-20T11:25:00,2.7,23,13.0,3,2024-10-20T19:41:00,2.5,,,,,,,,,,,,,,,,,,,,,,,2.0,2024-10-20T16:00:00,,,0,,100,2024-10-20T06:47:00,,,,,,,,,,,,,,,,,,,,,,,,,,,,,,,,,,,,,,,,,,,,,,,,,,,,,,,,,,,,,,,,,,,
2024-10-21,987.1,989.0,2024-10-21T09:26:00,985.2,2024-10-21T15:28:00,25.4,28.8,2024-10-21T13:36:00,23.8,2024-10-21T05:46:00,95,83,2024-10-21T13:33:00,2.0,26,11.5,3,2024-10-21T04:32:00,1.0,,,,,,,,,,,,,,,,,,,,,,,1.0,2024-10-21T06:00:00,,,0,,100,2024-10-21T02:13:00,,,,,,,,,,,,,,,,,,,,,,,,,,,,,,,,,,,,,,,,,,,,,,,,,,,,,,,,,,,,,,,,,,,
2024-10-22,984.5,986.5,2024-10-22T00:02:00,981.7,2024-10-22T23:55:00,25.8,28.9,2024-10-22T12:50:00,23.3,2024-10-22T03:53:00,91,80,2024-10-22T11:45:00,2.2,23,15.9,357,2024-10-22T23:55:00,0.0,,,,,,,,,,,,,,,,,,,,,,,0.0,2024-10-22T01:00:00,,,0,,97,2024-10-22T03:47:00,,,,,,,,,,,,,,,,,,,,,,,,,,,,,,,,,,,,,,,,,,,,,,,,,,,,,,,,,,,,,,,,,,,
2024-10-23,979.6,982.1,2024-10-23T00:06:00,977.2,2024-10-23T23:43:00,25.1,26.7,2024-10-23T10:43:00,24.2,2024-10-23T06:30:00,87,81,2024-10-23T20:04:00,4.2,24,18.9,8,2024-10-23T17:54:00,0.0,,,,,,,,,,,,,,,,,,,,,,,0.0,2024-10-23T01:00:00,,,0,,93,2024-10-23T02:16:00,,,,,,,,,,,,,,,,,,,,,,,,,,,,,,,,,,,,,,,,,,,,,,,,,,,,,,,,,,,,,,,,,,,
2024-10-24,976.6,977.9,2024-10-24T00:01:00,974.6,2024-10-24T15:14:00,23.9,26.0,2024-10-24T09:10:00,22.7,2024-10-24T13:23:00,95,84,2024-10-24T07:05:00,3.3,27,15.9,8,2024-10-24T00:21:00,15.0,,,,,,,,,,,,,,,,,,,,,,,3.5,2024-10-24T13:00:00,,,0,,100,2024-10-24T10:54:00,,,,,,,,,,,,,,,,,,,,,,,,,,,,,,,,,,,,,,,,,,,,,,,,,,,,,,,,,,,,,,,,,,,
2024-10-25,978.5,981.7,2024-10-25T23:07:00,975.6,2024-10-25T03:04:00,24.6,25.7,2024-10-25T10:59:00,23.9,2024-10-25T17:47:00,100,99,2024-10-25T12:36:00,2.8,28,13.7,37,2024-10-25T07:14:00,51.0,,,,,,,,,,,,,,,,,,,,,,,12.5,2024-10-25T08:00:00,,,0,,100,2024-10-25T00:01:00,,,,,,,,,,,,,,,,,,,,,,,,,,,,,,,,,,,,,,,,,,,,,,,,,,,,,,,,,,,,,,,,,,,
2024-10-26,982.2,984.2,2024-10-26T22:16:00,980.2,2024-10-26T03:45:00,25.6,29.8,2024-10-26T13:31:00,23.7,2024-10-26T23:42:00,98,81,2024-10-26T13:33:00,1.4,26,8.8,47,2024-10-26T00:32:00,15.5,,,,,,,,,,,,,,,,,,,,,,,5.5,2024-10-26T23:00:00,,,0,,100,2024-10-26T00:01:00,,,,,,,,,,,,,,,,,,,,,,,,,,,,,,,,,,,,,,,,,,,,,,,,,,,,,,,,,,,,,,,,,,,
2024-10-27,982.8,984.5,2024-10-27T09:14:00,980.4,2024-10-27T14:30:00,24.7,29.7,2024-10-27T14:03:00,23.0,2024-10-27T23:08:00,98,76,2024-10-27T13:58:00,0.4,21,5.1,48,2024-10-27T11:30:00,15.5,,,,,,,,,,,,,,,,,,,,,,,3.0,2024-10-27T20:00:00,,,0,,100,2024-10-27T00:01:00,,,,,,,,,,,,,,,,,,,,,,,,,,,,,,,,,,,,,,,,,,,,,,,,,,,,,,,,,,,,,,,,,,,
2024-10-28,981.8,983.3,2024-10-28T08:18:00,980.0,2024-10-28T14:15:00,24.3,28.2,2024-10-28T12:27:00,22.0,2024-10-28T04:14:00,95,81,2024-10-28T13:17:00,1.4,24,10.4,7,2024-10-28T14:05:00,0.0,,,,,,,,,,,,,,,,,,,,,,,0.0,2024-10-28T01:00:00,,,0,,100,2024-10-28T00:01:00,,,,,,,,,,,,,,,,,,,,,,,,,,,,,,,,,,,,,,,,,,,,,,,,,,,,,,,,,,,,,,,,,,,
2024-10-29,981.8,983.8,2024-10-29T09:18:00,979.8,2024-10-29T14:15:00,24.3,27.7,2024-10-29T12:36:00,22.6,2024-10-29T23:52:00,93,82,2024-10-29T09:38:00,1.9,22,11.9,14,2024-10-29T16:00:00,0.0,,,,,,,,,,,,,,,,,,,,,,,0.0,2024-10-29T01:00:00,,,0,,100,2024-10-29T23:46:00,,,,,,,,,,,,,,,,,,,,,,,,,,,,,,,,,,,,,,,,,,,,,,,,,,,,,,,,,,,,,,,,,,,
2024-10-30,977.8,981.9,2024-10-30T00:05:00,970.4,2024-10-31T00:00:00,25.2,28.6,2024-10-30T22:23:00,22.4,2024-10-30T04:26:00,89,71,2024-10-30T22:18:00,1.7,22,13.9,35,2024-10-30T23:05:00,1.5,,,,,,,,,,,,,,,,,,,,,,,1.0,2024-10-30T14:00:00,,,0,,100,2024-10-30T00:01:00,,,,,,,,,,,,,,,,,,,,,,,,,,,,,,,,,,,,,,,,,,,,,,,,,,,,,,,,,,,,,,,,,,,
2024-10-31,965.4,977.2,2024-10-31T23:46:00,951.6,2024-10-31T12:12:00,23.8,28.5,2024-10-31T00:52:00,22.3,2024-10-31T05:02:00,98,74,2024-10-31T00:49:00,5.9,222,28.2,230,2024-10-31T15:10:00,165.5,,,,,,,,,,,,,,,,,,,,,,,18.5,2024-10-31T09:00:00,,,0,,100,2024-10-31T02:39:00,,,,,,,,,,,,,,,,,,,,,,,,,,,,,,,,,,,,,,,,,,,,,,,,,,,,,,,,,,,,,,,,,,,
2024-11-01,982.9,986.1,2024-11-01T22:52:00,976.9,2024-11-01T00:01:00,25.7,28.5,2024-11-01T15:17:00,24.0,2024-11-01T22:51:00,90,76,2024-11-01T15:07:00,4.0,220,16.4,239,2024-11-01T00:50:00,0.0,,,,,,,,,,,,,,,,,,,,,,,0.0,2024-11-01T01:00:00,,,0,,100,2024-11-01T02:19:00,,,,,,,,,,,,,,,,,,,,,,,,,,,,,,,,,,,,,,,,,,,,,,,,,,,,,,,,,,,,,,,,,,,
2024-11-02,989.1,991.9,2024-11-02T22:15:00,985.9,2024-11-02T00:09:00,24.0,27.4,2024-11-02T12:51:00,21.7,2024-11-02T05:07:00,96,83,2024-11-02T13:42:00,1.5,23,10.8,2,2024-11-02T10:42:00,0.0,,,,,,,,,,,,,,,,,,,,,,,0.0,2024-11-02T01:00:00,,,0,,100,2024-11-02T00:46:00,,,,,,,,,,,,,,,,,,,,,,,,,,,,,,,,,,,,,,,,,,,,,,,,,,,,,,,,,,,,,,,,,,,
2024-11-03,990.1,991.4,2024-11-03T00:01:00,988.5,2024-11-03T13:59:00,23.9,27.9,2024-11-03T12:52:00,22.0,2024-11-03T23:39:00,93,80,2024-11-03T12:26:00,1.9,25,10.4,360,2024-11-03T01:42:00,0.0,,,,,,,,,,,,,,,,,,,,,,,0.0,2024-11-03T01:00:00,,,0,,98,2024-11-03T00:01:00,,,,,,,,,,,,,,,,,,,,,,,,,,,,,,,,,,,,,,,,,,,,,,,,,,,,,,,,,,,,,,,,,,,
2024-11-04,989.5,991.1,2024-11-04T08:38:00,987.5,2024-11-04T14:16:00,23.8,27.6,2024-11-04T13:08:00,21.0,2024-11-04T02:23:00,91,75,2024-11-04T12:32:00,1.7,24,11.2,3,2024-11-04T23:00:00,0.0,,,,,,,,,,,,,,,,,,,,,,,0.0,2024-11-04T01:00:00,,,0,,100,2024-11-04T02:24:00,,,,,,,,,,,,,,,,,,,,,,,,,,,,,,,,,,,,,,,,,,,,,,,,,,,,,,,,,,,,,,,,,,,
2024-11-05,988.9,990.6,2024-11-05T08:09:00,987.1,2024-11-05T13:22:00,23.6,28.3,2024-11-05T13:05:00,20.8,2024-11-05T04:50:00,87,66,2024-11-05T12:22:00,2.4,22,12.8,1,2024-11-05T10:05:00,0.0,,,,,,,,,,,,,,,,,,,,,,,0.0,2024-11-05T01:00:00,,,0,,100,2024-11-06T00:00:00,,,,,,,,,,,,,,,,,,,,,,,,,,,,,,,,,,,,,,,,,,,,,,,,,,,,,,,,,,,,,,,,,,,
2024-11-06,989.3,990.8,2024-11-06T10:00:00,987.6,2024-11-06T03:52:00,21.8,24.6,2024-11-06T13:03:00,20.3,2024-11-06T23:48:00,86,74,2024-11-06T13:05:00,3.6,22,17.6,355,2024-11-06T15:07:00,1.0,,,,,,,,,,,,,,,,,,,,,,,1.0,2024-11-06T01:00:00,,,0,,100,2024-11-06T00:01:00,,,,,,,,,,,,,,,,,,,,,,,,,,,,,,,,,,,,,,,,,,,,,,,,,,,,,,,,,,,,,,,,,,,
2024-11-07,988.6,990.4,2024-11-07T09:14:00,987.0,2024-11-07T15:07:00,22.0,24.8,2024-11-07T12:16:00,20.0,2024-11-07T04:09:00,84,73,2024-11-07T08:54:00,3.8,24,15.7,29,2024-11-07T07:28:00,0.0,,,,,,,,,,,,,,,,,,,,,,,0.0,2024-11-07T01:00:00,,,0,,92,2024-11-07T20:46:00,,,,,,,,,,,,,,,,,,,,,,,,,,,,,,,,,,,,,,,,,,,,,,,,,,,,,,,,,,,,,,,,,,,
2024-11-08,987.8,989.4,2024-11-08T22:31:00,986.4,2024-11-08T14:16:00,22.5,24.2,2024-11-08T11:11:00,20.4,2024-11-08T04:49:00,97,90,2024-11-08T00:09:00,3.1,25,14.8,358,2024-11-08T07:24:00,4.0,,,,,,,,,,,,,,,,,,,,,,,2.5,2024-11-08T07:00:00,,,0,,100,2024-11-08T02:37:00,,,,,,,,,,,,,,,,,,,,,,,,,,,,,,,,,,,,,,,,,,,,,,,,,,,,,,,,,,,,,,,,,,,
2024-11-09,988.6,990.2,2024-11-09T09:14:00,987.3,2024-11-09T14:01:00,24.4,29.4,2024-11-09T12:36:00,21.8,2024-11-09T06:12:00,96,78,2024-11-09T12:36:00,1.3,23,9.3,360,2024-11-09T20:38:00,0.5,,,,,,,,,,,,,,,,,,,,,,,0.5,2024-11-09T03:00:00,,,0,,100,2024-11-09T00:01:00,,,,,,,,,,,,,,,,,,,,,,,,,,,,,,,,,,,,,,,,,,,,,,,,,,,,,,,,,,,,,,,,,,,
2024-11-10,988.1,989.9,2024-11-10T08:57:00,986.7,2024-11-10T15:11:00,24.6,28.7,2024-11-10T13:10:00,22.9,2024-11-10T05:13:00,97,80,2024-11-10T13:25:00,1.6,24,9.3,360,2024-11-10T23:28:00,0.0,,,,,,,,,,,,,,,,,,,,,,,0.0,2024-11-10T01:00:00,,,0,,100,2024-11-10T01:05:00,,,,,,,,,,,,,,,,,,,,,,,,,,,,,,,,,,,,,,,,,,,,,,,,,,,,,,,,,,,,,,,,,,,
2024-11-11,986.4,988.3,2024-11-11T08:54:00,984.7,2024-11-11T14:48:00,23.6,27.4,2024-11-11T11:11:00,22.3,2024-11-11T20:57:00,96,82,2024-11-11T11:12:00,2.4,24,14.2,360,2024-11-11T18:53:00,1.0,,,,,,,,,,,,,,,,,,,,,,,0.5,2024-11-11T19:00:00,,,0,,100,2024-11-11T18:11:00,,,,,,,,,,,,,,,,,,,,,,,,,,,,,,,,,,,,,,,,,,,,,,,,,,,,,,,,,,,,,,,,,,,
2024-11-12,985.1,986.9,2024-11-12T09:30:00,983.5,2024-11-12T15:06:00,22.9,24.3,2024-11-12T11:57:00,22.1,2024-11-12T21:01:00,100,95,2024-11-12T06:45:00,2.9,28,14.0,31,2024-11-12T19:31:00,8.5,,,,,,,,,,,,,,,,,,,,,,,1.5,2024-11-12T15:00:00,,,0,,100,2024-11-12T00:01:00,,,,,,,,,,,,,,,,,,,,,,,,,,,,,,,,,,,,,,,,,,,,,,,,,,,,,,,,,,,,,,,,,,,
2024-11-13,986.0,987.5,2024-11-13T09:54:00,983.7,2024-11-13T03:16:00,24.0,26.8,2024-11-13T14:39:00,22.3,2024-11-13T07:06:00,97,88,2024-11-13T14:42:00,2.0,26,9.9,27,2024-11-13T03:20:00,2.5,,,,,,,,,,,,,,,,,,,,,,,1.5,2024-11-13T11:00:00,,,0,,100,2024-11-13T00:01:00,,,,,,,,,,,,,,,,,,,,,,,,,,,,,,,,,,,,,,,,,,,,,,,,,,,,,,,,,,,,,,,,,,,
2024-11-14,985.6,987.6,2024-11-14T09:39:00,984.2,2024-11-14T14:20:00,24.0,26.1,2024-11-14T12:40:00,22.7,2024-11-14T16:11:00,97,91,2024-11-14T07:12:00,2.1,26,10.1,47,2024-11-14T10:06:00,1.5,,,,,,,,,,,,,,,,,,,,,,,0.5,2024-11-14T10:00:00,,,0,,100,2024-11-14T09:40:00,,,,,,,,,,,,,,,,,,,,,,,,,,,,,,,,,,,,,,,,,,,,,,,,,,,,,,,,,,,,,,,,,,,
2024-11-15,982.6,985.1,2024-11-15T00:15:00,980.6,2024-11-15T14:53:00,24.3,25.4,2024-11-15T06:19:00,23.6,2024-11-15T13:02:00,99,94,2024-11-15T00:01:00,2.1,28,12.2,27,2024-11-15T08:34:00,73.0,,,,,,,,,,,,,,,,,,,,,,,15.0,2024-11-15T23:00:00,,,0,,100,2024-11-15T04:27:00,,,,,,,,,,,,,,,,,,,,,,,,,,,,,,,,,,,,,,,,,,,,,,,,,,,,,,,,,,,,,,,,,,,
2024-11-16,982.9,985.1,2024-11-16T21:50:00,981.2,2024-11-16T14:04:00,23.6,25.7,2024-11-16T10:48:00,23.0,2024-11-16T07:32:00,100,96,2024-11-16T10:51:00,1.1,218,11.3,155,2024-11-16T01:51:00,29.5,,,,,,,,,,,,,,,,,,,,,,,20.5,2024-11-16T01:00:00,,,0,,100,2024-11-16T00:01:00,,,,,,,,,,,,,,,,,,,,,,,,,,,,,,,,,,,,,,,,,,,,,,,,,,,,,,,,,,,,,,,,,,,
2024-11-17,986.5,989.0,2024-11-17T23:20:00,984.1,2024-11-17T02:01:00,23.8,26.9,2024-11-17T11:24:00,22.1,2024-11-17T06:08:00,98,89,2024-11-17T12:23:00,1.8,27,12.9,43,2024-11-17T23:51:00,0.0,,,,,,,,,,,,,,,,,,,,,,,0.0,2024-11-17T01:00:00,,,0,,100,2024-11-17T00:01:00,,,,,,,,,,,,,,,,,,,,,,,,,,,,,,,,,,,,,,,,,,,,,,,,,,,,,,,,,,,,,,,,,,,
2024-11-18,989.4,991.9,2024-11-18T10:48:00,987.3,2024-11-18T01:49:00,20.8,22.8,2024-11-18T01:21:00,19.3,2024-11-18T13:59:00,97,91,2024-11-18T23:59:00,3.8,26,17.3,34,2024-11-18T17:14:00,8.0,,,,,,,,,,,,,,,,,,,,,,,4.5,2024-11-18T10:00:00,,,0,,100,2024-11-18T08:09:00,,,,,,,,,,,,,,,,,,,,,,,,,,,,,,,,,,,,,,,,,,,,,,,,,,,,,,,,,,,,,,,,,,,
2024-11-19,990.3,991.8,2024-11-19T10:33:00,988.7,2024-11-19T14:35:00,21.2,23.9,2024-11-19T13:47:00,19.9,2024-11-19T03:28:00,91,84,2024-11-19T13:50:00,3.4,26,15.3,12,2024-11-19T02:04:00,0.0,,,,,,,,,,,,,,,,,,,,,,,0.0,2024-11-19T01:00:00,,,0,,95,2024-11-19T18:36:00,,,,,,,,,,,,,,,,,,,,,,,,,,,,,,,,,,,,,,,,,,,,,,,,,,,,,,,,,,,,,,,,,,,
2024-11-20,989.0,990.5,2024-11-20T00:05:00,987.6,2024-11-20T14:42:00,22.7,25.4,2024-11-20T10:29:00,20.9,2024-11-20T00:01:00,92,78,2024-11-20T10:32:00,2.4,24,11.9,3,2024-11-20T08:42:00,0.0,,,,,,,,,,,,,,,,,,,,,,,0.0,2024-11-20T01:00:00,,,0,,98,2024-11-20T17:14:00,,,,,,,,,,,,,,,,,,,,,,,,,,,,,,,,,,,,,,,,,,,,,,,,,,,,,,,,,,,,,,,,,,,
2024-11-21,988.3,990.1,2024-11-21T09:08:00,986.6,2024-11-21T15:35:00,22.7,27.3,2024-11-21T13:18:00,21.0,2024-11-21T23:42:00,93,80,2024-11-21T13:11:00,2.2,23,11.4,12,2024-11-21T15:54:00,0.0,,,,,,,,,,,,,,,,,,,,,,,0.0,2024-11-21T01:00:00,,,0,,100,2024-11-21T04:08:00,,,,,,,,,,,,,,,,,,,,,,,,,,,,,,,,,,,,,,,,,,,,,,,,,,,,,,,,,,,,,,,,,,,
2024-11-22,989.4,991.0,2024-11-22T21:18:00,988.1,2024-11-22T02:40:00,21.7,24.7,2024-11-22T11:46:00,20.2,2024-11-22T04:06:00,90,80,2024-11-22T11:49:00,2.4,23,13.3,3,2024-11-22T17:19:00,0.0,,,,,,,,,,,,,,,,,,,,,,,0.0,2024-11-22T01:00:00,,,0,,96,2024-11-22T01:38:00,,,,,,,,,,,,,,,,,,,,,,,,,,,,,,,,,,,,,,,,,,,,,,,,,,,,,,,,,,,,,,,,,,,
2024-11-23,991.3,992.9,2024-11-23T22:13:00,989.7,2024-11-23T01:59:00,21.4,24.3,2024-11-23T11:50:00,20.0,2024-11-23T04:59:00,88,78,2024-11-23T09:34:00,2.4,27,12.4,4,2024-11-23T23:21:00,0.0,,,,,,,,,,,,,,,,,,,,,,,0.0,2024-11-23T01:00:00,,,0,,94,2024-11-23T01:10:00,,,,,,,,,,,,,,,,,,,,,,,,,,,,,,,,,,,,,,,,,,,,,,,,,,,,,,,,,,,,,,,,,,,
2024-11-24,991.9,993.8,2024-11-24T08:51:00,990.7,2024-11-24T03:29:00,21.8,24.9,2024-11-24T13:35:00,20.1,2024-11-24T03:30:00,89,77,2024-11-24T12:41:00,2.4,20,12.5,3,2024-11-24T12:20:00,0.0,,,,,,,,,,,,,,,,,,,,,,,0.0,2024-11-24T01:00:00,,,0,,96,2024-11-24T18:18:00,,,,,,,,,,,,,,,,,,,,,,,,,,,,,,,,,,,,,,,,,,,,,,,,,,,,,,,,,,,,,,,,,,,
2024-11-25,990.8,992.7,2024-11-25T08:45:00,989.3,2024-11-25T13:48:00,22.7,27.5,2024-11-25T14:02:00,19.1,2024-11-25T23:46:00,88,63,2024-11-25T13:53:00,1.4,23,11.2,346,2024-11-25T10:38:00,0.0,,,,,,,,,,,,,,,,,,,,,,,0.0,2024-11-25T01:00:00,,,0,,100,2024-11-25T18:26:00,,,,,,,,,,,,,,,,,,,,,,,,,,,,,,,,,,,,,,,,,,,,,,,,,,,,,,,,,,,,,,,,,,,
2024-11-26,990.2,992.0,2024-11-26T22:00:00,988.2,2024-11-26T14:39:00,20.7,26.7,2024-11-26T09:30:00,17.6,2024-11-26T05:39:00,93,71,2024-11-26T10:12:00,1.4,20,10.4,46,2024-11-26T13:24:00,0.5,,,,,,,,,,,,,,,,,,,,,,,0.5,2024-11-26T17:00:00,,,0,,100,2024-11-26T00:01:00,,,,,,,,,,,,,,,,,,,,,,,,,,,,,,,,,,,,,,,,,,,,,,,,,,,,,,,,,,,,,,,,,,,
2024-11-27,991.6,993.2,2024-11-27T09:33:00,989.8,2024-11-27T14:14:00,19.1,22.9,2024-11-27T12:44:00,17.1,2024-11-27T23:50:00,87,74,2024-11-27T13:11:00,2.0,24,11.6,4,2024-11-27T14:32:00,0.0,,,,,,,,,,,,,,,,,,,,,,,0.0,2024-11-27T01:00:00,,,0,,95,2024-11-27T05:25:00,,,,,,,,,,,,,,,,,,,,,,,,,,,,,,,,,,,,,,,,,,,,,,,,,,,,,,,,,,,,,,,,,,,
2024-11-28,992.4,994.4,2024-11-28T08:44:00,990.6,2024-11-28T14:33:00,18.8,23.9,2024-11-28T13:01:00,16.0,2024-11-28T23:32:00,85,65,2024-11-28T12:44:00,1.1,21,8.2,2,2024-11-28T10:01:00,0.0,,,,,,,,,,,,,,,,,,,,,,,0.0,2024-11-28T01:00:00,,,0,,100,2024-11-28T23:26:00,,,,,,,,,,,,,,,,,,,,,,,,,,,,,,,,,,,,,,,,,,,,,,,,,,,,,,,,,,,,,,,,,,,
2024-11-29,991.8,993.4,2024-11-29T08:32:00,990.1,2024-11-29T14:46:00,17.9,21.6,2024-11-29T12:04:00,15.5,2024-11-29T01:41:00,88,71,2024-11-29T12:11:00,1.5,23,10.3,3,2024-11-29T10:06:00,0.0,,,,,,,,,,,,,,,,,,,,,,,0.0,2024-11-29T01:00:00,,,0,,100,2024-11-29T00:01:00,,,,,,,,,,,,,,,,,,,,,,,,,,,,,,,,,,,,,,,,,,,,,,,,,,,,,,,,,,,,,,,,,,,
2024-11-30,990.0,991.7,2024-11-30T07:56:00,988.0,2024-11-30T14:35:00,18.1,22.7,2024-11-30T14:24:00,14.3,2024-11-30T05:47:00,90,75,2024-11-30T11:05:00,1.0,26,8.1,4,2024-11-30T11:59:00,0.0,,,,,,,,,,,,,,,,,,,,,,,0.0,2024-11-30T01:00:00,,,0,,100,2024-11-30T04:38:00,,,,,,,,,,,,,,,,,,,,,,,,,,,,,,,,,,,,,,,,,,,,,,,,,,,,,,,,,,,,,,,,,,,
2024-12-01,987.9,990.0,2024-12-01T08:39:00,986.2,2024-12-01T14:48:00,18.8,25.0,2024-12-01T14:16:00,14.6,2024-12-01T06:15:00,91,66,2024-12-01T11:56:00,0.6,29,6.3,1,2024-12-01T12:27:00,0.0,,,,,,,,,,,,,,,,,,,,,,,0.0,2024-12-01T01:00:00,,,0,,100,2024-12-01T00:01:00,,,,,,,,,,,,,,,,,,,,,,,,,,,,,,,,,,,,,,,,,,,,,,,,,,,,,,,,,,,,,,,,,,,
2024-12-02,988.2,989.9,2024-12-02T09:12:00,986.8,2024-12-02T14:43:00,20.6,25.5,2024-12-02T12:00:00,16.0,2024-12-02T02:37:00,86,66,2024-12-02T10:24:00,1.1,24,8.5,6,2024-12-02T13:21:00,0.0,,,,,,,,,,,,,,,,,,,,,,,0.0,2024-12-02T01:00:00,,,0,,100,2024-12-02T00:10:00,,,,,,,,,,,,,,,,,,,,,,,,,,,,,,,,,,,,,,,,,,,,,,,,,,,,,,,,,,,,,,,,,,,
2024-12-03,988.3,989.7,2024-12-03T09:53:00,986.9,2024-12-03T15:25:00,21.8,25.6,2024-12-03T12:22:00,20.1,2024-12-03T00:01:00,87,74,2024-12-03T12:22:00,1.5,26,9.9,3,2024-12-03T14:09:00,0.0,,,,,,,,,,,,,,,,,,,,,,,0.0,2024-12-03T01:00:00,,,0,,93,2024-12-03T17:26:00,,,,,,,,,,,,,,,,,,,,,,,,,,,,,,,,,,,,,,,,,,,,,,,,,,,,,,,,,,,,,,,,,,,
2024-12-04,988.4,990.1,2024-12-04T08:43:00,987.0,2024-12-04T14:14:00,21.6,25.9,2024-12-04T12:37:00,19.7,2024-12-04T23:47:00,86,70,2024-12-04T11:41:00,1.7,22,10.4,3,2024-12-04T10:34:00,0.0,,,,,,,,,,,,,,,,,,,,,,,0.0,2024-12-04T01:00:00,,,0,,93,2024-12-04T17:36:00,,,,,,,,,,,,,,,,,,,,,,,,,,,,,,,,,,,,,,,,,,,,,,,,,,,,,,,,,,,,,,,,,,,
2024-12-05,988.4,990.3,2024-12-05T09:03:00,986.7,2024-12-05T14:56:00,20.7,24.4,2024-12-05T12:40:00,17.6,2024-12-05T04:55:00,90,77,2024-12-05T12:26:00,1.5,26,9.3,19,2024-12-05T11:51:00,0.0,,,,,,,,,,,,,,,,,,,,,,,0.0,2024-12-05T01:00:00,,,0,,100,2024-12-05T03:46:00,,,,,,,,,,,,,,,,,,,,,,,,,,,,,,,,,,,,,,,,,,,,,,,,,,,,,,,,,,,,,,,,,,,
2024-12-06,988.1,989.8,2024-12-06T09:03:00,986.0,2024-12-06T14:08:00,21.4,25.4,2024-12-06T12:56:00,19.0,2024-12-06T05:45:00,89,76,2024-12-06T12:37:00,1.4,20,9.4,1,2024-12-06T07:36:00,0.0,,,,,,,,,,,,,,,,,,,,,,,0.0,2024-12-06T01:00:00,,,0,,96,2024-12-06T19:32:00,,,,,,,,,,,,,,,,,,,,,,,,,,,,,,,,,,,,,,,,,,,,,,,,,,,,,,,,,,,,,,,,,,,
2024-12-07,988.7,990.4,2024-12-07T22:29:00,986.9,2024-12-07T14:06:00,22.1,26.4,2024-12-07T13:34:00,19.7,2024-12-07T05:20:00,89,71,2024-12-07T13:02:00,1.7,22,12.4,3,2024-12-07T09:57:00,0.0,,,,,,,,,,,,,,,,,,,,,,,0.0,2024-12-07T01:00:00,,,0,,96,2024-12-07T00:05:00,,,,,,,,,,,,,,,,,,,,,,,,,,,,,,,,,,,,,,,,,,,,,,,,,,,,,,,,,,,,,,,,,,,
2024-12-08,990.9,993.1,2024-12-08T21:02:00,989.3,2024-12-08T02:20:00,20.2,23.4,2024-12-08T11:16:00,17.8,2024-12-08T23:43:00,87,76,2024-12-08T13:15:00,2.6,26,14.1,5,2024-12-08T09:19:00,0.0,,,,,,,,,,,,,,,,,,,,,,,0.0,2024-12-08T01:00:00,,,0,,95,2024-12-08T00:17:00,,,,,,,,,,,,,,,,,,,,,,,,,,,,,,,,,,,,,,,,,,,,,,,,,,,,,,,,,,,,,,,,,,,
2024-12-09,991.4,993.4,2024-12-09T08:41:00,989.2,2024-12-09T14:14:00,19.2,22.7,2024-12-09T13:55:00,17.1,2024-12-09T02:36:00,87,73,2024-12-09T10:07:00,1.8,25,11.2,9,2024-12-09T12:50:00,0.0,,,,,,,,,,,,,,,,,,,,,,,0.0,2024-12-09T01:00:00,,,0,,97,2024-12-09T23:41:00,,,,,,,,,,,,,,,,,,,,,,,,,,,,,,,,,,,,,,,,,,,,,,,,,,,,,,,,,,,,,,,,,,,
2024-12-10,989.8,991.6,2024-12-10T09:44:00,988.0,2024-12-10T15:37:00,19.3,23.2,2024-12-10T13:15:00,16.8,2024-12-10T04:33:00,95,78,2024-12-10T13:59:00,1.2,27,8.3,7,2024-12-10T13:04:00,1.5,,,,,,,,,,,,,,,,,,,,,,,1.0,2024-12-10T09:00:00,,,0,,100,2024-12-10T00:51:00,,,,,,,,,,,,,,,,,,,,,,,,,,,,,,,,,,,,,,,,,,,,,,,,,,,,,,,,,,,,,,,,,,,
2024-12-11,989.1,990.8,2024-12-11T09:00:00,987.3,2024-12-11T15:26:00,21.3,26.9,2024-12-11T14:02:00,17.4,2024-12-11T03:10:00,91,67,2024-12-11T13:26:00,0.7,21,5.9,332,2024-12-11T20:28:00,0.0,,,,,,,,,,,,,,,,,,,,,,,0.0,2024-12-11T01:00:00,,,0,,100,2024-12-11T01:48:00,,,,,,,,,,,,,,,,,,,,,,,,,,,,,,,,,,,,,,,,,,,,,,,,,,,,,,,,,,,,,,,,,,,
2024-12-12,989.5,991.5,2024-12-12T09:14:00,987.7,2024-12-12T14:57:00,19.9,22.5,2024-12-12T14:41:00,18.8,2024-12-12T08:01:00,93,80,2024-12-12T14:38:00,2.0,25,11.6,3,2024-12-12T10:18:00,0.5,,,,,,,,,,,,,,,,,,,,,,,0.5,2024-12-12T08:00:00,,,0,,100,2024-12-12T03:23:00,,,,,,,,,,,,,,,,,,,,,,,,,,,,,,,,,,,,,,,,,,,,,,,,,,,,,,,,,,,,,,,,,,,
2024-12-13,990.5,992.5,2024-12-13T22:20:00,988.4,2024-12-13T15:12:00,20.2,23.3,2024-12-13T13:49:00,18.8,2024-12-13T23:24:00,92,80,2024-12-13T11:15:00,1.4,25,9.6,1,2024-12-13T17:13:00,0.0,,,,,,,,,,,,,,,,,,,,,,,0.0,2024-12-13T01:00:00,,,0,,100,2024-12-13T23:06:00,,,,,,,,,,,,,,,,,,,,,,,,,,,,,,,,,,,,,,,,,,,,,,,,,,,,,,,,,,,,,,,,,,,
2024-12-14,994.6,996.4,2024-12-14T22:19:00,992.2,2024-12-14T00:06:00,17.5,20.3,2024-12-14T12:27:00,16.1,2024-12-14T23:00:00,91,77,2024-12-14T12:29:00,2.1,24,11.1,1,2024-12-14T12:55:00,0.0,,,,,,,,,,,,,,,,,,,,,,,0.0,2024-12-14T01:00:00,,,0,,100,2024-12-14T01:21:00,,,,,,,,,,,,,,,,,,,,,,,,,,,,,,,,,,,,,,,,,,,,,,,,,,,,,,,,,,,,,,,,,,,
2024-12-15,994.9,997.1,2024-12-15T09:05:00,993.0,2024-12-15T14:51:00,17.3,20.5,2024-12-15T12:56:00,15.2,2024-12-15T05:31:00,86,74,2024-12-15T13:18:00,1.8,22,9.1,358,2024-12-15T09:14:00,0.0,,,,,,,,,,,,,,,,,,,,,,,0.0,2024-12-15T01:00:00,,,0,,92,2024-12-15T05:10:00,,,,,,,,,,,,,,,,,,,,,,,,,,,,,,,,,,,,,,,,,,,,,,,,,,,,,,,,,,,,,,,,,,,
2024-12-16,993.7,995.7,2024-12-16T10:04:00,991.7,2024-12-16T15:27:00,17.0,20.4,2024-12-16T13:58:00,14.2,2024-12-16T03:07:00,89,76,2024-12-16T13:59:00,1.6,20,10.1,350,2024-12-16T11:05:00,0.0,,,,,,,,,,,,,,,,,,,,,,,0.0,2024-12-16T01:00:00,,,0,,100,2024-12-16T03:10:00,,,,,,,,,,,,,,,,,,,,,,,,,,,,,,,,,,,,,,,,,,,,,,,,,,,,,,,,,,,,,,,,,,,
2024-12-17,992.3,994.2,2024-12-17T08:08:00,990.0,2024-12-17T13:39:00,19.3,23.2,2024-12-17T13:26:00,16.4,2024-12-17T06:34:00,85,73,2024-12-17T11:08:00,1.6,24,10.2,7,2024-12-17T12:20:00,0.0,,,,,,,,,,,,,,,,,,,,,,,0.0,2024-12-17T01:00:00,,,0,,94,2024-12-17T21:54:00,,,,,,,,,,,,,,,,,,,,,,,,,,,,,,,,,,,,,,,,,,,,,,,,,,,,,,,,,,,,,,,,,,,
2024-12-18,991.8,993.6,2024-12-18T20:38:00,989.8,2024-12-18T14:37:00,17.7,21.3,2024-12-18T10:59:00,14.2,2024-12-18T21:45:00,91,78,2024-12-18T08:35:00,1.8,21,10.7,360,2024-12-18T14:40:00,0.0,,,,,,,,,,,,,,,,,,,,,,,0.0,2024-12-18T01:00:00,,,0,,100,2024-12-18T03:33:00,,,,,,,,,,,,,,,,,,,,,,,,,,,,,,,,,,,,,,,,,,,,,,,,,,,,,,,,,,,,,,,,,,,
2024-12-19,992.6,994.8,2024-12-19T09:30:00,991.0,2024-12-19T15:18:00,15.5,19.0,2024-12-19T12:11:00,13.1,2024-12-20T00:00:00,81,65,2024-12-19T12:12:00,2.3,24,12.7,3,2024-12-19T11:10:00,0.0,,,,,,,,,,,,,,,,,,,,,,,0.0,2024-12-19T01:00:00,,,0,,97,2024-12-19T00:01:00,,,,,,,,,,,,,,,,,,,,,,,,,,,,,,,,,,,,,,,,,,,,,,,,,,,,,,,,,,,,,,,,,,,
2024-12-20,990.5,992.2,2024-12-20T09:29:00,988.3,2024-12-20T14:44:00,17.2,23.1,2024-12-20T12:51:00,10.8,2024-12-20T06:42:00,85,61,2024-12-20T11:00:00,1.2,26,10.4,47,2024-12-20T13:17:00,0.0,,,,,,,,,,,,,,,,,,,,,,,0.0,2024-12-20T01:00:00,,,0,,100,2024-12-20T01:27:00,,,,,,,,,,,,,,,,,,,,,,,,,,,,,,,,,,,,,,,,,,,,,,,,,,,,,,,,,,,,,,,,,,,
2024-12-21,990.5,992.5,2024-12-21T21:09:00,988.3,2024-12-21T14:17:00,18.7,24.6,2024-12-21T12:29:00,16.0,2024-12-21T04:16:00,91,67,2024-12-21T11:11:00,1.5,23,12.7,2,2024-12-21T22:46:00,0.5,,,,,,,,,,,,,,,,,,,,,,,0.5,2024-12-21T17:00:00,,,0,,100,2024-12-21T04:11:00,,,,,,,,,,,,,,,,,,,,,,,,,,,,,,,,,,,,,,,,,,,,,,,,,,,,,,,,,,,,,,,,,,,
2024-12-22,992.5,994.6,2024-12-22T09:20:00,991.3,2024-12-22T13:38:00,17.0,19.8,2024-12-22T11:47:00,16.1,2024-12-22T04:03:00,83,72,2024-12-22T11:37:00,2.9,24,12.5,16,2024-12-22T11:11:00,0.0,,,,,,,,,,,,,,,,,,,,,,,0.0,2024-12-22T01:00:00,,,0,,91,2024-12-22T02:57:00,,,,,,,,,,,,,,,,,,,,,,,,,,,,,,,,,,,,,,,,,,,,,,,,,,,,,,,,,,,,,,,,,,,
2024-12-23,991.9,993.8,2024-12-23T09:31:00,990.2,2024-12-23T14:56:00,16.2,17.4,2024-12-23T11:18:00,14.9,2024-12-23T06:39:00,93,80,2024-12-23T03:55:00,2.3,24,10.6,2,2024-12-23T09:01:00,4.0,,,,,,,,,,,,,,,,,,,,,,,1.5,2024-12-23T20:00:00,,,0,,100,2024-12-23T14:14:00,,,,,,,,,,,,,,,,,,,,,,,,,,,,,,,,,,,,,,,,,,,,,,,,,,,,,,,,,,,,,,,,,,,
2024-12-24,992.5,994.5,2024-12-24T09:38:00,991.0,2024-12-24T15:39:00,17.0,18.3,2024-12-24T13:34:00,15.8,2024-12-24T00:01:00,100,98,2024-12-24T13:27:00,2.2,25,11.8,359,2024-12-24T10:02:00,19.5,,,,,,,,,,,,,,,,,,,,,,,5.0,2024-12-24T09:00:00,,,0,,100,2024-12-24T00:01:00,,,,,,,,,,,,,,,,,,,,,,,,,,,,,,,,,,,,,,,,,,,,,,,,,,,,,,,,,,,,,,,,,,,
2024-12-25,993.0,994.9,2024-12-25T09:14:00,991.0,2024-12-25T15:19:00,20.1,24.5,2024-12-25T13:12:00,17.2,2024-12-25T05:45:00,95,75,2024-12-25T14:23:00,0.9,20,7.5,4,2024-12-25T01:17:00,0.0,,,,,,,,,,,,,,,,,,,,,,,0.0,2024-12-25T01:00:00,,,0,,100,2024-12-25T00:01:00,,,,,,,,,,,,,,,,,,,,,,,,,,,,,,,,,,,,,,,,,,,,,,,,,,,,,,,,,,,,,,,,,,,
2024-12-26,993.4,994.6,2024-12-26T08:32:00,992.1,2024-12-26T03:56:00,19.8,22.0,2024-12-26T09:35:00,18.2,2024-12-26T22:06:00,99,92,2024-12-26T12:36:00,1.6,22,11.2,5,2024-12-26T14:20:00,0.5,,,,,,,,,,,,,,,,,,,,,,,0.5,2024-12-26T07:00:00,,,0,,100,2024-12-26T00:01:00,,,,,,,,,,,,,,,,,,,,,,,,,,,,,,,,,,,,,,,,,,,,,,,,,,,,,,,,,,,,,,,,,,,
2024-12-27,994.6,996.3,2024-12-27T09:42:00,993.2,2024-12-27T02:59:00,17.4,18.5,2024-12-27T00:42:00,16.7,2024-12-27T19:44:00,99,92,2024-12-27T03:04:00,1.4,22,8.7,351,2024-12-27T00:15:00,5.0,,,,,,,,,,,,,,,,,,,,,,,1.5,2024-12-27T11:00:00,,,0,,100,2024-12-27T00:07:00,,,,,,,,,,,,,,,,,,,,,,,,,,,,,,,,,,,,,,,,,,,,,,,,,,,,,,,,,,,,,,,,,,,
2024-12-28,995.0,996.7,2024-12-28T21:16:00,993.5,2024-12-28T15:05:00,16.8,19.6,2024-12-28T12:10:00,15.1,2024-12-28T23:44:00,92,79,2024-12-28T13:40:00,2.3,25,12.2,339,2024-12-28T10:11:00,0.5,,,,,,,,,,,,,,,,,,,,,,,0.5,2024-12-28T08:00:00,,,0,,100,2024-12-28T00:01:00,,,,,,,,,,,,,,,,,,,,,,,,,,,,,,,,,,,,,,,,,,,,,,,,,,,,,,,,,,,,,,,,,,,
2024-12-29,994.9,997.5,2024-12-29T09:11:00,992.7,2024-12-29T15:13:00,16.5,20.1,2024-12-29T12:58:00,14.2,2024-12-29T02:49:00,82,68,2024-12-29T13:00:00,2.1,23,11.8,13,2024-12-29T10:35:00,0.0,,,,,,,,,,,,,,,,,,,,,,,0.0,2024-12-29T01:00:00,,,0,,90,2024-12-29T02:30:00,,,,,,,,,,,,,,,,,,,,,,,,,,,,,,,,,,,,,,,,,,,,,,,,,,,,,,,,,,,,,,,,,,,
2024-12-30,993.0,995.2,2024-12-30T08:38:00,991.2,2024-12-30T14:37:00,18.4,22.1,2024-12-30T12:20:00,14.6,2024-12-30T04:46:00,88,75,2024-12-30T00:52:00,0.8,20,6.5,360,2024-12-30T09:36:00,0.0,,,,,,,,,,,,,,,,,,,,,,,0.0,2024-12-30T01:00:00,,,0,,100,2024-12-30T19:56:00,,,,,,,,,,,,,,,,,,,,,,,,,,,,,,,,,,,,,,,,,,,,,,,,,,,,,,,,,,,,,,,,,,,
2024-12-31,991.1,992.7,2024-12-31T00:12:00,988.9,2024-12-31T15:21:00,18.7,21.6,2024-12-31T12:30:00,17.2,2024-12-31T21:09:00,92,77,2024-12-31T12:32:00,1.7,22,11.5,3,2024-12-31T11:28:00,0.0,,,,,,,,,,,,,,,,,,,,,,,0.0,2024-12-31T01:00:00,,,0,,100,2024-12-31T00:01:00,,,,,,,,,,,,,,,,,,,,,,,,,,,,,,,,,,,,,,,,,,,,,,,,,,,,,,,,,,,,,,,,,,,
