,StnPres,StnPresMax,StnPresMaxTime,StnPresMin,StnPresMinTime,Tx,TxMaxAbs,TxMaxAbsTime,TxMinAbs,TxMinAbsTime,RH,RHMin,RHMinTime,WS,WD,WSGust,WDGust,WGustTime,Precp,AirTemperature.MaximumTimef,AirTemperature.Maximumf,AirTemperature.Meanf,AirTemperature.MinimumTimef,AirTemperature.Minimumf,GlobalSolarRadiation.Accumulationf,GlobalSolarRadiation.HourlyMaximumTimef,GlobalSolarRadiation.HourlyMaximumf,GloblRad,GloblRadMax,GloblRadMaxTime,PeakGust.Directionf,PeakGust.MaximumTimef,PeakGust.Maximumf,Precipitation.Accumulationf,Precipitation.HourlyMaximum,Precipitation.HourlyMaximumTime,Precipitation.HourlyMaximumTimef,Precipitation.HourlyMaximumf,Precipitation.MeltFlag,Precipitation.MeltFlagf,RelativeHumidity.Maximum,RelativeHumidity.MaximumTime,RelativeHumidity.MaximumTimef,RelativeHumidity.Maximumf,RelativeHumidity.Meanf,RelativeHumidity.MinimumTimef,RelativeHumidity.Minimumf,SoilTemperatureAt0cm.Maximum,SoilTemperatureAt0cm.MaximumTime,SoilTemperatureAt0cm.MaximumTimef,SoilTemperatureAt0cm.Maximumf,SoilTemperatureAt0cm.Meanf,SoilTemperatureAt0cm.Minimum,SoilTemperatureAt0cm.MinimumTime,SoilTemperatureAt0cm.MinimumTimef,SoilTemperatureAt0cm.Minimumf,SoilTemperatureAt100cm.Maximum,SoilTemperatureAt100cm.MaximumTime,SoilTemperatureAt100cm.MaximumTimef,SoilTemperatureAt100cm.Maximumf,SoilTemperatureAt100cm.Meanf,SoilTemperatureAt100cm.Minimum,SoilTemperatureAt100cm.MinimumTime,SoilTemperatureAt100cm.MinimumTimef,SoilTemperatureAt100cm.Minimumf,SoilTemperatureAt10cm.Maximum,SoilTemperatureAt10cm.MaximumTime,SoilTemperatureAt10cm.MaximumTimef,SoilTemperatureAt10cm.Maximumf,SoilTemperatureAt10cm.Meanf,SoilTemperatureAt10cm.Minimum,SoilTemperatureAt10cm.MinimumTime,SoilTemperatureAt10cm.MinimumTimef,SoilTemperatureAt10cm.Minimumf,SoilTemperatureAt20cm.Maximum,SoilTemperatureAt20cm.MaximumTime,SoilTemperatureAt20cm.MaximumTimef,SoilTemperatureAt20cm.Maximumf,SoilTemperatureAt20cm.Meanf,SoilTemperatureAt20cm.Minimum,SoilTemperatureAt20cm.MinimumTime,SoilTemperatureAt20cm.MinimumTimef,SoilTemperatureAt20cm.Minimumf,SoilTemperatureAt50cm.Maximum,SoilTemperatureAt50cm.MaximumTime,SoilTemperatureAt50cm.MaximumTimef,SoilTemperatureAt50cm.Maximumf,SoilTemperatureAt50cm.Meanf,SoilTemperatureAt50cm.Minimum,SoilTemperatureAt50cm.MinimumTime,SoilTemperatureAt50cm.MinimumTimef,SoilTemperatureAt50cm.Minimumf,SoilTemperatureAt5cm.Maximum,SoilTemperatureAt5cm.MaximumTime,SoilTemperatureAt5cm.MaximumTimef,SoilTemperatureAt5cm.Maximumf,SoilTemperatureAt5cm.Meanf,SoilTemperatureAt5cm.Minimum,SoilTemperatureAt5cm.MinimumTime,SoilTemperatureAt5cm.MinimumTimef,SoilTemperatureAt5cm.Minimumf,StationPressure.MaximumTimef,StationPressure.Maximumf,StationPressure.Meanf,StationPressure.MinimumTimef,StationPressure.Minimumf,SunShine,SunshineDuration.Totalf,TxSoil0cm,TxSoil100cm,TxSoil10cm,TxSoil20cm,TxSoil50cm,TxSoil5cm,WindDirection.Prevailingf,WindSpeed.Meanf
2010-01-01,1015.8,1018.7,2010-01-01T00:12:00,1013.5,2010-01-01T14:04:00,15.9,20.0,2010-01-01T12:56:00,12.9,2010-01-02T00:00:00,68,52.0,2010-01-01T13:00:00,3.3,49.0,11.6,30.0,2010-01-01T00:21:00,0.0,,,,,,,,,,,,,,,,,,,,,,81.0,2010-01-01T23:59:00,,,,,,,,,,,,,,,,,,,,,,,,,,,,,,,,,,,,,,,,,,,,,,,,,,,,,,,,,,,,,,,,,-99.7,,,,,,,,,
2010-01-02,1014.7,1017.3,2010-01-02T22:40:00,1012.5,2010-01-02T16:58:00,15.9,18.2,2010-01-02T11:18:00,14.2,2010-01-02T23:47:00,85,77.0,2010-01-02T11:20:00,1.8,12.0,7.0,27.0,2010-01-02T23:11:00,20.5,,,,,,,,,,,,,,,,,,,,,,89.0,2010-01-02T21:22:00,,,,,,,,,,,,,,,,,,,,,,,,,,,,,,,,,,,,,,,,,,,,,,,,,,,,,,,,,,,,,,,,,-99.7,,,,,,,,,
2010-01-03,1014.5,1017.0,2010-01-04T00:00:00,1013.0,2010-01-03T16:16:00,14.9,16.9,2010-01-03T12:19:00,12.4,2010-01-03T22:29:00,79,67.0,2010-01-03T12:17:00,3.9,51.0,11.7,27.0,2010-01-03T14:06:00,7.0,,,,,,,,,,,,,,,,,,,,,,89.0,2010-01-03T03:39:00,,,,,,,,,,,,,,,,,,,,,,,,,,,,,,,,,,,,,,,,,,,,,,,,,,,,,,,,,,,,,,,,,-99.7,,,,,,,,,
2010-01-04,1013.5,1015.1,2010-01-04T21:53:00,1011.7,2010-01-04T13:55:00,16.1,18.7,2010-01-04T13:06:00,13.8,2010-01-04T00:09:00,79,71.0,2010-01-04T13:59:00,2.4,40.0,8.5,61.0,2010-01-04T21:27:00,0.0,,,,,,,,,,,,,,,,,,,,,,86.0,2010-01-04T05:17:00,,,,,,,,,,,,,,,,,,,,,,,,,,,,,,,,,,,,,,,,,,,,,,,,,,,,,,,,,,,,,,,,,-99.7,,,,,,,,,
2010-01-05,1015.8,1018.7,2010-01-05T09:14:00,1013.8,2010-01-05T12:38:00,14.7,17.5,2010-01-05T00:11:00,13.5,2010-01-05T17:07:00,75,62.0,2010-01-05T11:44:00,8.2,41.0,16.4,51.0,2010-01-05T06:54:00,0.0,,,,,,,,,,,,,,,,,,,,,,81.0,2010-01-05T16:57:00,,,,,,,,,,,,,,,,,,,,,,,,,,,,,,,,,,,,,,,,,,,,,,,,,,,,,,,,,,,,,,,,,-99.7,,,,,,,,,
2010-01-06,1017.6,1019.4,2010-01-06T21:29:00,1014.5,2010-01-06T02:48:00,13.8,14.6,2010-01-06T01:04:00,13.1,2010-01-06T10:34:00,83,77.0,2010-01-06T14:15:00,7.1,47.0,15.3,45.0,2010-01-06T21:30:00,10.0,,,,,,,,,,,,,,,,,,,,,,87.0,2010-01-06T09:44:00,,,,,,,,,,,,,,,,,,,,,,,,,,,,,,,,,,,,,,,,,,,,,,,,,,,,,,,,,,,,,,,,,-99.7,,,,,,,,,
2010-01-07,1018.8,1021.3,2010-01-07T09:04:00,1017.0,2010-01-07T16:19:00,13.5,14.4,2010-01-07T21:41:00,12.6,2010-01-07T06:51:00,81,76.0,2010-01-07T18:00:00,7.3,52.0,15.2,40.0,2010-01-07T04:26:00,6.0,,,,,,,,,,,,,,,,,,,,,,86.0,2010-01-07T05:43:00,,,,,,,,,,,,,,,,,,,,,,,,,,,,,,,,,,,,,,,,,,,,,,,,,,,,,,,,,,,,,,,,,-99.7,,,,,,,,,
2010-01-08,1017.8,1020.0,2010-01-08T10:17:00,1015.7,2010-01-08T03:25:00,13.2,13.9,2010-01-08T20:40:00,12.2,2010-01-08T15:28:00,82,77.0,2010-01-08T18:31:00,6.4,44.0,13.9,58.0,2010-01-08T00:50:00,4.0,,,,,,,,,,,,,,,,,,,,,,86.0,2010-01-08T13:27:00,,,,,,,,,,,,,,,,,,,,,,,,,,,,,,,,,,,,,,,,,,,,,,,,,,,,,,,,,,,,,,,,,-99.7,,,,,,,,,
2010-01-09,1016.1,1017.4,2010-01-09T09:37:00,1013.9,2010-01-09T14:57:00,17.0,21.1,2010-01-09T14:42:00,13.9,2010-01-09T00:10:00,78,67.0,2010-01-09T14:43:00,3.8,50.0,10.9,64.0,2010-01-09T08:04:00,0.0,,,,,,,,,,,,,,,,,,,,,,90.0,2010-01-09T23:07:00,,,,,,,,,,,,,,,,,,,,,,,,,,,,,,,,,,,,,,,,,,,,,,,,,,,,,,,,,,,,,,,,,-99.7,,,,,,,,,
2010-01-10,1015.9,1017.6,2010-01-10T07:47:00,1013.7,2010-01-10T14:00:00,17.0,23.2,2010-01-10T11:27:00,14.6,2010-01-10T20:58:00,81,39.0,2010-01-10T11:18:00,2.2,13.0,10.3,296.0,2010-01-10T12:35:00,0.0,,,,,,,,,,,,,,,,,,,,,,89.0,2010-01-10T00:03:00,,,,,,,,,,,,,,,,,,,,,,,,,,,,,,,,,,,,,,,,,,,,,,,,,,,,,,,,,,,,,,,,,-99.7,,,,,,,,,
2010-01-11,1015.8,1018.9,2010-01-11T23:59:00,1013.7,2010-01-11T15:18:00,14.8,17.4,2010-01-11T10:59:00,11.4,2010-01-11T23:58:00,82,75.0,2010-01-11T10:51:00,5.7,8.0,15.0,26.0,2010-01-11T23:16:00,5.0,,,,,,,,,,,,,,,,,,,,,,85.0,2010-01-11T07:37:00,,,,,,,,,,,,,,,,,,,,,,,,,,,,,,,,,,,,,,,,,,,,,,,,,,,,,,,,,,,,,,,,,-99.7,,,,,,,,,
2010-01-12,1021.2,1024.2,2010-01-12T23:23:00,1018.0,2010-01-12T00:10:00,9.1,11.4,2010-01-13T00:00:00,7.3,2010-01-12T22:19:00,76,63.0,2010-01-12T16:57:00,5.6,25.0,15.8,25.0,2010-01-12T03:54:00,5.5,,,,,,,,,,,,,,,,,,,,,,84.0,2010-01-12T08:59:00,,,,,,,,,,,,,,,,,,,,,,,,,,,,,,,,,,,,,,,,,,,,,,,,,,,,,,,,,,,,,,,,,-99.7,,,,,,,,,
2010-01-13,1026.0,1027.8,2010-01-13T22:29:00,1023.7,2010-01-13T00:25:00,10.1,14.0,2010-01-13T12:15:00,7.5,2010-01-13T04:28:00,54,24.0,2010-01-13T15:26:00,4.9,36.0,12.7,40.0,2010-01-13T11:10:00,0.0,,,,,,,,,,,,,,,,,,,,,,72.0,2010-01-13T01:12:00,,,,,,,,,,,,,,,,,,,,,,,,,,,,,,,,,,,,,,,,,,,,,,,,,,,,,,,,,,,,,,,,,-99.7,,,,,,,,,
2010-01-14,1024.6,1027.5,2010-01-14T00:02:00,1021.8,2010-01-14T14:55:00,11.8,17.6,2010-01-14T12:20:00,7.8,2010-01-14T00:20:00,59,37.0,2010-01-14T11:53:00,4.3,45.0,11.3,58.0,2010-01-14T08:50:00,0.0,,,,,,,,,,,,,,,,,,,,,,81.0,2010-01-14T23:59:00,,,,,,,,,,,,,,,,,,,,,,,,,,,,,,,,,,,,,,,,,,,,,,,,,,,,,,,,,,,,,,,,,-99.7,,,,,,,,,
2010-01-15,1022.5,1024.4,2010-01-15T09:55:00,1020.9,2010-01-15T15:34:00,12.8,19.0,2010-01-15T15:07:00,6.3,2010-01-15T06:28:00,67,32.0,2010-01-15T15:06:00,1.3,109.0,5.8,239.0,2010-01-15T13:09:00,0.0,,,,,,,,,,,,,,,,,,,,,,83.0,2010-01-15T06:37:00,,,,,,,,,,,,,,,,,,,,,,,,,,,,,,,,,,,,,,,,,,,,,,,,,,,,,,,,,,,,,,,,,-99.7,,,,,,,,,
2010-01-16,1023.0,1024.7,2010-01-16T10:02:00,1021.1,2010-01-16T13:42:00,15.1,18.6,2010-01-16T13:54:00,10.0,2010-01-16T02:34:00,72,59.0,2010-01-16T14:01:00,6.1,47.0,16.7,46.0,2010-01-16T11:22:00,0.0,,,,,,,,,,,,,,,,,,,,,,86.0,2010-01-16T06:43:00,,,,,,,,,,,,,,,,,,,,,,,,,,,,,,,,,,,,,,,,,,,,,,,,,,,,,,,,,,,,,,,,,-99.7,,,,,,,,,
2010-01-17,1022.8,1024.9,2010-01-17T08:53:00,1020.4,2010-01-17T14:43:00,16.8,19.4,2010-01-17T11:44:00,15.5,2010-01-17T06:41:00,67,60.0,2010-01-17T08:35:00,7.8,51.0,16.0,39.0,2010-01-17T14:00:00,0.0,,,,,,,,,,,,,,,,,,,,,,72.0,2010-01-17T22:50:00,,,,,,,,,,,,,,,,,,,,,,,,,,,,,,,,,,,,,,,,,,,,,,,,,,,,,,,,,,,,,,,,,-99.7,,,,,,,,,
2010-01-18,1020.4,1023.1,2010-01-18T09:15:00,1017.8,2010-01-18T14:36:00,17.3,19.8,2010-01-18T12:31:00,14.7,2010-01-18T23:50:00,75,63.0,2010-01-18T18:55:00,4.9,24.0,14.0,34.0,2010-01-18T15:36:00,0.0,,,,,,,,,,,,,,,,,,,,,,86.0,2010-01-18T23:53:00,,,,,,,,,,,,,,,,,,,,,,,,,,,,,,,,,,,,,,,,,,,,,,,,,,,,,,,,,,,,,,,,,-99.7,,,,,,,,,
2010-01-19,1018.6,1021.4,2010-01-19T10:00:00,1016.9,2010-01-19T16:53:00,15.9,20.4,2010-01-19T13:01:00,12.0,2010-01-19T06:21:00,83,68.0,2010-01-19T15:25:00,1.5,30.0,5.5,3.0,2010-01-19T13:45:00,0.0,,,,,,,,,,,,,,,,,,,,,,89.0,2010-01-19T21:57:00,,,,,,,,,,,,,,,,,,,,,,,,,,,,,,,,,,,,,,,,,,,,,,,,,,,,,,,,,,,,,,,,,-99.7,,,,,,,,,
2010-01-20,1017.9,1019.9,2010-01-20T09:33:00,1016.3,2010-01-20T14:59:00,18.7,23.5,2010-01-20T14:36:00,14.4,2010-01-20T06:09:00,76,51.0,2010-01-20T14:53:00,1.0,40.0,4.3,299.0,2010-01-20T12:32:00,0.0,,,,,,,,,,,,,,,,,,,,,,90.0,2010-01-20T07:26:00,,,,,,,,,,,,,,,,,,,,,,,,,,,,,,,,,,,,,,,,,,,,,,,,,,,,,,,,,,,,,,,,,-99.7,,,,,,,,,
2010-01-21,1018.1,1021.9,2010-01-21T23:58:00,1015.8,2010-01-21T13:29:00,18.5,25.1,2010-01-21T11:46:00,13.1,2010-01-21T23:29:00,74,55.0,2010-01-21T09:20:00,4.5,38.0,17.1,47.0,2010-01-21T21:05:00,1.5,,,,,,,,,,,,,,,,,,,,,,87.0,2010-01-21T23:57:00,,,,,,,,,,,,,,,,,,,,,,,,,,,,,,,,,,,,,,,,,,,,,,,,,,,,,,,,,,,,,,,,,-99.7,,,,,,,,,
2010-01-22,1022.2,1024.0,2010-01-22T09:44:00,1019.9,2010-01-22T15:11:00,13.1,13.9,2010-01-22T10:34:00,12.2,2010-01-22T22:59:00,85,81.0,2010-01-22T16:29:00,8.3,38.0,16.7,29.0,2010-01-22T12:56:00,6.0,,,,,,,,,,,,,,,,,,,,,,88.0,2010-01-22T03:44:00,,,,,,,,,,,,,,,,,,,,,,,,,,,,,,,,,,,,,,,,,,,,,,,,,,,,,,,,,,,,,,,,,-99.7,,,,,,,,,
2010-01-23,1021.3,1023.4,2010-01-23T01:00:00,1018.7,2010-01-23T15:27:00,14.0,15.5,2010-01-23T21:01:00,12.2,2010-01-23T02:43:00,82,76.0,2010-01-23T17:08:00,7.4,38.0,15.7,55.0,2010-01-23T10:57:00,0.5,,,,,,,,,,,,,,,,,,,,,,87.0,2010-01-23T06:09:00,,,,,,,,,,,,,,,,,,,,,,,,,,,,,,,,,,,,,,,,,,,,,,,,,,,,,,,,,,,,,,,,,-99.7,,,,,,,,,
2010-01-24,1018.6,1021.0,2010-01-24T08:06:00,1016.5,2010-01-24T15:26:00,15.7,17.2,2010-01-24T16:04:00,14.7,2010-01-24T03:31:00,88,84.0,2010-01-24T01:40:00,3.5,5.0,10.4,58.0,2010-01-24T03:39:00,2.5,,,,,,,,,,,,,,,,,,,,,,90.0,2010-01-24T23:52:00,,,,,,,,,,,,,,,,,,,,,,,,,,,,,,,,,,,,,,,,,,,,,,,,,,,,,,,,,,,,,,,,,-99.7,,,,,,,,,
2010-01-25,1021.0,1025.1,2010-01-25T21:20:00,1016.8,2010-01-25T02:03:00,14.6,17.9,2010-01-25T10:24:00,12.9,2010-01-25T21:09:00,83,68.0,2010-01-25T21:41:00,5.3,41.0,15.9,39.0,2010-01-25T18:09:00,24.0,,,,,,,,,,,,,,,,,,,,,,91.0,2010-01-25T08:56:00,,,,,,,,,,,,,,,,,,,,,,,,,,,,,,,,,,,,,,,,,,,,,,,,,,,,,,,,,,,,,,,,,-99.7,,,,,,,,,
2010-01-26,1021.5,1025.0,2010-01-26T08:58:00,1018.8,2010-01-27T00:00:00,15.6,18.2,2010-01-26T14:51:00,13.5,2010-01-27T00:00:00,65,57.0,2010-01-26T13:46:00,7.3,49.0,17.4,53.0,2010-01-26T05:31:00,0.0,,,,,,,,,,,,,,,,,,,,,,73.0,2010-01-26T23:46:00,,,,,,,,,,,,,,,,,,,,,,,,,,,,,,,,,,,,,,,,,,,,,,,,,,,,,,,,,,,,,,,,,-99.7,,,,,,,,,
2010-01-27,1016.9,1019.8,2010-01-27T10:07:00,1014.6,2010-01-27T16:50:00,16.4,19.7,2010-01-27T17:20:00,13.3,2010-01-27T03:54:00,81,73.0,2010-01-27T14:59:00,1.6,15.0,5.3,331.0,2010-01-27T10:49:00,0.0,,,,,,,,,,,,,,,,,,,,,,88.0,2010-01-27T23:58:00,,,,,,,,,,,,,,,,,,,,,,,,,,,,,,,,,,,,,,,,,,,,,,,,,,,,,,,,,,,,,,,,,-99.7,,,,,,,,,
2010-01-28,1015.9,1017.6,2010-01-28T23:34:00,1014.5,2010-01-28T04:24:00,17.6,20.7,2010-01-28T08:40:00,16.3,2010-01-28T20:09:00,83,66.0,2010-01-28T08:43:00,2.8,49.0,10.5,21.0,2010-01-28T23:54:00,0.0,,,,,,,,,,,,,,,,,,,,,,89.0,2010-01-28T01:50:00,,,,,,,,,,,,,,,,,,,,,,,,,,,,,,,,,,,,,,,,,,,,,,,,,,,,,,,,,,,,,,,,,-99.7,,,,,,,,,
2010-01-29,1017.1,1020.1,2010-01-29T09:56:00,1014.8,2010-01-29T15:41:00,18.1,22.1,2010-01-29T14:16:00,16.2,2010-01-29T06:28:00,74,56.0,2010-01-29T13:38:00,5.6,36.0,14.1,43.0,2010-01-29T08:38:00,0.0,,,,,,,,,,,,,,,,,,,,,,86.0,2010-01-30T00:00:00,,,,,,,,,,,,,,,,,,,,,,,,,,,,,,,,,,,,,,,,,,,,,,,,,,,,,,,,,,,,,,,,,-99.7,,,,,,,,,
2010-01-30,1015.9,1018.2,2010-01-30T09:58:00,1014.7,2010-01-30T23:59:00,16.7,20.5,2010-01-30T12:24:00,14.5,2010-01-30T23:13:00,83,71.0,2010-01-30T12:25:00,2.2,16.0,8.2,332.0,2010-01-30T13:36:00,0.0,,,,,,,,,,,,,,,,,,,,,,89.0,2010-01-30T05:56:00,,,,,,,,,,,,,,,,,,,,,,,,,,,,,,,,,,,,,,,,,,,,,,,,,,,,,,,,,,,,,,,,,-99.7,,,,,,,,,
2010-01-31,1013.9,1016.0,2010-01-31T09:43:00,1011.4,2010-01-31T23:39:00,18.2,22.9,2010-01-31T13:51:00,14.4,2010-01-31T01:29:00,82,63.0,2010-01-31T13:53:00,1.8,184.0,7.1,209.0,2010-01-31T12:57:00,0.0,,,,,,,,,,,,,,,,,,,,,,90.0,2010-01-31T07:42:00,,,,,,,,,,,,,,,,,,,,,,,,,,,,,,,,,,,,,,,,,,,,,,,,,,,,,,,,,,,,,,,,,-99.7,,,,,,,,,
2010-02-01,1013.5,1015.3,2010-02-01T22:17:00,1011.4,2010-02-01T01:43:00,16.6,20.7,2010-02-01T01:21:00,14.9,2010-02-01T23:53:00,83,73.0,2010-02-01T20:59:00,4.0,29.0,13.3,52.0,2010-02-01T21:46:00,0.0,,,,,,,,,,,,,,,,,,,,,,90.0,2010-02-01T10:34:00,,,,,,,,,,,,,,,,,,,,,,,,,,,,,,,,,,,,,,,,,,,,,,,,,,,,,,,,,,,,,,,,,-99.7,,,,,,,,,
2010-02-02,1014.4,1015.6,2010-02-02T22:48:00,1012.3,2010-02-02T13:56:00,16.2,19.5,2010-02-02T11:44:00,14.7,2010-02-02T00:31:00,81,71.0,2010-02-02T11:44:00,5.2,40.0,14.1,62.0,2010-02-02T01:25:00,0.0,,,,,,,,,,,,,,,,,,,,,,86.0,2010-02-02T23:58:00,,,,,,,,,,,,,,,,,,,,,,,,,,,,,,,,,,,,,,,,,,,,,,,,,,,,,,,,,,,,,,,,,-99.7,,,,,,,,,
2010-02-03,1016.2,1018.2,2010-02-03T08:55:00,1014.4,2010-02-03T14:37:00,15.1,16.3,2010-02-03T12:39:00,13.8,2010-02-03T07:13:00,87,81.0,2010-02-03T13:37:00,4.7,28.0,11.2,28.0,2010-02-03T19:45:00,1.0,,,,,,,,,,,,,,,,,,,,,,90.0,2010-02-03T06:10:00,,,,,,,,,,,,,,,,,,,,,,,,,,,,,,,,,,,,,,,,,,,,,,,,,,,,,,,,,,,,,,,,,-99.7,,,,,,,,,
2010-02-04,1016.5,1018.2,2010-02-04T07:32:00,1014.4,2010-02-04T14:15:00,15.2,16.9,2010-02-04T11:42:00,14.5,2010-02-04T05:27:00,86,81.0,2010-02-04T11:43:00,4.7,14.0,11.0,27.0,2010-02-04T03:48:00,2.0,,,,,,,,,,,,,,,,,,,,,,89.0,2010-02-04T02:45:00,,,,,,,,,,,,,,,,,,,,,,,,,,,,,,,,,,,,,,,,,,,,,,,,,,,,,,,,,,,,,,,,,-99.7,,,,,,,,,
2010-02-05,1016.5,1018.0,2010-02-05T08:23:00,1014.7,2010-02-05T13:46:00,15.7,17.0,2010-02-05T13:04:00,14.2,2010-02-05T03:54:00,88,83.0,2010-02-05T13:17:00,3.4,18.0,9.0,5.0,2010-02-05T13:52:00,1.0,,,,,,,,,,,,,,,,,,,,,,90.0,2010-02-05T04:04:00,,,,,,,,,,,,,,,,,,,,,,,,,,,,,,,,,,,,,,,,,,,,,,,,,,,,,,,,,,,,,,,,,-99.7,,,,,,,,,
2010-02-06,1016.3,1018.0,2010-02-06T22:20:00,1014.4,2010-02-06T04:08:00,15.6,91.8,2010-02-06T10:00:00,14.8,2010-02-06T08:49:00,96,90.0,2010-02-06T00:00:00,3.1,7.0,7.9,19.0,2010-02-06T22:37:00,11.0,,,,,,,,,,,,,,,,,,,,,,100.0,2010-02-06T10:00:00,,,,,,,,,,,,,,,,,,,,,,,,,,,,,,,,,,,,,,,,,,,,,,,,,,,,,,,,,,,,,,,,,-99.7,,,,,,,,,
2010-02-07,1016.3,-9999.7,,-9999.7,,-99.7,-99.7,,-99.7,,100,,,2.0,5.0,-99.7,-999.7,,12.0,,,,,,,,,,,,,,,,,,,,,,,,,,,,,,,,,,,,,,,,,,,,,,,,,,,,,,,,,,,,,,,,,,,,,,,,,,,,,,,,,,,,,,,,-99.7,,,,,,,,,
2010-02-08,-9999.7,-9999.7,,-9999.7,,-99.7,-99.7,,-99.7,,-9997,,,-99.7,-999.7,-99.7,-999.7,,0.0,,,,,,,,,,,,,,,,,,,,,,,,,,,,,,,,,,,,,,,,,,,,,,,,,,,,,,,,,,,,,,,,,,,,,,,,,,,,,,,,,,,,,,,,-99.7,,,,,,,,,
2010-02-09,1012.1,1014.1,2010-02-09T23:14:00,1011.4,2010-02-09T15:53:00,19.6,22.1,2010-02-09T16:49:00,17.8,2010-02-09T23:50:00,84,73.0,2010-02-09T16:55:00,1.2,127.0,3.9,209.0,2010-02-09T18:12:00,0.0,,,,,,,,,,,,,,,,,,,,,,90.0,2010-02-09T21:42:00,,,,,,,,,,,,,,,,,,,,,,,,,,,,,,,,,,,,,,,,,,,,,,,,,,,,,,,,,,,,,,,,,-99.7,,,,,,,,,
2010-02-10,1011.9,1014.1,2010-02-10T09:42:00,1009.5,2010-02-10T15:29:00,20.2,22.6,2010-02-10T15:36:00,17.1,2010-02-10T01:20:00,89,80.0,2010-02-10T23:28:00,1.6,215.0,8.6,204.0,2010-02-10T20:31:00,0.0,,,,,,,,,,,,,,,,,,,,,,92.0,2010-02-10T10:49:00,,,,,,,,,,,,,,,,,,,,,,,,,,,,,,,,,,,,,,,,,,,,,,,,,,,,,,,,,,,,,,,,,-99.7,,,,,,,,,
2010-02-11,1012.8,1018.3,2010-02-11T23:43:00,1010.4,2010-02-11T15:27:00,21.1,24.7,2010-02-11T14:51:00,13.3,2010-02-11T23:59:00,79,63.0,2010-02-11T15:14:00,4.5,36.0,15.7,56.0,2010-02-11T22:41:00,0.0,,,,,,,,,,,,,,,,,,,,,,89.0,2010-02-11T01:13:00,,,,,,,,,,,,,,,,,,,,,,,,,,,,,,,,,,,,,,,,,,,,,,,,,,,,,,,,,,,,,,,,,-99.7,,,,,,,,,
2010-02-12,1021.1,1023.3,2010-02-12T21:45:00,1016.8,2010-02-12T01:11:00,11.1,13.3,2010-02-13T00:00:00,9.9,2010-02-12T16:52:00,80,72.0,2010-02-12T20:41:00,8.3,42.0,16.5,26.0,2010-02-12T08:18:00,0.5,,,,,,,,,,,,,,,,,,,,,,86.0,2010-02-12T01:02:00,,,,,,,,,,,,,,,,,,,,,,,,,,,,,,,,,,,,,,,,,,,,,,,,,,,,,,,,,,,,,,,,,-99.7,,,,,,,,,
2010-02-13,1018.9,1022.5,2010-02-13T00:07:00,1014.4,2010-02-13T23:29:00,12.6,15.2,2010-02-13T23:04:00,10.9,2010-02-13T02:31:00,81,75.0,2010-02-13T04:38:00,7.0,44.0,16.0,33.0,2010-02-13T01:44:00,13.0,,,,,,,,,,,,,,,,,,,,,,88.0,2010-02-13T16:10:00,,,,,,,,,,,,,,,,,,,,,,,,,,,,,,,,,,,,,,,,,,,,,,,,,,,,,,,,,,,,,,,,,-99.7,,,,,,,,,
2010-02-14,1014.0,1015.5,2010-02-14T07:36:00,1012.1,2010-02-14T15:13:00,14.6,17.1,2010-02-14T11:30:00,13.4,2010-02-14T20:42:00,88,80.0,2010-02-14T00:18:00,3.8,31.0,12.5,337.0,2010-02-14T05:56:00,2.5,,,,,,,,,,,,,,,,,,,,,,90.0,2010-02-14T22:45:00,,,,,,,,,,,,,,,,,,,,,,,,,,,,,,,,,,,,,,,,,,,,,,,,,,,,,,,,,,,,,,,,,-99.7,,,,,,,,,
2010-02-15,1017.4,1020.4,2010-02-15T23:58:00,1015.1,2010-02-15T00:21:00,12.9,13.9,2010-02-16T00:00:00,11.2,2010-02-15T23:59:00,85,80.0,2010-02-15T16:24:00,7.0,30.0,16.0,34.0,2010-02-15T22:52:00,16.5,,,,,,,,,,,,,,,,,,,,,,90.0,2010-02-15T00:19:00,,,,,,,,,,,,,,,,,,,,,,,,,,,,,,,,,,,,,,,,,,,,,,,,,,,,,,,,,,,,,,,,,-99.7,,,,,,,,,
2010-02-16,1020.3,1022.9,2010-02-16T09:21:00,1018.1,2010-02-16T15:35:00,11.3,12.1,2010-02-16T23:13:00,10.2,2010-02-16T07:20:00,83,77.0,2010-02-16T10:28:00,7.8,39.0,16.8,35.0,2010-02-16T02:05:00,26.5,,,,,,,,,,,,,,,,,,,,,,87.0,2010-02-16T03:06:00,,,,,,,,,,,,,,,,,,,,,,,,,,,,,,,,,,,,,,,,,,,,,,,,,,,,,,,,,,,,,,,,,-99.7,,,,,,,,,
2010-02-17,1019.8,1021.9,2010-02-17T22:16:00,1017.8,2010-02-17T15:08:00,11.6,12.6,2010-02-17T11:35:00,10.5,2010-02-17T20:01:00,84,77.0,2010-02-17T07:08:00,6.7,26.0,14.6,49.0,2010-02-17T02:42:00,30.5,,,,,,,,,,,,,,,,,,,,,,88.0,2010-02-17T16:12:00,,,,,,,,,,,,,,,,,,,,,,,,,,,,,,,,,,,,,,,,,,,,,,,,,,,,,,,,,,,,,,,,,-99.7,,,,,,,,,
2010-02-18,1021.3,1024.0,2010-02-18T23:04:00,1019.5,2010-02-18T17:35:00,10.4,11.6,2010-02-18T05:56:00,9.0,2010-02-18T23:36:00,77,64.0,2010-02-18T09:04:00,7.2,38.0,15.8,39.0,2010-02-18T09:31:00,20.0,,,,,,,,,,,,,,,,,,,,,,86.0,2010-02-18T00:12:00,,,,,,,,,,,,,,,,,,,,,,,,,,,,,,,,,,,,,,,,,,,,,,,,,,,,,,,,,,,,,,,,,-99.7,,,,,,,,,
2010-02-19,1019.5,1021.7,2010-02-19T00:23:00,1016.1,2010-02-19T14:43:00,10.0,11.3,2010-02-19T15:17:00,9.1,2010-02-19T05:40:00,83,75.0,2010-02-19T15:15:00,6.1,42.0,13.1,21.0,2010-02-19T18:33:00,27.5,,,,,,,,,,,,,,,,,,,,,,88.0,2010-02-19T19:11:00,,,,,,,,,,,,,,,,,,,,,,,,,,,,,,,,,,,,,,,,,,,,,,,,,,,,,,,,,,,,,,,,,-99.7,,,,,,,,,
2010-02-20,1016.7,1018.9,2010-02-21T00:00:00,1014.9,2010-02-20T13:53:00,13.7,17.9,2010-02-20T12:56:00,10.0,2010-02-21T00:00:00,76,60.0,2010-02-20T15:28:00,3.3,61.0,10.7,30.0,2010-02-20T13:26:00,0.0,,,,,,,,,,,,,,,,,,,,,,87.0,2010-02-20T23:47:00,,,,,,,,,,,,,,,,,,,,,,,,,,,,,,,,,,,,,,,,,,,,,,,,,,,,,,,,,,,,,,,,,-99.7,,,,,,,,,
2010-02-21,1015.1,1016.4,2010-02-21T10:57:00,1014.1,2010-02-21T15:38:00,14.3,17.6,2010-02-21T11:34:00,11.4,2010-02-21T00:22:00,84,75.0,2010-02-21T13:17:00,1.5,29.0,6.7,332.0,2010-02-21T12:04:00,0.0,,,,,,,,,,,,,,,,,,,,,,89.0,2010-02-22T00:00:00,,,,,,,,,,,,,,,,,,,,,,,,,,,,,,,,,,,,,,,,,,,,,,,,,,,,,,,,,,,,,,,,,-99.7,,,,,,,,,
2010-02-22,1013.7,1015.8,2010-02-22T09:54:00,1011.9,2010-02-22T15:16:00,14.4,17.3,2010-02-22T16:51:00,11.9,2010-02-22T03:29:00,86,75.0,2010-02-22T16:56:00,0.9,65.0,4.9,216.0,2010-02-22T09:38:00,1.5,,,,,,,,,,,,,,,,,,,,,,90.0,2010-02-22T05:12:00,,,,,,,,,,,,,,,,,,,,,,,,,,,,,,,,,,,,,,,,,,,,,,,,,,,,,,,,,,,,,,,,,-99.7,,,,,,,,,
2010-02-23,1012.0,1014.1,2010-02-23T09:40:00,1009.9,2010-02-23T16:03:00,15.8,19.5,2010-02-23T14:13:00,12.0,2010-02-23T04:52:00,83,68.0,2010-02-23T12:28:00,2.0,178.0,7.6,18.0,2010-02-23T10:39:00,0.5,,,,,,,,,,,,,,,,,,,,,,91.0,2010-02-23T07:42:00,,,,,,,,,,,,,,,,,,,,,,,,,,,,,,,,,,,,,,,,,,,,,,,,,,,,,,,,,,,,,,,,,-99.7,,,,,,,,,
2010-02-24,1010.0,1012.0,2010-02-24T09:55:00,1007.3,2010-02-24T15:40:00,17.8,24.9,2010-02-24T15:29:00,14.2,2010-02-24T07:26:00,82,54.0,2010-02-24T15:40:00,1.4,199.0,5.8,334.0,2010-02-24T16:01:00,0.0,,,,,,,,,,,,,,,,,,,,,,92.0,2010-02-24T08:34:00,,,,,,,,,,,,,,,,,,,,,,,,,,,,,,,,,,,,,,,,,,,,,,,,,,,,,,,,,,,,,,,,,-99.7,,,,,,,,,
2010-02-25,1007.8,1009.8,2010-02-25T08:43:00,1005.8,2010-02-25T15:27:00,22.1,26.7,2010-02-25T11:02:00,17.6,2010-02-25T06:26:00,73,47.0,2010-02-25T10:57:00,3.1,118.0,10.5,210.0,2010-02-25T23:55:00,0.0,,,,,,,,,,,,,,,,,,,,,,84.0,2010-02-25T17:55:00,,,,,,,,,,,,,,,,,,,,,,,,,,,,,,,,,,,,,,,,,,,,,,,,,,,,,,,,,,,,,,,,,-99.7,,,,,,,,,
2010-02-26,1007.3,1010.0,2010-02-26T22:43:00,1005.4,2010-02-26T14:54:00,23.7,25.8,2010-02-26T11:44:00,20.3,2010-02-26T23:03:00,77,65.0,2010-02-26T09:24:00,5.2,242.0,14.0,210.0,2010-02-26T00:57:00,0.0,,,,,,,,,,,,,,,,,,,,,,89.0,2010-02-26T23:35:00,,,,,,,,,,,,,,,,,,,,,,,,,,,,,,,,,,,,,,,,,,,,,,,,,,,,,,,,,,,,,,,,,-99.7,,,,,,,,,
2010-02-27,1010.5,1013.9,2010-02-27T23:52:00,1007.6,2010-02-27T04:21:00,19.2,22.9,2010-02-28T00:00:00,17.6,2010-02-27T13:11:00,88,81.0,2010-02-28T00:00:00,1.9,44.0,5.8,302.0,2010-02-27T04:54:00,0.0,,,,,,,,,,,,,,,,,,,,,,91.0,2010-02-27T06:01:00,,,,,,,,,,,,,,,,,,,,,,,,,,,,,,,,,,,,,,,,,,,,,,,,,,,,,,,,,,,,,,,,,-99.7,,,,,,,,,
2010-02-28,1013.2,1015.4,2010-02-28T09:49:00,1011.1,2010-02-28T16:13:00,21.7,26.5,2010-02-28T15:14:00,18.7,2010-02-28T01:02:00,79,59.0,2010-02-28T12:57:00,2.4,58.0,6.6,75.0,2010-02-28T07:34:00,0.0,,,,,,,,,,,,,,,,,,,,,,91.0,2010-02-28T01:26:00,,,,,,,,,,,,,,,,,,,,,,,,,,,,,,,,,,,,,,,,,,,,,,,,,,,,,,,,,,,,,,,,,-99.7,,,,,,,,,
2010-03-01,1011.0,1013.4,2010-03-01T09:17:00,1008.5,2010-03-01T14:46:00,22.5,26.2,2010-03-01T15:15:00,18.9,2010-03-01T03:24:00,82,67.0,2010-03-01T15:16:00,3.2,182.0,10.9,224.0,2010-03-01T14:05:00,0.0,,,,,,,,,,,,,,,,,,,,,,89.0,2010-03-01T04:09:00,,,,,,,,,,,,,,,,,,,,,,,,,,,,,,,,,,,,,,,,,,,,,,,,,,,,,,,,,,,,,,,,,-99.7,,,,,,,,,
2010-03-02,1011.6,1014.1,2010-03-02T10:46:00,1009.3,2010-03-02T04:03:00,19.1,21.7,2010-03-02T00:01:00,16.3,2010-03-02T11:08:00,86,77.0,2010-03-02T14:38:00,2.7,37.0,8.7,354.0,2010-03-02T10:34:00,2.0,,,,,,,,,,,,,,,,,,,,,,90.0,2010-03-02T05:59:00,,,,,,,,,,,,,,,,,,,,,,,,,,,,,,,,,,,,,,,,,,,,,,,,,,,,,,,,,,,,,,,,,-99.7,,,,,,,,,
2010-03-03,1011.7,1013.1,2010-03-03T00:10:00,1010.7,2010-03-03T15:24:00,19.5,23.6,2010-03-03T09:49:00,18.4,2010-03-03T06:16:00,84,66.0,2010-03-03T09:44:00,2.2,85.0,8.1,23.0,2010-03-03T12:53:00,0.0,,,,,,,,,,,,,,,,,,,,,,89.0,2010-03-03T23:48:00,,,,,,,,,,,,,,,,,,,,,,,,,,,,,,,,,,,,,,,,,,,,,,,,,,,,,,,,,,,,,,,,,-99.7,,,,,,,,,
2010-03-04,1010.5,1012.0,2010-03-04T22:42:00,1009.0,2010-03-04T04:37:00,20.6,22.4,2010-03-04T14:25:00,18.2,2010-03-04T06:03:00,88,79.0,2010-03-04T10:25:00,1.2,25.0,4.6,45.0,2010-03-04T23:44:00,0.0,,,,,,,,,,,,,,,,,,,,,,91.0,2010-03-04T07:25:00,,,,,,,,,,,,,,,,,,,,,,,,,,,,,,,,,,,,,,,,,,,,,,,,,,,,,,,,,,,,,,,,,-99.7,,,,,,,,,
2010-03-05,1010.4,1012.5,2010-03-05T10:23:00,1008.4,2010-03-05T15:37:00,20.0,22.8,2010-03-05T14:51:00,17.3,2010-03-05T10:30:00,88,75.0,2010-03-05T15:31:00,1.6,8.0,8.0,327.0,2010-03-05T09:01:00,0.0,,,,,,,,,,,,,,,,,,,,,,91.0,2010-03-05T06:51:00,,,,,,,,,,,,,,,,,,,,,,,,,,,,,,,,,,,,,,,,,,,,,,,,,,,,,,,,,,,,,,,,,-99.7,,,,,,,,,
2010-03-06,1012.5,1015.4,2010-03-06T23:33:00,1010.8,2010-03-06T16:16:00,20.4,24.0,2010-03-06T11:14:00,15.9,2010-03-06T23:49:00,87,75.0,2010-03-06T11:17:00,3.4,16.0,13.3,39.0,2010-03-06T20:36:00,0.5,,,,,,,,,,,,,,,,,,,,,,91.0,2010-03-06T06:30:00,,,,,,,,,,,,,,,,,,,,,,,,,,,,,,,,,,,,,,,,,,,,,,,,,,,,,,,,,,,,,,,,,-99.7,,,,,,,,,
2010-03-07,1017.1,1018.9,2010-03-07T09:33:00,1014.8,2010-03-07T00:06:00,13.9,16.0,2010-03-07T00:08:00,12.8,2010-03-07T17:33:00,82,76.0,2010-03-07T23:36:00,6.5,48.0,14.2,56.0,2010-03-07T18:22:00,0.5,,,,,,,,,,,,,,,,,,,,,,88.0,2010-03-07T05:49:00,,,,,,,,,,,,,,,,,,,,,,,,,,,,,,,,,,,,,,,,,,,,,,,,,,,,,,,,,,,,,,,,,-99.7,,,,,,,,,
2010-03-08,1016.2,1018.5,2010-03-08T08:35:00,1013.5,2010-03-08T17:02:00,15.7,17.1,2010-03-08T16:37:00,14.3,2010-03-08T02:20:00,85,77.0,2010-03-08T00:10:00,5.6,33.0,13.1,49.0,2010-03-08T00:09:00,6.0,,,,,,,,,,,,,,,,,,,,,,91.0,2010-03-08T18:42:00,,,,,,,,,,,,,,,,,,,,,,,,,,,,,,,,,,,,,,,,,,,,,,,,,,,,,,,,,,,,,,,,,-99.7,,,,,,,,,
2010-03-09,1022.0,1026.1,2010-03-09T20:44:00,1016.3,2010-03-10T00:00:00,11.3,15.4,2010-03-09T00:08:00,9.4,2010-03-09T21:08:00,79,58.0,2010-03-09T23:21:00,6.8,28.0,15.6,11.0,2010-03-09T04:14:00,26.0,,,,,,,,,,,,,,,,,,,,,,89.0,2010-03-09T00:59:00,,,,,,,,,,,,,,,,,,,,,,,,,,,,,,,,,,,,,,,,,,,,,,,,,,,,,,,,,,,,,,,,,-99.7,,,,,,,,,
2010-03-10,1026.0,1028.1,2010-03-10T09:33:00,1024.1,2010-03-10T23:52:00,8.6,10.8,2010-03-10T00:24:00,7.0,2010-03-10T18:49:00,57,45.0,2010-03-10T13:17:00,6.4,49.0,13.9,52.0,2010-03-10T15:11:00,0.0,,,,,,,,,,,,,,,,,,,,,,66.0,2010-03-10T23:20:00,,,,,,,,,,,,,,,,,,,,,,,,,,,,,,,,,,,,,,,,,,,,,,,,,,,,,,,,,,,,,,,,,-99.7,,,,,,,,,
2010-03-11,1021.5,1021.0,2010-03-11T21:23:00,1019.3,2010-03-11T15:19:00,13.7,19.5,2010-03-11T14:20:00,13.2,2010-03-11T23:17:00,62,42.0,2010-03-11T14:09:00,2.1,47.0,6.3,24.0,2010-03-11T13:52:00,0.0,,,,,,,,,,,,,,,,,,,,,,81.0,2010-03-11T23:00:00,,,,,,,,,,,,,,,,,,,,,,,,,,,,,,,,,,,,,,,,,,,,,,,,,,,,,,,,,,,,,,,,,-99.7,,,,,,,,,
2010-03-12,1018.1,1020.6,2010-03-12T09:12:00,1015.3,2010-03-12T15:47:00,17.6,22.6,2010-03-12T12:44:00,12.1,2010-03-12T01:38:00,75,55.0,2010-03-12T11:28:00,1.6,61.0,6.6,10.0,2010-03-12T15:35:00,0.0,,,,,,,,,,,,,,,,,,,,,,89.0,2010-03-12T23:21:00,,,,,,,,,,,,,,,,,,,,,,,,,,,,,,,,,,,,,,,,,,,,,,,,,,,,,,,,,,,,,,,,,-99.7,,,,,,,,,
2010-03-13,1015.3,1018.4,2010-03-13T08:05:00,1012.7,2010-03-13T17:02:00,18.1,19.9,2010-03-13T14:35:00,16.1,2010-03-13T01:17:00,88,79.0,2010-03-13T03:33:00,1.8,347.0,7.3,317.0,2010-03-13T17:55:00,56.5,,,,,,,,,,,,,,,,,,,,,,92.0,2010-03-13T18:48:00,,,,,,,,,,,,,,,,,,,,,,,,,,,,,,,,,,,,,,,,,,,,,,,,,,,,,,,,,,,,,,,,,-99.7,,,,,,,,,
2010-03-14,1012.5,1014.2,2010-03-14T00:45:00,1010.2,2010-03-14T15:01:00,21.4,25.5,2010-03-14T14:34:00,18.5,2010-03-14T02:54:00,82,63.0,2010-03-14T09:30:00,1.1,18.0,5.0,307.0,2010-03-14T09:47:00,2.0,,,,,,,,,,,,,,,,,,,,,,92.0,2010-03-14T03:06:00,,,,,,,,,,,,,,,,,,,,,,,,,,,,,,,,,,,,,,,,,,,,,,,,,,,,,,,,,,,,,,,,,-99.7,,,,,,,,,
2010-03-15,1012.8,1017.7,2010-03-15T23:44:00,1010.3,2010-03-15T04:55:00,21.2,25.4,2010-03-15T09:49:00,16.0,2010-03-15T23:23:00,87,77.0,2010-03-15T09:51:00,3.5,46.0,14.9,54.0,2010-03-15T23:06:00,0.0,,,,,,,,,,,,,,,,,,,,,,91.0,2010-03-15T07:02:00,,,,,,,,,,,,,,,,,,,,,,,,,,,,,,,,,,,,,,,,,,,,,,,,,,,,,,,,,,,,,,,,,-99.7,,,,,,,,,
2010-03-16,1020.1,1023.9,2010-03-16T09:28:00,1017.0,2010-03-16T02:14:00,14.5,16.0,2010-03-16T00:11:00,12.6,2010-03-16T07:00:00,74,65.0,2010-03-16T11:32:00,8.4,58.0,16.1,35.0,2010-03-16T07:23:00,0.5,,,,,,,,,,,,,,,,,,,,,,87.0,2010-03-16T00:34:00,,,,,,,,,,,,,,,,,,,,,,,,,,,,,,,,,,,,,,,,,,,,,,,,,,,,,,,,,,,,,,,,,-99.7,,,,,,,,,
2010-03-17,1019.5,1020.7,2010-03-17T08:47:00,1018.2,2010-03-17T03:09:00,16.3,19.1,2010-03-17T10:55:00,14.3,2010-03-17T23:13:00,79,66.0,2010-03-17T00:08:00,2.8,18.0,10.3,70.0,2010-03-17T00:06:00,0.0,,,,,,,,,,,,,,,,,,,,,,90.0,2010-03-17T23:50:00,,,,,,,,,,,,,,,,,,,,,,,,,,,,,,,,,,,,,,,,,,,,,,,,,,,,,,,,,,,,,,,,,-99.7,,,,,,,,,
2010-03-18,1017.7,1019.8,2010-03-18T08:08:00,1015.6,2010-03-18T16:12:00,17.7,21.1,2010-03-18T12:44:00,14.3,2010-03-18T00:07:00,80,61.0,2010-03-18T12:33:00,3.2,37.0,9.8,43.0,2010-03-18T15:57:00,0.0,,,,,,,,,,,,,,,,,,,,,,91.0,2010-03-18T00:49:00,,,,,,,,,,,,,,,,,,,,,,,,,,,,,,,,,,,,,,,,,,,,,,,,,,,,,,,,,,,,,,,,,-99.7,,,,,,,,,
2010-03-19,1013.6,1016.1,2010-03-19T00:01:00,1011.6,2010-03-19T16:57:00,18.3,22.5,2010-03-19T16:55:00,13.5,2010-03-19T03:56:00,83,70.0,2010-03-19T16:57:00,1.1,194.0,4.3,337.0,2010-03-19T12:06:00,0.0,,,,,,,,,,,,,,,,,,,,,,90.0,2010-03-19T04:44:00,,,,,,,,,,,,,,,,,,,,,,,,,,,,,,,,,,,,,,,,,,,,,,,,,,,,,,,,,,,,,,,,,-99.7,,,,,,,,,
2010-03-20,1010.2,1012.6,2010-03-20T22:39:00,1008.4,2010-03-20T16:08:00,21.9,25.2,2010-03-20T12:09:00,18.1,2010-03-20T05:26:00,84,74.0,2010-03-20T10:25:00,2.1,135.0,8.3,234.0,2010-03-20T10:48:00,0.0,,,,,,,,,,,,,,,,,,,,,,89.0,2010-03-20T18:09:00,,,,,,,,,,,,,,,,,,,,,,,,,,,,,,,,,,,,,,,,,,,,,,,,,,,,,,,,,,,,,,,,,-99.7,,,,,,,,,
2010-03-21,1012.0,1013.8,2010-03-21T08:38:00,1010.4,2010-03-21T14:56:00,20.8,23.1,2010-03-21T13:26:00,19.6,2010-03-21T05:30:00,67,51.0,2010-03-21T12:57:00,5.5,56.0,16.9,70.0,2010-03-21T09:53:00,0.0,,,,,,,,,,,,,,,,,,,,,,91.0,2010-03-21T03:10:00,,,,,,,,,,,,,,,,,,,,,,,,,,,,,,,,,,,,,,,,,,,,,,,,,,,,,,,,,,,,,,,,,-99.7,,,,,,,,,
2010-03-22,1011.0,1012.7,2010-03-22T08:40:00,1009.3,2010-03-22T18:54:00,20.6,22.8,2010-03-22T09:09:00,18.8,2010-03-22T04:48:00,80,68.0,2010-03-22T09:02:00,1.2,342.0,6.6,344.0,2010-03-22T11:53:00,0.0,,,,,,,,,,,,,,,,,,,,,,89.0,2010-03-22T22:34:00,,,,,,,,,,,,,,,,,,,,,,,,,,,,,,,,,,,,,,,,,,,,,,,,,,,,,,,,,,,,,,,,,-99.7,,,,,,,,,
2010-03-23,1008.6,1010.4,2010-03-23T07:59:00,1005.6,2010-03-23T15:18:00,23.5,27.1,2010-03-23T13:20:00,19.3,2010-03-23T01:17:00,75,58.0,2010-03-23T13:20:00,1.3,36.0,6.6,228.0,2010-03-23T13:20:00,0.0,,,,,,,,,,,,,,,,,,,,,,89.0,2010-03-23T01:33:00,,,,,,,,,,,,,,,,,,,,,,,,,,,,,,,,,,,,,,,,,,,,,,,,,,,,,,,,,,,,,,,,,-99.7,,,,,,,,,
2010-03-24,1009.4,1011.5,2010-03-24T23:35:00,1007.0,2010-03-24T14:38:00,19.0,23.9,2010-03-24T00:03:00,16.7,2010-03-25T00:00:00,89,81.0,2010-03-24T00:05:00,3.9,34.0,10.5,38.0,2010-03-24T02:22:00,1.5,,,,,,,,,,,,,,,,,,,,,,91.0,2010-03-24T04:46:00,,,,,,,,,,,,,,,,,,,,,,,,,,,,,,,,,,,,,,,,,,,,,,,,,,,,,,,,,,,,,,,,,-99.7,,,,,,,,,
2010-03-25,1017.4,1020.9,2010-03-25T22:16:00,1010.8,2010-03-25T00:17:00,13.6,16.7,2010-03-25T00:01:00,12.4,2010-03-25T12:14:00,74,51.0,2010-03-25T23:41:00,6.1,36.0,13.8,54.0,2010-03-25T08:22:00,8.0,,,,,,,,,,,,,,,,,,,,,,90.0,2010-03-25T00:05:00,,,,,,,,,,,,,,,,,,,,,,,,,,,,,,,,,,,,,,,,,,,,,,,,,,,,,,,,,,,,,,,,,-99.7,,,,,,,,,
2010-03-26,1019.8,1022.8,2010-03-26T09:59:00,1017.9,2010-03-26T15:10:00,14.5,15.9,2010-03-26T12:41:00,13.5,2010-03-26T01:18:00,54,43.0,2010-03-26T03:14:00,8.0,58.0,17.3,60.0,2010-03-26T08:58:00,0.0,,,,,,,,,,,,,,,,,,,,,,64.0,2010-03-26T21:16:00,,,,,,,,,,,,,,,,,,,,,,,,,,,,,,,,,,,,,,,,,,,,,,,,,,,,,,,,,,,,,,,,,-99.7,,,,,,,,,
2010-03-27,1018.3,1020.8,2010-03-27T09:06:00,1016.7,2010-03-27T16:18:00,17.4,20.7,2010-03-27T11:03:00,14.1,2010-03-27T00:22:00,66,51.0,2010-03-27T11:19:00,5.9,59.0,13.1,29.0,2010-03-27T13:39:00,0.0,,,,,,,,,,,,,,,,,,,,,,78.0,2010-03-27T23:18:00,,,,,,,,,,,,,,,,,,,,,,,,,,,,,,,,,,,,,,,,,,,,,,,,,,,,,,,,,,,,,,,,,-99.7,,,,,,,,,
2010-03-28,1019.3,1021.4,2010-03-28T21:22:00,1016.4,2010-03-28T03:24:00,17.0,19.6,2010-03-28T13:28:00,14.7,2010-03-28T21:28:00,64,46.0,2010-03-28T13:31:00,6.5,34.0,14.7,38.0,2010-03-28T14:27:00,0.0,,,,,,,,,,,,,,,,,,,,,,81.0,2010-03-28T02:34:00,,,,,,,,,,,,,,,,,,,,,,,,,,,,,,,,,,,,,,,,,,,,,,,,,,,,,,,,,,,,,,,,,-99.7,,,,,,,,,
2010-03-29,1017.8,1020.5,2010-03-30T00:00:00,1015.2,2010-03-29T18:09:00,19.2,24.0,2010-03-29T14:07:00,15.0,2010-03-29T00:01:00,53,31.0,2010-03-29T12:00:00,7.1,59.0,16.0,87.0,2010-03-29T10:55:00,0.0,,,,,,,,,,,,,,,,,,,,,,69.0,2010-03-29T19:58:00,,,,,,,,,,,,,,,,,,,,,,,,,,,,,,,,,,,,,,,,,,,,,,,,,,,,,,,,,,,,,,,,,-99.7,,,,,,,,,
2010-03-30,1016.0,1017.7,2010-03-30T08:35:00,1013.8,2010-03-30T16:13:00,20.5,25.3,2010-03-30T10:12:00,16.3,2010-03-30T06:02:00,67,41.0,2010-03-30T09:58:00,1.6,216.0,6.8,110.0,2010-03-30T01:46:00,0.0,,,,,,,,,,,,,,,,,,,,,,86.0,2010-03-30T23:59:00,,,,,,,,,,,,,,,,,,,,,,,,,,,,,,,,,,,,,,,,,,,,,,,,,,,,,,,,,,,,,,,,,-99.7,,,,,,,,,
2010-03-31,1014.2,1016.3,2010-03-31T00:01:00,1012.2,2010-03-31T16:24:00,20.6,24.6,2010-03-31T14:09:00,16.8,2010-03-31T05:33:00,75,51.0,2010-03-31T14:35:00,1.1,311.0,5.1,342.0,2010-03-31T09:47:00,0.0,,,,,,,,,,,,,,,,,,,,,,89.0,2010-03-31T06:47:00,,,,,,,,,,,,,,,,,,,,,,,,,,,,,,,,,,,,,,,,,,,,,,,,,,,,,,,,,,,,,,,,,-99.7,,,,,,,,,
2010-04-01,1010.7,1013.0,2010-04-01T00:01:00,1008.3,2010-04-01T16:07:00,21.7,24.7,2010-04-01T09:40:00,17.1,2010-04-01T03:27:00,77,59.0,2010-04-01T09:23:00,2.9,156.0,10.2,203.0,2010-04-01T21:09:00,0.0,,,,,,,,,,,,,,,,,,,,,,87.0,2010-04-01T03:39:00,,,,,,,,,,,,,,,,,,,,,,,,,,,,,,,,,,,,,,,,,,,,,,,,,,,,,,,,,,,,,,,,,-99.7,,,,,,,,,
2010-04-02,1015.4,1018.3,2010-04-02T21:50:00,1011.3,2010-04-02T00:07:00,15.5,23.0,2010-04-03T00:00:00,13.6,2010-04-02T20:40:00,84,78.0,2010-04-02T18:07:00,7.6,43.0,14.9,30.0,2010-04-02T14:20:00,9.0,,,,,,,,,,,,,,,,,,,,,,88.0,2010-04-02T01:47:00,,,,,,,,,,,,,,,,,,,,,,,,,,,,,,,,,,,,,,,,,,,,,,,,,,,,,,,,,,,,,,,,,-99.7,,,,,,,,,
2010-04-03,1015.7,1017.6,2010-04-03T09:13:00,1013.4,2010-04-03T18:50:00,17.6,19.4,2010-04-03T10:36:00,15.1,2010-04-03T00:03:00,84,72.0,2010-04-03T10:55:00,6.5,47.0,14.7,55.0,2010-04-03T01:38:00,3.5,,,,,,,,,,,,,,,,,,,,,,89.0,2010-04-03T20:01:00,,,,,,,,,,,,,,,,,,,,,,,,,,,,,,,,,,,,,,,,,,,,,,,,,,,,,,,,,,,,,,,,,-99.7,,,,,,,,,
2010-04-04,1012.7,1014.3,2010-04-04T11:35:00,1010.9,2010-04-04T16:45:00,17.9,19.7,2010-04-04T09:48:00,17.0,2010-04-04T12:33:00,88,85.0,2010-04-04T16:43:00,2.2,11.0,9.0,15.0,2010-04-04T02:58:00,1.0,,,,,,,,,,,,,,,,,,,,,,90.0,2010-04-04T04:39:00,,,,,,,,,,,,,,,,,,,,,,,,,,,,,,,,,,,,,,,,,,,,,,,,,,,,,,,,,,,,,,,,,-99.7,,,,,,,,,
2010-04-05,1010.6,1013.8,2010-04-05T07:12:00,1008.9,2010-04-05T18:41:00,19.3,22.0,2010-04-05T14:31:00,17.0,2010-04-06T00:00:00,85,75.0,2010-04-05T14:37:00,2.2,36.0,7.1,5.0,2010-04-05T11:14:00,8.0,,,,,,,,,,,,,,,,,,,,,,91.0,2010-04-05T06:17:00,,,,,,,,,,,,,,,,,,,,,,,,,,,,,,,,,,,,,,,,,,,,,,,,,,,,,,,,,,,,,,,,,-99.7,,,,,,,,,
2010-04-06,1010.7,1015.0,2010-04-06T23:58:00,1008.5,2010-04-06T03:30:00,20.1,22.3,2010-04-06T09:45:00,16.8,2010-04-06T23:47:00,88,79.0,2010-04-06T09:46:00,2.1,36.0,12.6,56.0,2010-04-06T23:55:00,14.0,,,,,,,,,,,,,,,,,,,,,,90.0,2010-04-06T21:48:00,,,,,,,,,,,,,,,,,,,,,,,,,,,,,,,,,,,,,,,,,,,,,,,,,,,,,,,,,,,,,,,,,-99.7,,,,,,,,,
2010-04-07,1017.3,1019.4,2010-04-07T10:02:00,1014.5,2010-04-07T00:16:00,15.8,16.9,2010-04-07T00:02:00,14.8,2010-04-07T07:56:00,75,64.0,2010-04-07T17:41:00,7.9,44.0,16.4,27.0,2010-04-07T06:01:00,3.0,,,,,,,,,,,,,,,,,,,,,,90.0,2010-04-07T00:45:00,,,,,,,,,,,,,,,,,,,,,,,,,,,,,,,,,,,,,,,,,,,,,,,,,,,,,,,,,,,,,,,,,-99.7,,,,,,,,,
2010-04-08,1012.8,1017.2,2010-04-08T00:06:00,1009.2,2010-04-08T15:46:00,16.6,18.6,2010-04-08T12:20:00,15.0,2010-04-08T05:06:00,85,66.0,2010-04-08T01:43:00,3.4,55.0,12.6,63.0,2010-04-08T01:50:00,44.0,,,,,,,,,,,,,,,,,,,,,,91.0,2010-04-08T21:34:00,,,,,,,,,,,,,,,,,,,,,,,,,,,,,,,,,,,,,,,,,,,,,,,,,,,,,,,,,,,,,,,,,-99.7,,,,,,,,,
2010-04-09,1011.4,1013.6,2010-04-09T00:10:00,1009.2,2010-04-09T15:13:00,16.8,18.6,2010-04-09T15:40:00,14.8,2010-04-09T22:34:00,81,72.0,2010-04-09T14:01:00,2.3,63.0,7.7,356.0,2010-04-09T00:33:00,0.0,,,,,,,,,,,,,,,,,,,,,,88.0,2010-04-09T22:58:00,,,,,,,,,,,,,,,,,,,,,,,,,,,,,,,,,,,,,,,,,,,,,,,,,,,,,,,,,,,,,,,,,-99.7,,,,,,,,,
2010-04-10,1010.2,1012.7,2010-04-10T08:28:00,1007.9,2010-04-10T15:58:00,18.6,21.8,2010-04-10T13:42:00,14.6,2010-04-10T03:38:00,85,73.0,2010-04-10T13:43:00,1.7,189.0,7.9,336.0,2010-04-10T14:05:00,0.0,,,,,,,,,,,,,,,,,,,,,,90.0,2010-04-10T23:52:00,,,,,,,,,,,,,,,,,,,,,,,,,,,,,,,,,,,,,,,,,,,,,,,,,,,,,,,,,,,,,,,,,-99.7,,,,,,,,,
2010-04-11,1007.2,1010.2,2010-04-11T00:34:00,1004.5,2010-04-11T16:53:00,21.1,24.1,2010-04-11T15:06:00,17.9,2010-04-11T00:16:00,86,75.0,2010-04-11T15:05:00,1.7,35.0,11.8,235.0,2010-04-11T23:19:00,0.5,,,,,,,,,,,,,,,,,,,,,,91.0,2010-04-11T02:57:00,,,,,,,,,,,,,,,,,,,,,,,,,,,,,,,,,,,,,,,,,,,,,,,,,,,,,,,,,,,,,,,,,-99.7,,,,,,,,,
2010-04-12,1007.5,1011.6,2010-04-12T22:22:00,1004.7,2010-04-12T02:14:00,24.2,27.1,2010-04-12T13:24:00,21.3,2010-04-12T22:07:00,78,60.0,2010-04-12T07:35:00,4.9,220.0,15.0,209.0,2010-04-12T05:23:00,0.0,,,,,,,,,,,,,,,,,,,,,,89.0,2010-04-12T03:43:00,,,,,,,,,,,,,,,,,,,,,,,,,,,,,,,,,,,,,,,,,,,,,,,,,,,,,,,,,,,,,,,,,-99.7,,,,,,,,,
2010-04-13,1015.0,1017.7,2010-04-13T23:59:00,1010.9,2010-04-13T00:28:00,18.7,22.5,2010-04-13T09:40:00,15.9,2010-04-13T18:47:00,81,69.0,2010-04-13T09:50:00,8.2,52.0,20.4,54.0,2010-04-13T18:00:00,0.0,,,,,,,,,,,,,,,,,,,,,,89.0,2010-04-13T03:37:00,,,,,,,,,,,,,,,,,,,,,,,,,,,,,,,,,,,,,,,,,,,,,,,,,,,,,,,,,,,,,,,,,-99.7,,,,,,,,,
2010-04-14,1015.6,1018.7,2010-04-14T02:41:00,1011.6,2010-04-14T15:50:00,18.5,21.8,2010-04-14T11:58:00,15.2,2010-04-14T03:21:00,80,68.0,2010-04-14T09:57:00,7.3,35.0,17.6,52.0,2010-04-14T00:26:00,0.0,,,,,,,,,,,,,,,,,,,,,,88.0,2010-04-15T00:00:00,,,,,,,,,,,,,,,,,,,,,,,,,,,,,,,,,,,,,,,,,,,,,,,,,,,,,,,,,,,,,,,,,-99.7,,,,,,,,,
2010-04-15,1017.3,1020.7,2010-04-15T23:32:00,1014.7,2010-04-15T03:57:00,14.5,17.0,2010-04-15T00:01:00,13.1,2010-04-15T23:35:00,86,79.0,2010-04-15T13:11:00,6.0,41.0,14.7,35.0,2010-04-15T11:33:00,15.0,,,,,,,,,,,,,,,,,,,,,,89.0,2010-04-15T08:24:00,,,,,,,,,,,,,,,,,,,,,,,,,,,,,,,,,,,,,,,,,,,,,,,,,,,,,,,,,,,,,,,,,-99.7,,,,,,,,,
2010-04-16,1018.5,1020.3,2010-04-16T00:13:00,1017.2,2010-04-16T16:31:00,15.3,16.9,2010-04-16T10:28:00,13.4,2010-04-16T03:48:00,77,70.0,2010-04-16T16:14:00,5.7,56.0,13.1,58.0,2010-04-16T18:33:00,0.5,,,,,,,,,,,,,,,,,,,,,,88.0,2010-04-16T03:16:00,,,,,,,,,,,,,,,,,,,,,,,,,,,,,,,,,,,,,,,,,,,,,,,,,,,,,,,,,,,,,,,,,-99.7,,,,,,,,,
2010-04-17,1016.8,1019.0,2010-04-17T08:50:00,1014.8,2010-04-17T16:20:00,19.9,23.4,2010-04-17T16:18:00,16.5,2010-04-17T00:03:00,73,64.0,2010-04-17T16:16:00,3.7,53.0,13.2,40.0,2010-04-17T11:16:00,0.0,,,,,,,,,,,,,,,,,,,,,,84.0,2010-04-17T23:59:00,,,,,,,,,,,,,,,,,,,,,,,,,,,,,,,,,,,,,,,,,,,,,,,,,,,,,,,,,,,,,,,,,-99.7,,,,,,,,,
2010-04-18,1014.4,1016.4,2010-04-19T00:00:00,1012.1,2010-04-18T17:17:00,20.1,21.1,2010-04-18T10:38:00,19.3,2010-04-18T01:07:00,89,83.0,2010-04-18T00:20:00,1.4,23.0,4.6,16.0,2010-04-18T20:18:00,5.0,,,,,,,,,,,,,,,,,,,,,,92.0,2010-04-19T00:00:00,,,,,,,,,,,,,,,,,,,,,,,,,,,,,,,,,,,,,,,,,,,,,,,,,,,,,,,,,,,,,,,,,-99.7,,,,,,,,,
2010-04-19,1010.2,1012.6,2010-04-20T00:00:00,1008.4,2010-04-19T16:10:00,22.6,25.7,2010-04-19T16:25:00,19.3,2010-04-19T06:11:00,84,70.0,2010-04-19T16:26:00,1.0,17.0,3.9,340.0,2010-04-19T12:18:00,0.5,,,,,,,,,,,,,,,,,,,,,,92.0,2010-04-19T06:04:00,,,,,,,,,,,,,,,,,,,,,,,,,,,,,,,,,,,,,,,,,,,,,,,,,,,,,,,,,,,,,,,,,-99.7,,,,,,,,,
2010-04-20,1008.9,1010.3,2010-04-20T21:17:00,1007.5,2010-04-20T16:07:00,24.1,27.2,2010-04-20T11:21:00,22.1,2010-04-20T23:21:00,82,69.0,2010-04-20T11:07:00,1.0,17.0,4.9,343.0,2010-04-20T13:02:00,0.0,,,,,,,,,,,,,,,,,,,,,,89.0,2010-04-20T23:52:00,,,,,,,,,,,,,,,,,,,,,,,,,,,,,,,,,,,,,,,,,,,,,,,,,,,,,,,,,,,,,,,,,-99.7,,,,,,,,,
2010-04-21,1008.2,1010.0,2010-04-21T08:56:00,1006.2,2010-04-21T16:42:00,23.7,27.0,2010-04-21T10:09:00,20.9,2010-04-21T03:04:00,84,67.0,2010-04-21T11:24:00,1.7,222.0,8.8,171.0,2010-04-21T22:38:00,0.0,,,,,,,,,,,,,,,,,,,,,,91.0,2010-04-21T07:45:00,,,,,,,,,,,,,,,,,,,,,,,,,,,,,,,,,,,,,,,,,,,,,,,,,,,,,,,,,,,,,,,,,-99.7,,,,,,,,,
2010-04-22,1009.3,1014.4,2010-04-22T21:18:00,1006.0,2010-04-22T03:57:00,22.9,26.7,2010-04-22T12:09:00,17.6,2010-04-22T23:58:00,85,76.0,2010-04-22T12:10:00,4.3,45.0,12.1,62.0,2010-04-22T22:51:00,0.0,,,,,,,,,,,,,,,,,,,,,,91.0,2010-04-22T04:01:00,,,,,,,,,,,,,,,,,,,,,,,,,,,,,,,,,,,,,,,,,,,,,,,,,,,,,,,,,,,,,,,,,-99.7,,,,,,,,,
2010-04-23,1015.6,1018.0,2010-04-23T21:47:00,1011.6,2010-04-23T01:46:00,16.4,17.7,2010-04-24T00:00:00,15.3,2010-04-23T09:30:00,80,64.0,2010-04-23T15:21:00,6.8,41.0,15.5,41.0,2010-04-23T05:42:00,17.5,,,,,,,,,,,,,,,,,,,,,,90.0,2010-04-23T10:08:00,,,,,,,,,,,,,,,,,,,,,,,,,,,,,,,,,,,,,,,,,,,,,,,,,,,,,,,,,,,,,,,,,-99.7,,,,,,,,,
2010-04-24,1016.3,1018.3,2010-04-24T10:25:00,1014.0,2010-04-24T02:06:00,16.8,18.1,2010-04-24T03:30:00,14.2,2010-04-24T10:37:00,64,54.0,2010-04-24T18:11:00,6.9,60.0,16.1,76.0,2010-04-24T06:19:00,0.5,,,,,,,,,,,,,,,,,,,,,,81.0,2010-04-24T10:36:00,,,,,,,,,,,,,,,,,,,,,,,,,,,,,,,,,,,,,,,,,,,,,,,,,,,,,,,,,,,,,,,,,-99.7,,,,,,,,,
2010-04-25,1014.7,1016.6,2010-04-25T08:56:00,1012.5,2010-04-25T16:32:00,21.4,25.6,2010-04-25T15:40:00,17.6,2010-04-25T05:17:00,68,50.0,2010-04-25T12:00:00,2.5,31.0,9.8,59.0,2010-04-25T00:52:00,0.0,,,,,,,,,,,,,,,,,,,,,,86.0,2010-04-25T23:59:00,,,,,,,,,,,,,,,,,,,,,,,,,,,,,,,,,,,,,,,,,,,,,,,,,,,,,,,,,,,,,,,,,-99.7,,,,,,,,,
2010-04-26,1014.2,1015.4,2010-04-26T21:59:00,1012.8,2010-04-26T04:18:00,20.1,23.3,2010-04-26T12:20:00,18.1,2010-04-26T20:37:00,84,71.0,2010-04-26T12:30:00,1.4,178.0,6.2,344.0,2010-04-26T14:49:00,6.0,,,,,,,,,,,,,,,,,,,,,,90.0,2010-04-26T23:55:00,,,,,,,,,,,,,,,,,,,,,,,,,,,,,,,,,,,,,,,,,,,,,,,,,,,,,,,,,,,,,,,,,-99.7,,,,,,,,,
2010-04-27,1013.4,1016.1,2010-04-27T08:16:00,1011.2,2010-04-27T23:58:00,19.2,21.0,2010-04-27T19:29:00,16.7,2010-04-27T07:46:00,70,42.0,2010-04-27T19:29:00,2.9,69.0,10.3,74.0,2010-04-27T16:10:00,6.5,,,,,,,,,,,,,,,,,,,,,,90.0,2010-04-27T00:15:00,,,,,,,,,,,,,,,,,,,,,,,,,,,,,,,,,,,,,,,,,,,,,,,,,,,,,,,,,,,,,,,,,-99.7,,,,,,,,,
2010-04-28,1011.2,1013.3,2010-04-28T22:50:00,1009.4,2010-04-28T16:49:00,20.6,21.8,2010-04-28T16:27:00,19.1,2010-04-28T23:56:00,76,49.0,2010-04-28T00:18:00,1.9,80.0,6.3,204.0,2010-04-28T15:20:00,0.5,,,,,,,,,,,,,,,,,,,,,,90.0,2010-04-28T23:59:00,,,,,,,,,,,,,,,,,,,,,,,,,,,,,,,,,,,,,,,,,,,,,,,,,,,,,,,,,,,,,,,,,-99.7,,,,,,,,,
2010-04-29,1013.7,1015.8,2010-04-29T08:39:00,1011.5,2010-04-29T16:12:00,21.5,25.4,2010-04-29T14:57:00,18.9,2010-04-29T01:03:00,69,55.0,2010-04-29T14:59:00,5.3,47.0,14.6,51.0,2010-04-29T08:50:00,0.0,,,,,,,,,,,,,,,,,,,,,,91.0,2010-04-29T01:20:00,,,,,,,,,,,,,,,,,,,,,,,,,,,,,,,,,,,,,,,,,,,,,,,,,,,,,,,,,,,,,,,,,-99.7,,,,,,,,,
2010-04-30,1013.9,1016.5,2010-04-30T07:56:00,1012.1,2010-04-30T18:28:00,20.8,24.9,2010-04-30T11:57:00,17.5,2010-04-30T06:10:00,69,50.0,2010-04-30T11:47:00,1.8,18.0,8.2,25.0,2010-04-30T12:07:00,1.0,,,,,,,,,,,,,,,,,,,,,,84.0,2010-04-30T20:05:00,,,,,,,,,,,,,,,,,,,,,,,,,,,,,,,,,,,,,,,,,,,,,,,,,,,,,,,,,,,,,,,,,-99.7,,,,,,,,,
2010-05-01,1012.5,1014.8,2010-05-01T09:28:00,1010.8,2010-05-01T17:18:00,22.0,25.8,2010-05-01T11:42:00,17.7,2010-05-01T00:26:00,79,63.0,2010-05-01T09:05:00,1.1,297.0,4.8,316.0,2010-05-01T15:01:00,0.0,,,,,,,,,,,,,,,,,,,,,,90.0,2010-05-01T23:59:00,,,,,,,,,,,,,,,,,,,,,,,,,,,,,,,,,,,,,,,,,,,,,,,,,,,,,,,,,,,,,,,,,-99.7,,,,,,,,,
2010-05-02,1010.2,1012.3,2010-05-02T08:25:00,1008.0,2010-05-02T17:00:00,23.3,26.3,2010-05-02T16:59:00,20.1,2010-05-02T03:05:00,79,64.0,2010-05-02T19:31:00,1.9,192.0,6.3,4.0,2010-05-02T14:22:00,0.0,,,,,,,,,,,,,,,,,,,,,,90.0,2010-05-02T01:25:00,,,,,,,,,,,,,,,,,,,,,,,,,,,,,,,,,,,,,,,,,,,,,,,,,,,,,,,,,,,,,,,,,-99.7,,,,,,,,,
2010-05-03,1009.1,1011.3,2010-05-03T09:46:00,1007.3,2010-05-03T17:12:00,23.9,27.8,2010-05-03T13:31:00,19.1,2010-05-03T04:22:00,73,60.0,2010-05-03T18:47:00,2.5,32.0,9.3,29.0,2010-05-03T15:04:00,0.0,,,,,,,,,,,,,,,,,,,,,,88.0,2010-05-03T05:39:00,,,,,,,,,,,,,,,,,,,,,,,,,,,,,,,,,,,,,,,,,,,,,,,,,,,,,,,,,,,,,,,,,-99.7,,,,,,,,,
2010-05-04,1007.4,1009.1,2010-05-04T09:21:00,1005.7,2010-05-04T16:31:00,24.0,27.1,2010-05-04T11:37:00,20.8,2010-05-04T05:44:00,77,60.0,2010-05-04T08:31:00,1.0,59.0,5.0,294.0,2010-05-04T12:56:00,0.0,,,,,,,,,,,,,,,,,,,,,,88.0,2010-05-04T23:57:00,,,,,,,,,,,,,,,,,,,,,,,,,,,,,,,,,,,,,,,,,,,,,,,,,,,,,,,,,,,,,,,,,-99.7,,,,,,,,,
2010-05-05,1006.0,1007.1,2010-05-05T22:43:00,1004.7,2010-05-05T15:09:00,24.8,28.4,2010-05-05T11:53:00,21.4,2010-05-05T04:36:00,77,56.0,2010-05-05T12:31:00,1.3,170.0,5.8,240.0,2010-05-05T22:18:00,0.0,,,,,,,,,,,,,,,,,,,,,,89.0,2010-05-05T01:13:00,,,,,,,,,,,,,,,,,,,,,,,,,,,,,,,,,,,,,,,,,,,,,,,,,,,,,,,,,,,,,,,,,-99.7,,,,,,,,,
2010-05-06,1005.9,1007.4,2010-05-06T09:40:00,1004.0,2010-05-06T17:37:00,24.8,25.8,2010-05-06T07:27:00,23.8,2010-05-06T23:53:00,88,82.0,2010-05-06T16:45:00,1.6,238.0,6.0,238.0,2010-05-06T02:16:00,1.5,,,,,,,,,,,,,,,,,,,,,,90.0,2010-05-06T15:10:00,,,,,,,,,,,,,,,,,,,,,,,,,,,,,,,,,,,,,,,,,,,,,,,,,,,,,,,,,,,,,,,,,-99.7,,,,,,,,,
2010-05-07,1005.9,1008.1,2010-05-07T22:14:00,1003.0,2010-05-07T04:16:00,22.5,25.9,2010-05-07T07:50:00,20.5,2010-05-07T17:23:00,88,79.0,2010-05-07T07:49:00,3.4,56.0,9.9,242.0,2010-05-07T08:29:00,45.5,,,,,,,,,,,,,,,,,,,,,,92.0,2010-05-07T11:33:00,,,,,,,,,,,,,,,,,,,,,,,,,,,,,,,,,,,,,,,,,,,,,,,,,,,,,,,,,,,,,,,,,-99.7,,,,,,,,,
2010-05-08,1004.9,1007.3,2010-05-08T08:31:00,1002.6,2010-05-08T16:26:00,23.3,26.0,2010-05-08T15:11:00,20.9,2010-05-08T01:42:00,82,71.0,2010-05-08T14:59:00,2.3,40.0,6.9,8.0,2010-05-08T13:05:00,0.0,,,,,,,,,,,,,,,,,,,,,,90.0,2010-05-08T01:24:00,,,,,,,,,,,,,,,,,,,,,,,,,,,,,,,,,,,,,,,,,,,,,,,,,,,,,,,,,,,,,,,,,-99.7,,,,,,,,,
2010-05-09,1003.1,1004.7,2010-05-09T08:26:00,1001.1,2010-05-09T15:00:00,23.3,26.7,2010-05-09T15:02:00,20.0,2010-05-09T05:40:00,87,76.0,2010-05-09T15:03:00,2.7,228.0,9.4,246.0,2010-05-09T15:05:00,5.0,,,,,,,,,,,,,,,,,,,,,,91.0,2010-05-09T07:04:00,,,,,,,,,,,,,,,,,,,,,,,,,,,,,,,,,,,,,,,,,,,,,,,,,,,,,,,,,,,,,,,,,-99.7,,,,,,,,,
2010-05-10,1006.8,1010.5,2010-05-10T22:00:00,1002.7,2010-05-10T02:50:00,20.6,24.9,2010-05-11T00:00:00,18.2,2010-05-10T21:06:00,85,71.0,2010-05-10T17:24:00,4.2,60.0,12.1,55.0,2010-05-10T10:11:00,23.0,,,,,,,,,,,,,,,,,,,,,,91.0,2010-05-10T02:08:00,,,,,,,,,,,,,,,,,,,,,,,,,,,,,,,,,,,,,,,,,,,,,,,,,,,,,,,,,,,,,,,,,-99.7,,,,,,,,,
2010-05-11,1010.1,1011.5,2010-05-11T09:37:00,1008.0,2010-05-11T03:17:00,21.0,23.2,2010-05-11T12:09:00,18.3,2010-05-11T00:10:00,79,70.0,2010-05-12T00:00:00,3.8,45.0,10.0,39.0,2010-05-11T16:48:00,0.5,,,,,,,,,,,,,,,,,,,,,,90.0,2010-05-11T00:20:00,,,,,,,,,,,,,,,,,,,,,,,,,,,,,,,,,,,,,,,,,,,,,,,,,,,,,,,,,,,,,,,,,-99.7,,,,,,,,,
2010-05-12,1010.1,1011.6,2010-05-12T08:47:00,1008.2,2010-05-12T16:31:00,23.6,27.6,2010-05-12T15:26:00,20.2,2010-05-12T02:36:00,71,58.0,2010-05-12T13:36:00,3.0,57.0,8.2,62.0,2010-05-12T08:36:00,0.0,,,,,,,,,,,,,,,,,,,,,,79.0,2010-05-12T03:55:00,,,,,,,,,,,,,,,,,,,,,,,,,,,,,,,,,,,,,,,,,,,,,,,,,,,,,,,,,,,,,,,,,-99.7,,,,,,,,,
2010-05-13,1008.7,1010.1,2010-05-13T09:07:00,1007.5,2010-05-13T17:00:00,23.5,26.3,2010-05-13T10:00:00,21.3,2010-05-13T04:51:00,81,70.0,2010-05-13T10:01:00,1.8,5.0,6.5,341.0,2010-05-13T12:27:00,0.0,,,,,,,,,,,,,,,,,,,,,,86.0,2010-05-13T22:26:00,,,,,,,,,,,,,,,,,,,,,,,,,,,,,,,,,,,,,,,,,,,,,,,,,,,,,,,,,,,,,,,,,-99.7,,,,,,,,,
2010-05-14,1008.3,1009.8,2010-05-14T11:24:00,1007.2,2010-05-14T16:33:00,22.1,23.0,2010-05-14T01:25:00,21.3,2010-05-14T11:12:00,86,81.0,2010-05-14T12:34:00,2.0,328.0,8.1,339.0,2010-05-14T10:55:00,0.0,,,,,,,,,,,,,,,,,,,,,,89.0,2010-05-14T18:27:00,,,,,,,,,,,,,,,,,,,,,,,,,,,,,,,,,,,,,,,,,,,,,,,,,,,,,,,,,,,,,,,,,-99.7,,,,,,,,,
2010-05-15,1007.8,1009.3,2010-05-15T21:32:00,1006.5,2010-05-15T04:17:00,21.9,23.0,2010-05-15T11:01:00,20.9,2010-05-15T18:06:00,88,84.0,2010-05-15T11:45:00,1.1,313.0,5.0,297.0,2010-05-15T11:47:00,0.5,,,,,,,,,,,,,,,,,,,,,,91.0,2010-05-15T05:37:00,,,,,,,,,,,,,,,,,,,,,,,,,,,,,,,,,,,,,,,,,,,,,,,,,,,,,,,,,,,,,,,,,-99.7,,,,,,,,,
2010-05-16,1008.9,1010.4,2010-05-16T22:02:00,1007.4,2010-05-16T02:57:00,23.5,26.3,2010-05-16T14:31:00,20.6,2010-05-16T06:38:00,85,72.0,2010-05-16T14:54:00,2.5,38.0,8.4,29.0,2010-05-16T15:35:00,0.0,,,,,,,,,,,,,,,,,,,,,,91.0,2010-05-16T07:08:00,,,,,,,,,,,,,,,,,,,,,,,,,,,,,,,,,,,,,,,,,,,,,,,,,,,,,,,,,,,,,,,,,-99.7,,,,,,,,,
2010-05-17,1008.5,1009.8,2010-05-17T09:26:00,1007.3,2010-05-17T17:11:00,24.6,26.7,2010-05-17T13:54:00,23.4,2010-05-17T23:17:00,83,71.0,2010-05-17T13:52:00,2.7,30.0,7.3,17.0,2010-05-17T10:52:00,0.0,,,,,,,,,,,,,,,,,,,,,,89.0,2010-05-17T01:18:00,,,,,,,,,,,,,,,,,,,,,,,,,,,,,,,,,,,,,,,,,,,,,,,,,,,,,,,,,,,,,,,,,-99.7,,,,,,,,,
2010-05-18,1007.1,1008.8,2010-05-18T08:49:00,1004.8,2010-05-18T16:58:00,25.3,27.5,2010-05-18T14:28:00,23.1,2010-05-18T04:43:00,81,67.0,2010-05-18T14:29:00,2.4,215.0,8.9,206.0,2010-05-18T14:05:00,0.0,,,,,,,,,,,,,,,,,,,,,,91.0,2010-05-18T05:14:00,,,,,,,,,,,,,,,,,,,,,,,,,,,,,,,,,,,,,,,,,,,,,,,,,,,,,,,,,,,,,,,,,-99.7,,,,,,,,,
2010-05-19,1007.2,1009.1,2010-05-19T09:14:00,1005.1,2010-05-19T15:04:00,26.4,29.0,2010-05-19T13:31:00,22.8,2010-05-19T04:44:00,76,63.0,2010-05-19T13:26:00,2.7,232.0,9.7,245.0,2010-05-19T10:30:00,0.0,,,,,,,,,,,,,,,,,,,,,,87.0,2010-05-19T04:58:00,,,,,,,,,,,,,,,,,,,,,,,,,,,,,,,,,,,,,,,,,,,,,,,,,,,,,,,,,,,,,,,,,-99.7,,,,,,,,,
2010-05-20,1008.1,1009.3,2010-05-20T22:14:00,1006.4,2010-05-20T07:51:00,25.9,28.7,2010-05-20T11:51:00,24.1,2010-05-20T05:09:00,81,62.0,2010-05-20T11:55:00,1.3,237.0,8.8,246.0,2010-05-20T17:42:00,8.0,,,,,,,,,,,,,,,,,,,,,,89.0,2010-05-20T15:41:00,,,,,,,,,,,,,,,,,,,,,,,,,,,,,,,,,,,,,,,,,,,,,,,,,,,,,,,,,,,,,,,,,-99.7,,,,,,,,,
2010-05-21,1007.2,1009.2,2010-05-21T08:36:00,1004.4,2010-05-22T00:00:00,26.2,28.4,2010-05-21T13:24:00,23.4,2010-05-21T05:16:00,84,74.0,2010-05-21T10:04:00,1.3,227.0,7.0,239.0,2010-05-21T15:08:00,0.0,,,,,,,,,,,,,,,,,,,,,,92.0,2010-05-21T06:10:00,,,,,,,,,,,,,,,,,,,,,,,,,,,,,,,,,,,,,,,,,,,,,,,,,,,,,,,,,,,,,,,,,-99.7,,,,,,,,,
2010-05-22,1001.9,1004.5,2010-05-22T07:23:00,998.8,2010-05-22T23:58:00,27.6,29.7,2010-05-22T13:42:00,24.9,2010-05-22T01:12:00,75,65.0,2010-05-22T13:41:00,5.6,226.0,15.6,227.0,2010-05-22T16:19:00,0.0,,,,,,,,,,,,,,,,,,,,,,90.0,2010-05-22T01:33:00,,,,,,,,,,,,,,,,,,,,,,,,,,,,,,,,,,,,,,,,,,,,,,,,,,,,,,,,,,,,,,,,,-99.7,,,,,,,,,
2010-05-23,998.9,1003.3,2010-05-23T22:19:00,995.8,2010-05-23T04:21:00,24.9,29.3,2010-05-23T07:20:00,21.1,2010-05-23T20:38:00,82,60.0,2010-05-23T07:19:00,5.4,221.0,15.9,235.0,2010-05-23T14:35:00,103.5,,,,,,,,,,,,,,,,,,,,,,92.0,2010-05-23T19:57:00,,,,,,,,,,,,,,,,,,,,,,,,,,,,,,,,,,,,,,,,,,,,,,,,,,,,,,,,,,,,,,,,,-99.7,,,,,,,,,
2010-05-24,1004.5,1006.2,2010-05-24T22:19:00,1002.0,2010-05-24T01:52:00,23.6,26.0,2010-05-24T13:48:00,21.3,2010-05-24T04:18:00,72,53.0,2010-05-24T13:52:00,2.9,36.0,9.7,24.0,2010-05-24T15:15:00,0.0,,,,,,,,,,,,,,,,,,,,,,91.0,2010-05-24T00:06:00,,,,,,,,,,,,,,,,,,,,,,,,,,,,,,,,,,,,,,,,,,,,,,,,,,,,,,,,,,,,,,,,,-99.7,,,,,,,,,
2010-05-25,1005.8,1007.1,2010-05-25T11:07:00,1004.3,2010-05-25T01:37:00,24.5,27.6,2010-05-25T14:45:00,20.9,2010-05-25T02:12:00,77,59.0,2010-05-25T14:31:00,2.3,26.0,8.3,36.0,2010-05-25T16:50:00,0.0,,,,,,,,,,,,,,,,,,,,,,89.0,2010-05-25T04:01:00,,,,,,,,,,,,,,,,,,,,,,,,,,,,,,,,,,,,,,,,,,,,,,,,,,,,,,,,,,,,,,,,,-99.7,,,,,,,,,
2010-05-26,1006.3,1007.5,2010-05-26T07:17:00,1004.4,2010-05-26T16:13:00,26.5,30.8,2010-05-26T14:51:00,22.4,2010-05-26T01:31:00,65,40.0,2010-05-26T17:55:00,1.8,47.0,7.7,32.0,2010-05-26T15:18:00,0.0,,,,,,,,,,,,,,,,,,,,,,86.0,2010-05-26T01:36:00,,,,,,,,,,,,,,,,,,,,,,,,,,,,,,,,,,,,,,,,,,,,,,,,,,,,,,,,,,,,,,,,,-99.7,,,,,,,,,
2010-05-27,1007.7,1009.0,2010-05-27T22:28:00,1006.0,2010-05-27T03:37:00,24.1,26.5,2010-05-27T09:43:00,22.6,2010-05-27T14:22:00,77,61.0,2010-05-27T00:02:00,1.8,125.0,8.4,78.0,2010-05-27T14:01:00,4.0,,,,,,,,,,,,,,,,,,,,,,89.0,2010-05-27T15:56:00,,,,,,,,,,,,,,,,,,,,,,,,,,,,,,,,,,,,,,,,,,,,,,,,,,,,,,,,,,,,,,,,,-99.7,,,,,,,,,
2010-05-28,1006.0,1008.2,2010-05-29T00:00:00,1004.5,2010-05-28T16:20:00,26.2,30.6,2010-05-28T09:57:00,23.2,2010-05-28T00:15:00,78,56.0,2010-05-28T09:57:00,1.4,119.0,4.9,340.0,2010-05-28T13:56:00,0.0,,,,,,,,,,,,,,,,,,,,,,86.0,2010-05-28T23:59:00,,,,,,,,,,,,,,,,,,,,,,,,,,,,,,,,,,,,,,,,,,,,,,,,,,,,,,,,,,,,,,,,,-99.7,,,,,,,,,
2010-05-29,1004.7,1006.3,2010-05-29T09:18:00,1002.7,2010-05-29T02:39:00,23.4,25.6,2010-05-29T00:01:00,21.7,2010-05-29T23:56:00,90,85.0,2010-05-29T13:37:00,2.5,340.0,7.7,43.0,2010-05-29T21:08:00,30.0,,,,,,,,,,,,,,,,,,,,,,91.0,2010-05-29T06:28:00,,,,,,,,,,,,,,,,,,,,,,,,,,,,,,,,,,,,,,,,,,,,,,,,,,,,,,,,,,,,,,,,,-99.7,,,,,,,,,
2010-05-30,1005.1,1006.4,2010-05-30T22:31:00,1004.0,2010-05-30T02:21:00,21.1,22.6,2010-05-30T11:37:00,19.5,2010-05-30T18:15:00,88,82.0,2010-05-30T11:43:00,3.4,44.0,8.8,31.0,2010-05-30T14:14:00,19.5,,,,,,,,,,,,,,,,,,,,,,91.0,2010-05-30T03:44:00,,,,,,,,,,,,,,,,,,,,,,,,,,,,,,,,,,,,,,,,,,,,,,,,,,,,,,,,,,,,,,,,,-99.7,,,,,,,,,
2010-05-31,1005.9,1007.1,2010-05-31T21:15:00,1004.7,2010-05-31T16:32:00,22.1,24.7,2010-05-31T14:10:00,19.7,2010-05-31T23:37:00,74,59.0,2010-05-31T14:33:00,4.1,34.0,12.3,36.0,2010-05-31T15:10:00,0.0,,,,,,,,,,,,,,,,,,,,,,87.0,2010-05-31T00:10:00,,,,,,,,,,,,,,,,,,,,,,,,,,,,,,,,,,,,,,,,,,,,,,,,,,,,,,,,,,,,,,,,,-99.7,,,,,,,,,
2010-06-01,1007.3,1008.9,2010-06-01T22:23:00,1006.1,2010-06-01T01:05:00,22.5,24.8,2010-06-01T11:14:00,19.6,2010-06-01T04:59:00,72,64.0,2010-06-01T11:21:00,5.4,43.0,12.5,24.0,2010-06-01T12:00:00,0.0,,,,,,,,,,,,,,,,,,,,,,84.0,2010-06-01T05:00:00,,,,,,,,,,,,,,,,,,,,,,,,,,,,,,,,,,,,,,,,,,,,,,,,,,,,,,,,,,,,,,,,,-99.7,,,,,,,,,
2010-06-02,1008.6,1010.3,2010-06-02T21:11:00,1007.0,2010-06-02T03:11:00,21.2,22.6,2010-06-02T08:45:00,18.9,2010-06-02T23:02:00,79,70.0,2010-06-02T02:13:00,5.7,52.0,13.1,46.0,2010-06-02T13:32:00,12.5,,,,,,,,,,,,,,,,,,,,,,90.0,2010-06-02T23:59:00,,,,,,,,,,,,,,,,,,,,,,,,,,,,,,,,,,,,,,,,,,,,,,,,,,,,,,,,,,,,,,,,,-99.7,,,,,,,,,
2010-06-03,1007.3,1009.1,2010-06-03T00:02:00,1005.5,2010-06-03T23:58:00,21.7,23.2,2010-06-03T23:41:00,19.2,2010-06-03T00:18:00,89,81.0,2010-06-04T00:00:00,4.8,44.0,11.5,43.0,2010-06-03T07:31:00,39.0,,,,,,,,,,,,,,,,,,,,,,91.0,2010-06-03T03:10:00,,,,,,,,,,,,,,,,,,,,,,,,,,,,,,,,,,,,,,,,,,,,,,,,,,,,,,,,,,,,,,,,,-99.7,,,,,,,,,
2010-06-04,1006.0,1007.5,2010-06-04T21:19:00,1004.5,2010-06-04T03:49:00,22.2,23.7,2010-06-04T10:17:00,20.7,2010-06-04T19:55:00,88,79.0,2010-06-04T00:45:00,3.4,29.0,11.2,35.0,2010-06-04T13:25:00,9.0,,,,,,,,,,,,,,,,,,,,,,91.0,2010-06-04T19:00:00,,,,,,,,,,,,,,,,,,,,,,,,,,,,,,,,,,,,,,,,,,,,,,,,,,,,,,,,,,,,,,,,,-99.7,,,,,,,,,
2010-06-05,1006.7,1008.0,2010-06-05T21:34:00,1005.0,2010-06-05T03:42:00,21.4,22.5,2010-06-05T13:19:00,20.5,2010-06-05T22:23:00,89,85.0,2010-06-05T13:21:00,4.4,41.0,10.6,47.0,2010-06-05T12:43:00,13.0,,,,,,,,,,,,,,,,,,,,,,91.0,2010-06-05T04:00:00,,,,,,,,,,,,,,,,,,,,,,,,,,,,,,,,,,,,,,,,,,,,,,,,,,,,,,,,,,,,,,,,,-99.7,,,,,,,,,
2010-06-06,1007.3,1008.4,2010-06-06T10:20:00,1005.6,2010-06-06T02:03:00,22.4,24.4,2010-06-06T15:06:00,20.9,2010-06-06T01:21:00,83,75.0,2010-06-06T15:07:00,4.0,38.0,9.6,35.0,2010-06-06T11:32:00,0.5,,,,,,,,,,,,,,,,,,,,,,90.0,2010-06-06T03:53:00,,,,,,,,,,,,,,,,,,,,,,,,,,,,,,,,,,,,,,,,,,,,,,,,,,,,,,,,,,,,,,,,,-99.7,,,,,,,,,
2010-06-07,1008.6,1009.9,2010-06-07T08:23:00,1007.2,2010-06-07T16:26:00,22.8,25.4,2010-06-07T11:58:00,20.4,2010-06-07T05:11:00,79,68.0,2010-06-07T11:37:00,3.5,42.0,11.4,29.0,2010-06-07T13:23:00,0.0,,,,,,,,,,,,,,,,,,,,,,90.0,2010-06-07T05:38:00,,,,,,,,,,,,,,,,,,,,,,,,,,,,,,,,,,,,,,,,,,,,,,,,,,,,,,,,,,,,,,,,,-99.7,,,,,,,,,
2010-06-08,1008.0,1009.8,2010-06-08T07:46:00,1006.5,2010-06-08T17:05:00,23.5,26.4,2010-06-08T12:22:00,20.0,2010-06-08T05:19:00,78,66.0,2010-06-08T12:44:00,2.5,43.0,9.4,32.0,2010-06-08T13:48:00,0.0,,,,,,,,,,,,,,,,,,,,,,88.0,2010-06-08T05:40:00,,,,,,,,,,,,,,,,,,,,,,,,,,,,,,,,,,,,,,,,,,,,,,,,,,,,,,,,,,,,,,,,,-99.7,,,,,,,,,
2010-06-09,1006.8,1008.4,2010-06-09T21:34:00,1005.4,2010-06-09T16:28:00,24.9,27.6,2010-06-09T11:52:00,23.2,2010-06-09T03:52:00,79,65.0,2010-06-09T13:23:00,0.5,177.0,5.3,309.0,2010-06-09T12:36:00,0.0,,,,,,,,,,,,,,,,,,,,,,87.0,2010-06-09T07:30:00,,,,,,,,,,,,,,,,,,,,,,,,,,,,,,,,,,,,,,,,,,,,,,,,,,,,,,,,,,,,,,,,,-99.7,,,,,,,,,
2010-06-10,1006.0,1007.4,2010-06-10T09:25:00,1004.7,2010-06-10T15:35:00,25.1,27.8,2010-06-10T12:15:00,24.1,2010-06-10T21:47:00,86,73.0,2010-06-10T12:24:00,0.7,114.0,5.6,187.0,2010-06-10T20:39:00,23.5,,,,,,,,,,,,,,,,,,,,,,91.0,2010-06-10T20:34:00,,,,,,,,,,,,,,,,,,,,,,,,,,,,,,,,,,,,,,,,,,,,,,,,,,,,,,,,,,,,,,,,,-99.7,,,,,,,,,
2010-06-11,1006.4,1008.1,2010-06-11T21:56:00,1004.7,2010-06-11T02:37:00,22.9,24.9,2010-06-11T00:20:00,21.3,2010-06-11T23:09:00,89,83.0,2010-06-11T16:02:00,1.1,40.0,7.5,11.0,2010-06-11T10:03:00,11.0,,,,,,,,,,,,,,,,,,,,,,92.0,2010-06-11T07:39:00,,,,,,,,,,,,,,,,,,,,,,,,,,,,,,,,,,,,,,,,,,,,,,,,,,,,,,,,,,,,,,,,,-99.7,,,,,,,,,
2010-06-12,1006.3,1007.6,2010-06-12T09:56:00,1005.0,2010-06-12T16:57:00,22.3,23.5,2010-06-12T16:54:00,20.7,2010-06-12T05:25:00,90,89.0,2010-06-12T11:23:00,0.2,16.0,5.4,36.0,2010-06-12T05:15:00,10.5,,,,,,,,,,,,,,,,,,,,,,92.0,2010-06-12T08:12:00,,,,,,,,,,,,,,,,,,,,,,,,,,,,,,,,,,,,,,,,,,,,,,,,,,,,,,,,,,,,,,,,,-99.7,,,,,,,,,
2010-06-13,1005.2,1006.5,2010-06-13T09:03:00,1003.3,2010-06-13T16:00:00,24.8,26.6,2010-06-13T16:40:00,23.2,2010-06-13T00:12:00,88,77.0,2010-06-13T22:41:00,1.4,211.0,8.4,180.0,2010-06-13T15:13:00,29.5,,,,,,,,,,,,,,,,,,,,,,92.0,2010-06-13T06:59:00,,,,,,,,,,,,,,,,,,,,,,,,,,,,,,,,,,,,,,,,,,,,,,,,,,,,,,,,,,,,,,,,,-99.7,,,,,,,,,
2010-06-14,1004.1,1005.7,2010-06-14T09:00:00,1001.7,2010-06-14T18:21:00,26.5,28.4,2010-06-15T00:00:00,24.3,2010-06-14T08:25:00,78,66.0,2010-06-15T00:00:00,5.4,204.0,14.1,205.0,2010-06-14T20:59:00,15.5,,,,,,,,,,,,,,,,,,,,,,89.0,2010-06-14T08:26:00,,,,,,,,,,,,,,,,,,,,,,,,,,,,,,,,,,,,,,,,,,,,,,,,,,,,,,,,,,,,,,,,,-99.7,,,,,,,,,
2010-06-15,1003.7,1004.9,2010-06-15T07:39:00,1001.8,2010-06-15T03:58:00,27.3,28.6,2010-06-15T21:11:00,25.2,2010-06-15T18:19:00,77,65.0,2010-06-15T00:07:00,6.2,225.0,14.0,239.0,2010-06-15T15:34:00,8.0,,,,,,,,,,,,,,,,,,,,,,89.0,2010-06-15T18:26:00,,,,,,,,,,,,,,,,,,,,,,,,,,,,,,,,,,,,,,,,,,,,,,,,,,,,,,,,,,,,,,,,,-99.7,,,,,,,,,
2010-06-16,1004.4,1005.6,2010-06-16T22:15:00,1002.3,2010-06-16T03:01:00,27.9,29.2,2010-06-16T13:44:00,27.1,2010-06-16T07:03:00,77,71.0,2010-06-16T00:02:00,6.0,227.0,14.4,226.0,2010-06-16T02:05:00,0.0,,,,,,,,,,,,,,,,,,,,,,82.0,2010-06-16T16:33:00,,,,,,,,,,,,,,,,,,,,,,,,,,,,,,,,,,,,,,,,,,,,,,,,,,,,,,,,,,,,,,,,,-99.7,,,,,,,,,
2010-06-17,1004.7,1005.9,2010-06-17T10:16:00,1003.5,2010-06-17T18:56:00,28.1,30.0,2010-06-17T12:50:00,25.9,2010-06-17T07:27:00,77,69.0,2010-06-17T13:33:00,5.8,233.0,13.9,228.0,2010-06-17T21:05:00,3.0,,,,,,,,,,,,,,,,,,,,,,85.0,2010-06-17T06:16:00,,,,,,,,,,,,,,,,,,,,,,,,,,,,,,,,,,,,,,,,,,,,,,,,,,,,,,,,,,,,,,,,,-99.7,,,,,,,,,
2010-06-18,1004.6,1005.7,2010-06-18T08:56:00,1002.9,2010-06-18T02:11:00,28.5,29.8,2010-06-18T09:53:00,27.5,2010-06-18T04:49:00,74,66.0,2010-06-18T20:53:00,6.9,226.0,15.6,242.0,2010-06-18T08:45:00,0.0,,,,,,,,,,,,,,,,,,,,,,81.0,2010-06-18T04:41:00,,,,,,,,,,,,,,,,,,,,,,,,,,,,,,,,,,,,,,,,,,,,,,,,,,,,,,,,,,,,,,,,,-99.7,,,,,,,,,
2010-06-19,1005.3,1007.2,2010-06-19T09:49:00,1003.9,2010-06-19T02:58:00,28.3,29.7,2010-06-19T13:58:00,27.3,2010-06-19T23:59:00,74,65.0,2010-06-19T01:24:00,5.7,225.0,14.3,242.0,2010-06-19T14:00:00,0.0,,,,,,,,,,,,,,,,,,,,,,81.0,2010-06-19T23:14:00,,,,,,,,,,,,,,,,,,,,,,,,,,,,,,,,,,,,,,,,,,,,,,,,,,,,,,,,,,,,,,,,,-99.7,,,,,,,,,
2010-06-20,1004.8,1006.0,2010-06-20T08:17:00,1003.5,2010-06-20T02:11:00,28.0,29.8,2010-06-20T10:23:00,26.3,2010-06-20T04:10:00,78,73.0,2010-06-20T12:04:00,4.6,227.0,13.2,225.0,2010-06-20T12:28:00,0.0,,,,,,,,,,,,,,,,,,,,,,84.0,2010-06-20T19:47:00,,,,,,,,,,,,,,,,,,,,,,,,,,,,,,,,,,,,,,,,,,,,,,,,,,,,,,,,,,,,,,,,,-99.7,,,,,,,,,
2010-06-21,1005.4,1007.6,2010-06-21T22:23:00,1004.0,2010-06-21T03:55:00,27.8,30.1,2010-06-21T12:38:00,25.7,2010-06-21T05:09:00,79,71.0,2010-06-21T19:44:00,3.3,238.0,11.2,231.0,2010-06-21T10:58:00,0.0,,,,,,,,,,,,,,,,,,,,,,84.0,2010-06-21T02:53:00,,,,,,,,,,,,,,,,,,,,,,,,,,,,,,,,,,,,,,,,,,,,,,,,,,,,,,,,,,,,,,,,,-99.7,,,,,,,,,
2010-06-22,1006.7,1008.3,2010-06-22T21:14:00,1004.8,2010-06-22T15:32:00,28.2,30.3,2010-06-22T10:37:00,25.8,2010-06-22T05:01:00,77,67.0,2010-06-22T07:21:00,3.2,243.0,10.7,233.0,2010-06-22T10:41:00,0.0,,,,,,,,,,,,,,,,,,,,,,84.0,2010-06-22T19:48:00,,,,,,,,,,,,,,,,,,,,,,,,,,,,,,,,,,,,,,,,,,,,,,,,,,,,,,,,,,,,,,,,,-99.7,,,,,,,,,
2010-06-23,1005.4,1007.8,2010-06-23T00:03:00,1003.5,2010-06-23T15:12:00,28.1,30.2,2010-06-23T13:20:00,25.9,2010-06-23T23:59:00,77,69.0,2010-06-23T13:23:00,4.0,233.0,10.7,238.0,2010-06-23T13:58:00,0.0,,,,,,,,,,,,,,,,,,,,,,85.0,2010-06-23T23:52:00,,,,,,,,,,,,,,,,,,,,,,,,,,,,,,,,,,,,,,,,,,,,,,,,,,,,,,,,,,,,,,,,,-99.7,,,,,,,,,
2010-06-24,1001.8,1004.3,2010-06-24T00:01:00,1000.2,2010-06-24T19:04:00,26.9,29.5,2010-06-24T08:14:00,24.3,2010-06-24T00:49:00,79,68.0,2010-06-24T18:04:00,3.3,229.0,15.1,244.0,2010-06-24T13:08:00,5.5,,,,,,,,,,,,,,,,,,,,,,89.0,2010-06-24T05:24:00,,,,,,,,,,,,,,,,,,,,,,,,,,,,,,,,,,,,,,,,,,,,,,,,,,,,,,,,,,,,,,,,,-99.7,,,,,,,,,
2010-06-25,1000.4,1002.7,2010-06-25T22:01:00,998.2,2010-06-25T19:31:00,26.2,28.5,2010-06-25T19:38:00,24.5,2010-06-25T10:31:00,79,66.0,2010-06-25T19:37:00,3.8,220.0,15.4,217.0,2010-06-25T20:10:00,23.0,,,,,,,,,,,,,,,,,,,,,,88.0,2010-06-25T12:39:00,,,,,,,,,,,,,,,,,,,,,,,,,,,,,,,,,,,,,,,,,,,,,,,,,,,,,,,,,,,,,,,,,-99.7,,,,,,,,,
2010-06-26,1004.1,1008.0,2010-06-26T20:10:00,1000.3,2010-06-26T01:01:00,27.8,30.6,2010-06-26T11:46:00,24.7,2010-06-26T00:13:00,78,68.0,2010-06-26T09:13:00,3.1,99.0,10.9,237.0,2010-06-26T11:57:00,0.0,,,,,,,,,,,,,,,,,,,,,,88.0,2010-06-26T00:01:00,,,,,,,,,,,,,,,,,,,,,,,,,,,,,,,,,,,,,,,,,,,,,,,,,,,,,,,,,,,,,,,,,-99.7,,,,,,,,,
2010-06-27,1006.4,1007.7,2010-06-27T18:26:00,1005.4,2010-06-27T04:30:00,27.8,31.4,2010-06-27T11:17:00,25.0,2010-06-27T04:33:00,81,65.0,2010-06-27T09:56:00,1.3,123.0,7.6,155.0,2010-06-27T18:24:00,1.5,,,,,,,,,,,,,,,,,,,,,,89.0,2010-06-27T21:26:00,,,,,,,,,,,,,,,,,,,,,,,,,,,,,,,,,,,,,,,,,,,,,,,,,,,,,,,,,,,,,,,,,-99.7,,,,,,,,,
2010-06-28,1006.4,1007.8,2010-06-28T22:03:00,1004.9,2010-06-28T16:14:00,28.8,31.4,2010-06-28T13:21:00,26.1,2010-06-28T00:05:00,77,64.0,2010-06-28T10:51:00,1.4,175.0,5.5,237.0,2010-06-28T14:54:00,0.0,,,,,,,,,,,,,,,,,,,,,,88.0,2010-06-28T04:52:00,,,,,,,,,,,,,,,,,,,,,,,,,,,,,,,,,,,,,,,,,,,,,,,,,,,,,,,,,,,,,,,,,-99.7,,,,,,,,,
2010-06-29,1007.0,1008.4,2010-06-29T09:28:00,1005.6,2010-06-29T03:47:00,28.3,30.0,2010-06-29T09:56:00,26.3,2010-06-29T05:09:00,78,67.0,2010-06-29T07:27:00,2.0,139.0,7.5,249.0,2010-06-29T10:03:00,0.0,,,,,,,,,,,,,,,,,,,,,,84.0,2010-06-29T22:39:00,,,,,,,,,,,,,,,,,,,,,,,,,,,,,,,,,,,,,,,,,,,,,,,,,,,,,,,,,,,,,,,,,-99.7,,,,,,,,,
2010-06-30,1006.3,1007.5,2010-06-30T07:23:00,1004.7,2010-06-30T17:17:00,28.4,30.5,2010-06-30T15:16:00,26.0,2010-06-30T04:36:00,80,69.0,2010-06-30T15:05:00,2.4,228.0,7.7,220.0,2010-06-30T16:56:00,0.0,,,,,,,,,,,,,,,,,,,,,,88.0,2010-06-30T23:46:00,,,,,,,,,,,,,,,,,,,,,,,,,,,,,,,,,,,,,,,,,,,,,,,,,,,,,,,,,,,,,,,,,-99.7,,,,,,,,,
2010-07-01,1004.9,1006.9,2010-07-01T08:37:00,1003.7,2010-07-01T17:07:00,28.2,29.9,2010-07-01T10:06:00,26.2,2010-07-01T04:46:00,83,77.0,2010-07-01T10:07:00,3.1,204.0,10.3,214.0,2010-07-01T09:26:00,0.0,,,,,,,,,,,,,,,,,,,,,,88.0,2010-07-01T02:16:00,,,,,,,,,,,,,,,,,,,,,,,,,,,,,,,,,,,,,,,,,,,,,,,,,,,,,,,,,,,,,,,,,-99.7,,,,,,,,,
2010-07-02,1003.2,1004.9,2010-07-02T09:00:00,1001.7,2010-07-02T18:02:00,29.1,31.1,2010-07-02T11:29:00,27.7,2010-07-02T00:01:00,76,62.0,2010-07-02T13:18:00,5.8,231.0,12.6,228.0,2010-07-02T06:46:00,0.0,,,,,,,,,,,,,,,,,,,,,,86.0,2010-07-02T00:36:00,,,,,,,,,,,,,,,,,,,,,,,,,,,,,,,,,,,,,,,,,,,,,,,,,,,,,,,,,,,,,,,,,-99.7,,,,,,,,,
2010-07-03,1003.2,1004.5,2010-07-03T09:23:00,1001.1,2010-07-03T15:53:00,29.8,32.2,2010-07-03T12:35:00,27.6,2010-07-03T00:06:00,69,61.0,2010-07-03T09:01:00,6.9,228.0,15.3,231.0,2010-07-03T10:52:00,0.0,,,,,,,,,,,,,,,,,,,,,,77.0,2010-07-04T00:00:00,,,,,,,,,,,,,,,,,,,,,,,,,,,,,,,,,,,,,,,,,,,,,,,,,,,,,,,,,,,,,,,,,-99.7,,,,,,,,,
2010-07-04,1003.0,1004.9,2010-07-04T07:37:00,1001.1,2010-07-04T17:06:00,29.6,31.1,2010-07-04T14:02:00,28.3,2010-07-04T04:16:00,74,63.0,2010-07-04T17:05:00,8.1,230.0,17.4,227.0,2010-07-04T06:06:00,0.0,,,,,,,,,,,,,,,,,,,,,,82.0,2010-07-04T04:13:00,,,,,,,,,,,,,,,,,,,,,,,,,,,,,,,,,,,,,,,,,,,,,,,,,,,,,,,,,,,,,,,,,-99.7,,,,,,,,,
2010-07-05,1001.4,1003.1,2010-07-05T00:15:00,999.0,2010-07-05T16:30:00,29.5,31.3,2010-07-05T10:36:00,28.2,2010-07-05T01:46:00,76,68.0,2010-07-05T10:28:00,7.5,230.0,15.5,240.0,2010-07-05T12:27:00,0.0,,,,,,,,,,,,,,,,,,,,,,84.0,2010-07-05T01:58:00,,,,,,,,,,,,,,,,,,,,,,,,,,,,,,,,,,,,,,,,,,,,,,,,,,,,,,,,,,,,,,,,,-99.7,,,,,,,,,
2010-07-06,1002.1,1004.2,2010-07-06T22:30:00,1000.3,2010-07-06T16:21:00,29.7,31.8,2010-07-06T14:52:00,28.4,2010-07-06T23:26:00,73,60.0,2010-07-06T14:54:00,8.0,231.0,17.2,235.0,2010-07-06T10:48:00,0.0,,,,,,,,,,,,,,,,,,,,,,81.0,2010-07-06T02:05:00,,,,,,,,,,,,,,,,,,,,,,,,,,,,,,,,,,,,,,,,,,,,,,,,,,,,,,,,,,,,,,,,,-99.7,,,,,,,,,
2010-07-07,1004.7,1006.9,2010-07-07T22:19:00,1002.4,2010-07-07T01:57:00,29.2,31.0,2010-07-07T13:31:00,28.1,2010-07-07T01:39:00,75,66.0,2010-07-07T13:42:00,6.5,235.0,15.8,251.0,2010-07-07T11:50:00,0.0,,,,,,,,,,,,,,,,,,,,,,81.0,2010-07-07T23:59:00,,,,,,,,,,,,,,,,,,,,,,,,,,,,,,,,,,,,,,,,,,,,,,,,,,,,,,,,,,,,,,,,,-99.7,,,,,,,,,
2010-07-08,1005.2,1006.8,2010-07-08T09:19:00,1003.6,2010-07-08T17:15:00,28.8,30.3,2010-07-08T12:29:00,27.7,2010-07-08T02:49:00,77,71.0,2010-07-08T10:58:00,5.2,215.0,12.7,241.0,2010-07-08T11:10:00,0.0,,,,,,,,,,,,,,,,,,,,,,83.0,2010-07-08T00:23:00,,,,,,,,,,,,,,,,,,,,,,,,,,,,,,,,,,,,,,,,,,,,,,,,,,,,,,,,,,,,,,,,,-99.7,,,,,,,,,
2010-07-09,1005.4,1006.5,2010-07-09T09:15:00,1004.0,2010-07-09T03:30:00,29.0,30.6,2010-07-09T13:45:00,27.3,2010-07-09T01:02:00,76,70.0,2010-07-09T13:19:00,5.4,232.0,12.8,228.0,2010-07-09T04:18:00,0.0,,,,,,,,,,,,,,,,,,,,,,80.0,2010-07-09T21:17:00,,,,,,,,,,,,,,,,,,,,,,,,,,,,,,,,,,,,,,,,,,,,,,,,,,,,,,,,,,,,,,,,,-99.7,,,,,,,,,
2010-07-10,1006.5,1007.5,2010-07-10T10:27:00,1005.3,2010-07-10T03:40:00,29.1,30.8,2010-07-10T13:06:00,27.1,2010-07-10T23:46:00,75,69.0,2010-07-10T14:59:00,4.9,227.0,11.1,216.0,2010-07-10T16:19:00,0.0,,,,,,,,,,,,,,,,,,,,,,82.0,2010-07-10T23:58:00,,,,,,,,,,,,,,,,,,,,,,,,,,,,,,,,,,,,,,,,,,,,,,,,,,,,,,,,,,,,,,,,,-99.7,,,,,,,,,
2010-07-11,1006.7,1008.0,2010-07-11T09:38:00,1005.6,2010-07-11T04:03:00,29.0,30.9,2010-07-11T13:49:00,26.7,2010-07-11T01:16:00,75,70.0,2010-07-11T06:33:00,3.9,227.0,12.8,243.0,2010-07-11T10:26:00,0.0,,,,,,,,,,,,,,,,,,,,,,84.0,2010-07-11T01:06:00,,,,,,,,,,,,,,,,,,,,,,,,,,,,,,,,,,,,,,,,,,,,,,,,,,,,,,,,,,,,,,,,,-99.7,,,,,,,,,
2010-07-12,1006.9,1008.1,2010-07-12T22:39:00,1005.8,2010-07-12T14:28:00,28.7,30.8,2010-07-12T13:20:00,27.1,2010-07-12T23:59:00,78,67.0,2010-07-12T13:20:00,2.9,239.0,8.7,237.0,2010-07-12T12:49:00,0.0,,,,,,,,,,,,,,,,,,,,,,86.0,2010-07-12T02:35:00,,,,,,,,,,,,,,,,,,,,,,,,,,,,,,,,,,,,,,,,,,,,,,,,,,,,,,,,,,,,,,,,,-99.7,,,,,,,,,
2010-07-13,1007.1,1008.4,2010-07-13T20:46:00,1005.7,2010-07-13T17:16:00,29.0,31.3,2010-07-13T11:50:00,26.5,2010-07-13T05:16:00,74,66.0,2010-07-13T10:53:00,2.3,236.0,8.0,214.0,2010-07-13T15:12:00,0.0,,,,,,,,,,,,,,,,,,,,,,83.0,2010-07-13T23:51:00,,,,,,,,,,,,,,,,,,,,,,,,,,,,,,,,,,,,,,,,,,,,,,,,,,,,,,,,,,,,,,,,,-99.7,,,,,,,,,
2010-07-14,1007.5,1008.4,2010-07-14T21:23:00,1006.8,2010-07-14T04:54:00,29.2,32.4,2010-07-14T10:59:00,26.5,2010-07-14T05:03:00,69,54.0,2010-07-14T11:03:00,1.2,115.0,5.2,125.0,2010-07-14T19:11:00,0.0,,,,,,,,,,,,,,,,,,,,,,84.0,2010-07-14T03:24:00,,,,,,,,,,,,,,,,,,,,,,,,,,,,,,,,,,,,,,,,,,,,,,,,,,,,,,,,,,,,,,,,,-99.7,,,,,,,,,
2010-07-15,1007.1,1008.2,2010-07-15T21:56:00,1006.2,2010-07-15T17:56:00,28.4,31.8,2010-07-15T16:20:00,25.5,2010-07-15T04:34:00,73,58.0,2010-07-15T16:08:00,1.4,312.0,6.7,350.0,2010-07-15T14:27:00,0.0,,,,,,,,,,,,,,,,,,,,,,82.0,2010-07-15T22:28:00,,,,,,,,,,,,,,,,,,,,,,,,,,,,,,,,,,,,,,,,,,,,,,,,,,,,,,,,,,,,,,,,,-99.7,,,,,,,,,
2010-07-16,1007.9,1009.0,2010-07-16T21:44:00,1006.4,2010-07-16T16:55:00,28.4,30.9,2010-07-16T09:08:00,25.6,2010-07-16T03:43:00,74,62.0,2010-07-16T08:38:00,2.0,1.0,7.0,28.0,2010-07-16T12:07:00,0.0,,,,,,,,,,,,,,,,,,,,,,83.0,2010-07-16T23:44:00,,,,,,,,,,,,,,,,,,,,,,,,,,,,,,,,,,,,,,,,,,,,,,,,,,,,,,,,,,,,,,,,,-99.7,,,,,,,,,
2010-07-17,1009.0,1010.2,2010-07-17T09:20:00,1007.5,2010-07-17T18:21:00,28.6,31.3,2010-07-17T13:39:00,26.4,2010-07-17T04:10:00,76,56.0,2010-07-17T13:22:00,1.4,3.0,6.4,50.0,2010-07-17T16:17:00,0.0,,,,,,,,,,,,,,,,,,,,,,86.0,2010-07-17T05:42:00,,,,,,,,,,,,,,,,,,,,,,,,,,,,,,,,,,,,,,,,,,,,,,,,,,,,,,,,,,,,,,,,,-99.7,,,,,,,,,
2010-07-18,1007.9,1009.7,2010-07-18T07:22:00,1004.8,2010-07-18T17:27:00,29.1,31.7,2010-07-18T14:41:00,26.1,2010-07-18T05:32:00,76,63.0,2010-07-18T10:21:00,2.9,33.0,12.5,47.0,2010-07-18T14:01:00,0.0,,,,,,,,,,,,,,,,,,,,,,86.0,2010-07-18T04:52:00,,,,,,,,,,,,,,,,,,,,,,,,,,,,,,,,,,,,,,,,,,,,,,,,,,,,,,,,,,,,,,,,,-99.7,,,,,,,,,
2010-07-19,1006.7,1007.7,2010-07-19T09:24:00,1005.4,2010-07-19T16:49:00,29.0,31.8,2010-07-19T11:13:00,26.3,2010-07-19T05:34:00,75,61.0,2010-07-19T10:34:00,1.9,15.0,6.5,20.0,2010-07-19T13:24:00,0.0,,,,,,,,,,,,,,,,,,,,,,86.0,2010-07-19T04:56:00,,,,,,,,,,,,,,,,,,,,,,,,,,,,,,,,,,,,,,,,,,,,,,,,,,,,,,,,,,,,,,,,,-99.7,,,,,,,,,
2010-07-20,1007.3,1008.9,2010-07-20T23:41:00,1005.8,2010-07-20T16:49:00,29.5,32.1,2010-07-20T14:08:00,26.8,2010-07-20T05:51:00,73,60.0,2010-07-20T16:02:00,1.8,207.0,7.2,241.0,2010-07-20T00:17:00,0.0,,,,,,,,,,,,,,,,,,,,,,82.0,2010-07-20T06:03:00,,,,,,,,,,,,,,,,,,,,,,,,,,,,,,,,,,,,,,,,,,,,,,,,,,,,,,,,,,,,,,,,,-99.7,,,,,,,,,
2010-07-21,1007.6,1009.1,2010-07-21T21:36:00,1005.4,2010-07-21T17:46:00,29.3,32.1,2010-07-21T11:50:00,27.3,2010-07-21T03:45:00,75,62.0,2010-07-21T11:52:00,2.8,210.0,9.9,24.0,2010-07-21T13:05:00,0.0,,,,,,,,,,,,,,,,,,,,,,84.0,2010-07-21T19:53:00,,,,,,,,,,,,,,,,,,,,,,,,,,,,,,,,,,,,,,,,,,,,,,,,,,,,,,,,,,,,,,,,,-99.7,,,,,,,,,
2010-07-22,1006.7,1008.5,2010-07-22T22:22:00,1004.4,2010-07-22T17:04:00,28.8,31.7,2010-07-22T15:19:00,27.9,2010-07-22T23:59:00,75,62.0,2010-07-22T15:20:00,2.0,119.0,5.0,341.0,2010-07-22T15:27:00,0.5,,,,,,,,,,,,,,,,,,,,,,81.0,2010-07-22T21:00:00,,,,,,,,,,,,,,,,,,,,,,,,,,,,,,,,,,,,,,,,,,,,,,,,,,,,,,,,,,,,,,,,,-99.7,,,,,,,,,
2010-07-23,1005.8,1007.8,2010-07-24T00:00:00,1004.2,2010-07-23T16:17:00,29.0,32.7,2010-07-23T10:13:00,26.9,2010-07-23T06:12:00,75,57.0,2010-07-23T10:14:00,2.4,27.0,8.5,26.0,2010-07-23T09:43:00,0.0,,,,,,,,,,,,,,,,,,,,,,85.0,2010-07-23T23:27:00,,,,,,,,,,,,,,,,,,,,,,,,,,,,,,,,,,,,,,,,,,,,,,,,,,,,,,,,,,,,,,,,,-99.7,,,,,,,,,
2010-07-24,1004.8,1006.3,2010-07-24T22:30:00,1002.9,2010-07-24T16:00:00,28.6,31.4,2010-07-24T13:34:00,25.9,2010-07-24T23:41:00,78,69.0,2010-07-24T11:43:00,2.3,234.0,6.8,240.0,2010-07-24T11:17:00,0.5,,,,,,,,,,,,,,,,,,,,,,86.0,2010-07-24T05:18:00,,,,,,,,,,,,,,,,,,,,,,,,,,,,,,,,,,,,,,,,,,,,,,,,,,,,,,,,,,,,,,,,,-99.7,,,,,,,,,
2010-07-25,1005.6,1007.2,2010-07-25T22:15:00,1004.5,2010-07-25T04:26:00,27.9,30.9,2010-07-25T13:13:00,26.3,2010-07-25T04:46:00,79,68.0,2010-07-25T13:45:00,1.7,78.0,5.3,231.0,2010-07-25T09:22:00,0.0,,,,,,,,,,,,,,,,,,,,,,88.0,2010-07-25T01:40:00,,,,,,,,,,,,,,,,,,,,,,,,,,,,,,,,,,,,,,,,,,,,,,,,,,,,,,,,,,,,,,,,,-99.7,,,,,,,,,
2010-07-26,1005.0,1006.9,2010-07-27T00:00:00,1003.1,2010-07-26T15:50:00,28.2,31.9,2010-07-26T15:14:00,25.1,2010-07-26T21:25:00,73,59.0,2010-07-26T10:49:00,2.4,98.0,13.4,226.0,2010-07-26T23:58:00,0.5,,,,,,,,,,,,,,,,,,,,,,87.0,2010-07-26T20:57:00,,,,,,,,,,,,,,,,,,,,,,,,,,,,,,,,,,,,,,,,,,,,,,,,,,,,,,,,,,,,,,,,,-99.7,,,,,,,,,
2010-07-27,1004.7,1006.4,2010-07-27T09:49:00,1003.1,2010-07-27T02:50:00,26.3,28.1,2010-07-27T02:01:00,24.5,2010-07-27T18:15:00,76,67.0,2010-07-27T14:21:00,6.6,211.0,15.6,208.0,2010-07-27T23:49:00,7.0,,,,,,,,,,,,,,,,,,,,,,86.0,2010-07-27T18:17:00,,,,,,,,,,,,,,,,,,,,,,,,,,,,,,,,,,,,,,,,,,,,,,,,,,,,,,,,,,,,,,,,,-99.7,,,,,,,,,
2010-07-28,1004.5,1006.4,2010-07-28T09:32:00,1002.0,2010-07-28T16:06:00,27.0,29.0,2010-07-28T14:57:00,24.4,2010-07-28T06:48:00,74,66.0,2010-07-28T03:03:00,7.1,208.0,17.3,215.0,2010-07-28T15:01:00,4.5,,,,,,,,,,,,,,,,,,,,,,88.0,2010-07-28T06:50:00,,,,,,,,,,,,,,,,,,,,,,,,,,,,,,,,,,,,,,,,,,,,,,,,,,,,,,,,,,,,,,,,,-99.7,,,,,,,,,
2010-07-29,1002.9,1004.0,2010-07-29T00:37:00,1001.0,2010-07-29T16:00:00,29.3,31.9,2010-07-29T13:25:00,27.6,2010-07-30T00:00:00,69,58.0,2010-07-29T11:32:00,6.3,228.0,13.4,224.0,2010-07-29T09:14:00,0.0,,,,,,,,,,,,,,,,,,,,,,79.0,2010-07-29T20:20:00,,,,,,,,,,,,,,,,,,,,,,,,,,,,,,,,,,,,,,,,,,,,,,,,,,,,,,,,,,,,,,,,,-99.7,,,,,,,,,
2010-07-30,1004.1,1005.6,2010-07-30T20:57:00,1001.9,2010-07-30T01:59:00,28.9,31.2,2010-07-30T10:22:00,25.9,2010-07-30T05:42:00,71,59.0,2010-07-30T17:11:00,4.3,214.0,13.2,234.0,2010-07-30T12:01:00,0.0,,,,,,,,,,,,,,,,,,,,,,80.0,2010-07-30T06:07:00,,,,,,,,,,,,,,,,,,,,,,,,,,,,,,,,,,,,,,,,,,,,,,,,,,,,,,,,,,,,,,,,,-99.7,,,,,,,,,
2010-07-31,1006.7,1008.4,2010-07-31T22:46:00,1005.2,2010-07-31T00:22:00,28.7,31.0,2010-07-31T13:30:00,26.3,2010-07-31T04:50:00,76,63.0,2010-07-31T09:17:00,3.1,189.0,9.0,230.0,2010-07-31T10:40:00,0.0,,,,,,,,,,,,,,,,,,,,,,84.0,2010-07-31T21:25:00,,,,,,,,,,,,,,,,,,,,,,,,,,,,,,,,,,,,,,,,,,,,,,,,,,,,,,,,,,,,,,,,,-99.7,,,,,,,,,
2010-08-01,1008.7,1009.8,2010-08-01T09:57:00,1007.5,2010-08-01T02:05:00,29.0,31.2,2010-08-01T10:28:00,26.7,2010-08-01T05:13:00,77,65.0,2010-08-01T09:35:00,2.2,200.0,7.4,203.0,2010-08-01T15:53:00,0.0,,,,,,,,,,,,,,,,,,,,,,85.0,2010-08-01T05:20:00,,,,,,,,,,,,,,,,,,,,,,,,,,,,,,,,,,,,,,,,,,,,,,,,,,,,,,,,,,,,,,,,,-99.7,,,,,,,,,
2010-08-02,1007.3,1009.1,2010-08-02T00:28:00,1005.1,2010-08-02T17:30:00,29.1,31.4,2010-08-02T15:09:00,26.3,2010-08-02T05:30:00,77,68.0,2010-08-02T09:00:00,3.7,211.0,9.2,222.0,2010-08-02T08:53:00,0.0,,,,,,,,,,,,,,,,,,,,,,85.0,2010-08-02T23:53:00,,,,,,,,,,,,,,,,,,,,,,,,,,,,,,,,,,,,,,,,,,,,,,,,,,,,,,,,,,,,,,,,,-99.7,,,,,,,,,
2010-08-03,1003.8,1005.7,2010-08-04T00:00:00,1002.0,2010-08-03T17:11:00,29.0,31.7,2010-08-03T12:32:00,26.6,2010-08-03T05:30:00,76,60.0,2010-08-03T13:06:00,2.4,208.0,8.1,237.0,2010-08-03T00:13:00,0.0,,,,,,,,,,,,,,,,,,,,,,86.0,2010-08-03T23:57:00,,,,,,,,,,,,,,,,,,,,,,,,,,,,,,,,,,,,,,,,,,,,,,,,,,,,,,,,,,,,,,,,,-99.7,,,,,,,,,
2010-08-04,1001.5,1003.3,2010-08-04T08:21:00,998.7,2010-08-04T16:57:00,30.1,33.3,2010-08-04T14:40:00,27.2,2010-08-04T05:49:00,72,54.0,2010-08-04T12:38:00,2.8,27.0,10.2,25.0,2010-08-04T14:56:00,0.0,,,,,,,,,,,,,,,,,,,,,,87.0,2010-08-04T00:48:00,,,,,,,,,,,,,,,,,,,,,,,,,,,,,,,,,,,,,,,,,,,,,,,,,,,,,,,,,,,,,,,,,-99.7,,,,,,,,,
2010-08-05,1002.2,1004.3,2010-08-05T08:51:00,999.0,2010-08-05T15:54:00,29.7,35.0,2010-08-05T14:06:00,24.6,2010-08-05T19:24:00,72,42.0,2010-08-05T15:29:00,2.7,73.0,13.4,82.0,2010-08-05T16:06:00,4.5,,,,,,,,,,,,,,,,,,,,,,87.0,2010-08-05T23:56:00,,,,,,,,,,,,,,,,,,,,,,,,,,,,,,,,,,,,,,,,,,,,,,,,,,,,,,,,,,,,,,,,,-99.7,,,,,,,,,
2010-08-06,1002.7,1005.2,2010-08-06T08:40:00,1000.4,2010-08-06T16:23:00,29.4,33.3,2010-08-06T14:23:00,26.1,2010-08-06T04:40:00,70,52.0,2010-08-06T15:54:00,2.7,74.0,12.9,70.0,2010-08-06T23:18:00,0.0,,,,,,,,,,,,,,,,,,,,,,87.0,2010-08-06T01:24:00,,,,,,,,,,,,,,,,,,,,,,,,,,,,,,,,,,,,,,,,,,,,,,,,,,,,,,,,,,,,,,,,,-99.7,,,,,,,,,
2010-08-07,1001.1,1002.6,2010-08-07T00:12:00,999.4,2010-08-07T15:21:00,29.4,34.1,2010-08-07T12:28:00,26.4,2010-08-07T03:17:00,72,54.0,2010-08-07T11:37:00,6.2,52.0,14.6,54.0,2010-08-07T15:01:00,0.0,,,,,,,,,,,,,,,,,,,,,,83.0,2010-08-07T22:56:00,,,,,,,,,,,,,,,,,,,,,,,,,,,,,,,,,,,,,,,,,,,,,,,,,,,,,,,,,,,,,,,,,-99.7,,,,,,,,,
2010-08-08,999.8,1001.7,2010-08-08T09:02:00,997.9,2010-08-08T16:14:00,28.9,32.0,2010-08-08T11:26:00,27.1,2010-08-09T00:00:00,77,61.0,2010-08-08T11:33:00,5.3,45.0,13.4,19.0,2010-08-08T12:45:00,2.0,,,,,,,,,,,,,,,,,,,,,,87.0,2010-08-08T23:43:00,,,,,,,,,,,,,,,,,,,,,,,,,,,,,,,,,,,,,,,,,,,,,,,,,,,,,,,,,,,,,,,,,-99.7,,,,,,,,,
2010-08-09,1000.1,1002.6,2010-08-09T23:04:00,998.6,2010-08-09T03:49:00,28.6,30.8,2010-08-09T12:54:00,26.2,2010-08-09T01:25:00,78,66.0,2010-08-09T12:48:00,2.3,328.0,7.0,343.0,2010-08-09T11:01:00,0.0,,,,,,,,,,,,,,,,,,,,,,88.0,2010-08-09T01:54:00,,,,,,,,,,,,,,,,,,,,,,,,,,,,,,,,,,,,,,,,,,,,,,,,,,,,,,,,,,,,,,,,,-99.7,,,,,,,,,
2010-08-10,1003.7,1006.0,2010-08-10T21:49:00,1001.5,2010-08-10T02:46:00,29.6,31.6,2010-08-10T13:51:00,27.3,2010-08-10T05:16:00,75,63.0,2010-08-10T08:48:00,5.2,213.0,12.7,249.0,2010-08-10T10:48:00,0.0,,,,,,,,,,,,,,,,,,,,,,84.0,2010-08-10T00:19:00,,,,,,,,,,,,,,,,,,,,,,,,,,,,,,,,,,,,,,,,,,,,,,,,,,,,,,,,,,,,,,,,,-99.7,,,,,,,,,
2010-08-11,1006.9,1008.4,2010-08-11T09:46:00,1004.8,2010-08-11T03:00:00,29.5,31.7,2010-08-11T11:24:00,26.9,2010-08-11T05:06:00,75,63.0,2010-08-11T08:52:00,3.8,236.0,9.7,234.0,2010-08-11T12:21:00,0.0,,,,,,,,,,,,,,,,,,,,,,85.0,2010-08-11T23:59:00,,,,,,,,,,,,,,,,,,,,,,,,,,,,,,,,,,,,,,,,,,,,,,,,,,,,,,,,,,,,,,,,,-99.7,,,,,,,,,
2010-08-12,1007.2,1008.4,2010-08-12T08:39:00,1005.9,2010-08-12T15:53:00,29.2,31.6,2010-08-12T13:51:00,26.9,2010-08-12T23:55:00,77,67.0,2010-08-12T13:53:00,3.4,223.0,9.4,240.0,2010-08-12T11:21:00,0.0,,,,,,,,,,,,,,,,,,,,,,86.0,2010-08-12T01:09:00,,,,,,,,,,,,,,,,,,,,,,,,,,,,,,,,,,,,,,,,,,,,,,,,,,,,,,,,,,,,,,,,,-99.7,,,,,,,,,
2010-08-13,1006.3,1007.8,2010-08-13T09:54:00,1005.2,2010-08-13T17:25:00,28.8,31.7,2010-08-13T12:19:00,25.9,2010-08-13T04:45:00,75,66.0,2010-08-13T12:06:00,3.1,196.0,10.4,231.0,2010-08-13T09:17:00,0.0,,,,,,,,,,,,,,,,,,,,,,83.0,2010-08-13T00:22:00,,,,,,,,,,,,,,,,,,,,,,,,,,,,,,,,,,,,,,,,,,,,,,,,,,,,,,,,,,,,,,,,,-99.7,,,,,,,,,
2010-08-14,1007.2,1008.5,2010-08-14T22:41:00,1005.6,2010-08-14T01:37:00,29.3,31.4,2010-08-14T13:05:00,27.2,2010-08-14T23:58:00,77,69.0,2010-08-14T08:06:00,3.0,224.0,8.5,225.0,2010-08-14T08:07:00,0.0,,,,,,,,,,,,,,,,,,,,,,83.0,2010-08-14T00:59:00,,,,,,,,,,,,,,,,,,,,,,,,,,,,,,,,,,,,,,,,,,,,,,,,,,,,,,,,,,,,,,,,,-99.7,,,,,,,,,
2010-08-15,1008.5,1009.8,2010-08-15T09:08:00,1006.9,2010-08-15T16:31:00,29.1,31.7,2010-08-15T14:16:00,26.2,2010-08-15T02:44:00,72,61.0,2010-08-15T15:16:00,2.3,222.0,8.2,227.0,2010-08-15T12:13:00,0.0,,,,,,,,,,,,,,,,,,,,,,83.0,2010-08-15T01:17:00,,,,,,,,,,,,,,,,,,,,,,,,,,,,,,,,,,,,,,,,,,,,,,,,,,,,,,,,,,,,,,,,,-99.7,,,,,,,,,
2010-08-16,1008.5,1009.5,2010-08-16T08:27:00,1006.8,2010-08-16T15:21:00,28.3,31.2,2010-08-16T12:39:00,26.4,2010-08-16T17:37:00,75,62.0,2010-08-16T09:55:00,1.9,181.0,7.0,242.0,2010-08-16T09:39:00,0.0,,,,,,,,,,,,,,,,,,,,,,82.0,2010-08-16T01:49:00,,,,,,,,,,,,,,,,,,,,,,,,,,,,,,,,,,,,,,,,,,,,,,,,,,,,,,,,,,,,,,,,,-99.7,,,,,,,,,
2010-08-17,1008.5,1009.9,2010-08-17T21:58:00,1007.3,2010-08-17T15:33:00,28.6,31.4,2010-08-17T10:16:00,25.6,2010-08-17T04:12:00,74,62.0,2010-08-17T10:26:00,1.4,342.0,5.9,355.0,2010-08-17T12:22:00,0.0,,,,,,,,,,,,,,,,,,,,,,82.0,2010-08-17T23:53:00,,,,,,,,,,,,,,,,,,,,,,,,,,,,,,,,,,,,,,,,,,,,,,,,,,,,,,,,,,,,,,,,,-99.7,,,,,,,,,
2010-08-18,1009.9,1011.3,2010-08-18T09:10:00,1008.1,2010-08-18T16:15:00,28.7,31.7,2010-08-18T12:09:00,25.8,2010-08-18T05:28:00,72,57.0,2010-08-18T17:58:00,1.8,5.0,7.7,18.0,2010-08-18T13:11:00,0.0,,,,,,,,,,,,,,,,,,,,,,83.0,2010-08-18T05:48:00,,,,,,,,,,,,,,,,,,,,,,,,,,,,,,,,,,,,,,,,,,,,,,,,,,,,,,,,,,,,,,,,,-99.7,,,,,,,,,
2010-08-19,1010.4,1012.1,2010-08-19T08:52:00,1008.4,2010-08-19T16:37:00,28.8,32.2,2010-08-19T09:57:00,26.5,2010-08-19T04:45:00,75,61.0,2010-08-19T13:39:00,1.6,105.0,5.9,242.0,2010-08-19T14:50:00,0.0,,,,,,,,,,,,,,,,,,,,,,84.0,2010-08-19T06:08:00,,,,,,,,,,,,,,,,,,,,,,,,,,,,,,,,,,,,,,,,,,,,,,,,,,,,,,,,,,,,,,,,,-99.7,,,,,,,,,
2010-08-20,1008.9,1011.0,2010-08-21T00:00:00,1006.1,2010-08-20T17:02:00,29.7,34.7,2010-08-20T10:21:00,26.2,2010-08-20T05:48:00,67,45.0,2010-08-20T10:22:00,4.8,59.0,15.8,54.0,2010-08-20T17:07:00,0.0,,,,,,,,,,,,,,,,,,,,,,78.0,2010-08-20T05:53:00,,,,,,,,,,,,,,,,,,,,,,,,,,,,,,,,,,,,,,,,,,,,,,,,,,,,,,,,,,,,,,,,,-99.7,,,,,,,,,
2010-08-21,1006.0,1007.8,2010-08-21T00:08:00,1003.9,2010-08-21T15:34:00,30.2,35.0,2010-08-21T12:13:00,27.3,2010-08-21T05:57:00,66,46.0,2010-08-21T12:10:00,4.9,62.0,12.9,59.0,2010-08-21T13:52:00,0.0,,,,,,,,,,,,,,,,,,,,,,77.0,2010-08-21T06:16:00,,,,,,,,,,,,,,,,,,,,,,,,,,,,,,,,,,,,,,,,,,,,,,,,,,,,,,,,,,,,,,,,,-99.7,,,,,,,,,
2010-08-22,1005.5,1006.9,2010-08-22T10:06:00,1004.0,2010-08-22T18:25:00,29.8,35.7,2010-08-22T13:24:00,27.2,2010-08-22T23:57:00,68,43.0,2010-08-22T13:24:00,2.2,108.0,8.8,43.0,2010-08-22T11:43:00,0.5,,,,,,,,,,,,,,,,,,,,,,80.0,2010-08-22T15:26:00,,,,,,,,,,,,,,,,,,,,,,,,,,,,,,,,,,,,,,,,,,,,,,,,,,,,,,,,,,,,,,,,,-99.7,,,,,,,,,
2010-08-23,1006.5,1008.5,2010-08-23T10:44:00,1004.3,2010-08-23T16:43:00,29.5,32.2,2010-08-23T17:11:00,26.2,2010-08-23T05:46:00,72,55.0,2010-08-23T17:20:00,1.6,109.0,6.9,336.0,2010-08-23T12:43:00,0.0,,,,,,,,,,,,,,,,,,,,,,84.0,2010-08-23T23:20:00,,,,,,,,,,,,,,,,,,,,,,,,,,,,,,,,,,,,,,,,,,,,,,,,,,,,,,,,,,,,,,,,,-99.7,,,,,,,,,
2010-08-24,1007.3,1009.2,2010-08-24T09:37:00,1005.1,2010-08-24T16:43:00,29.4,31.7,2010-08-24T10:58:00,27.2,2010-08-24T05:58:00,73,63.0,2010-08-24T10:30:00,2.2,21.0,10.6,53.0,2010-08-24T16:53:00,0.0,,,,,,,,,,,,,,,,,,,,,,83.0,2010-08-24T03:30:00,,,,,,,,,,,,,,,,,,,,,,,,,,,,,,,,,,,,,,,,,,,,,,,,,,,,,,,,,,,,,,,,,-99.7,,,,,,,,,
2010-08-25,1007.2,1008.5,2010-08-25T09:18:00,1005.3,2010-08-25T15:59:00,28.8,31.5,2010-08-25T12:38:00,26.4,2010-08-25T05:50:00,74,61.0,2010-08-25T09:52:00,2.0,213.0,8.9,218.0,2010-08-25T02:49:00,0.0,,,,,,,,,,,,,,,,,,,,,,82.0,2010-08-25T05:54:00,,,,,,,,,,,,,,,,,,,,,,,,,,,,,,,,,,,,,,,,,,,,,,,,,,,,,,,,,,,,,,,,,-99.7,,,,,,,,,
2010-08-26,1006.4,1007.5,2010-08-26T09:44:00,1004.8,2010-08-26T16:12:00,28.5,31.0,2010-08-26T11:26:00,26.0,2010-08-26T05:26:00,74,59.0,2010-08-26T11:40:00,1.5,5.0,6.8,345.0,2010-08-26T14:42:00,0.0,,,,,,,,,,,,,,,,,,,,,,82.0,2010-08-26T05:55:00,,,,,,,,,,,,,,,,,,,,,,,,,,,,,,,,,,,,,,,,,,,,,,,,,,,,,,,,,,,,,,,,,-99.7,,,,,,,,,
2010-08-27,1004.4,1006.9,2010-08-27T00:09:00,1002.2,2010-08-27T17:00:00,28.5,31.6,2010-08-27T14:32:00,25.4,2010-08-27T05:33:00,71,57.0,2010-08-27T10:19:00,2.8,25.0,9.9,50.0,2010-08-27T14:09:00,0.0,,,,,,,,,,,,,,,,,,,,,,85.0,2010-08-27T06:19:00,,,,,,,,,,,,,,,,,,,,,,,,,,,,,,,,,,,,,,,,,,,,,,,,,,,,,,,,,,,,,,,,,-99.7,,,,,,,,,
2010-08-28,1004.4,1006.3,2010-08-28T21:58:00,1002.7,2010-08-28T15:40:00,28.7,31.7,2010-08-28T12:42:00,25.3,2010-08-28T03:05:00,74,61.0,2010-08-28T11:07:00,2.5,192.0,11.6,45.0,2010-08-28T15:58:00,0.0,,,,,,,,,,,,,,,,,,,,,,87.0,2010-08-28T06:15:00,,,,,,,,,,,,,,,,,,,,,,,,,,,,,,,,,,,,,,,,,,,,,,,,,,,,,,,,,,,,,,,,,-99.7,,,,,,,,,
2010-08-29,1004.8,1006.2,2010-08-29T09:32:00,1003.1,2010-08-29T16:03:00,28.8,32.2,2010-08-29T13:05:00,26.7,2010-08-29T06:22:00,74,55.0,2010-08-29T13:26:00,2.6,44.0,10.1,14.0,2010-08-29T16:03:00,0.0,,,,,,,,,,,,,,,,,,,,,,83.0,2010-08-29T22:53:00,,,,,,,,,,,,,,,,,,,,,,,,,,,,,,,,,,,,,,,,,,,,,,,,,,,,,,,,,,,,,,,,,-99.7,,,,,,,,,
2010-08-30,1001.8,1004.0,2010-08-30T00:07:00,999.0,2010-08-30T23:41:00,26.2,29.9,2010-08-30T13:05:00,23.8,2010-08-30T18:21:00,86,69.0,2010-08-30T13:06:00,2.9,236.0,11.3,181.0,2010-08-30T04:07:00,168.5,,,,,,,,,,,,,,,,,,,,,,91.0,2010-08-30T18:42:00,,,,,,,,,,,,,,,,,,,,,,,,,,,,,,,,,,,,,,,,,,,,,,,,,,,,,,,,,,,,,,,,,-99.7,,,,,,,,,
2010-08-31,997.9,999.9,2010-08-31T21:22:00,995.6,2010-08-31T05:45:00,25.4,26.8,2010-08-31T10:49:00,23.7,2010-08-31T06:10:00,89,82.0,2010-08-31T10:35:00,3.4,76.0,14.0,217.0,2010-08-31T07:29:00,42.5,,,,,,,,,,,,,,,,,,,,,,92.0,2010-08-31T06:37:00,,,,,,,,,,,,,,,,,,,,,,,,,,,,,,,,,,,,,,,,,,,,,,,,,,,,,,,,,,,,,,,,,-99.7,,,,,,,,,
2010-09-01,998.7,1002.1,2010-09-01T21:33:00,995.9,2010-09-01T11:48:00,27.8,32.4,2010-09-01T09:45:00,25.0,2010-09-01T05:51:00,82,54.0,2010-09-01T09:42:00,1.7,40.0,9.4,229.0,2010-09-01T15:23:00,0.0,,,,,,,,,,,,,,,,,,,,,,91.0,2010-09-01T03:24:00,,,,,,,,,,,,,,,,,,,,,,,,,,,,,,,,,,,,,,,,,,,,,,,,,,,,,,,,,,,,,,,,,-99.7,,,,,,,,,
2010-09-02,1003.9,1007.3,2010-09-02T21:48:00,1000.9,2010-09-02T02:21:00,27.9,31.3,2010-09-02T12:01:00,25.9,2010-09-02T06:01:00,81,63.0,2010-09-02T12:02:00,1.6,296.0,6.2,259.0,2010-09-02T10:43:00,17.0,,,,,,,,,,,,,,,,,,,,,,91.0,2010-09-02T20:31:00,,,,,,,,,,,,,,,,,,,,,,,,,,,,,,,,,,,,,,,,,,,,,,,,,,,,,,,,,,,,,,,,,-99.7,,,,,,,,,
2010-09-03,1004.8,1006.6,2010-09-03T00:00:00,1002.9,2010-09-03T15:35:00,28.5,31.6,2010-09-03T09:06:00,25.9,2010-09-03T05:37:00,79,61.0,2010-09-03T09:06:00,1.2,240.0,5.7,245.0,2010-09-03T13:19:00,0.0,,,,,,,,,,,,,,,,,,,,,,90.0,2010-09-03T00:00:00,,,,,,,,,,,,,,,,,,,,,,,,,,,,,,,,,,,,,,,,,,,,,,,,,,,,,,,,,,,,,,,,,-99.7,,,,,,,,,
2010-09-04,1004.7,1006.2,2010-09-04T21:59:00,1002.6,2010-09-04T15:20:00,28.2,31.2,2010-09-04T11:48:00,26.0,2010-09-04T05:26:00,77,60.0,2010-09-04T09:40:00,2.7,29.0,10.3,48.0,2010-09-04T13:26:00,0.0,,,,,,,,,,,,,,,,,,,,,,86.0,2010-09-04T23:58:00,,,,,,,,,,,,,,,,,,,,,,,,,,,,,,,,,,,,,,,,,,,,,,,,,,,,,,,,,,,,,,,,,-99.7,,,,,,,,,
2010-09-05,1004.8,1006.5,2010-09-05T09:45:00,1002.7,2010-09-05T15:00:00,27.7,30.5,2010-09-05T14:05:00,25.5,2010-09-05T05:11:00,80,64.0,2010-09-05T14:25:00,1.7,5.0,6.5,232.0,2010-09-05T05:04:00,0.0,,,,,,,,,,,,,,,,,,,,,,88.0,2010-09-05T05:08:00,,,,,,,,,,,,,,,,,,,,,,,,,,,,,,,,,,,,,,,,,,,,,,,,,,,,,,,,,,,,,,,,,-99.7,,,,,,,,,
2010-09-06,1005.0,1006.4,2010-09-06T09:09:00,1003.4,2010-09-06T15:19:00,28.2,30.7,2010-09-06T13:18:00,26.3,2010-09-06T05:42:00,79,64.0,2010-09-06T13:46:00,2.4,209.0,8.9,244.0,2010-09-06T12:44:00,0.0,,,,,,,,,,,,,,,,,,,,,,87.0,2010-09-06T04:24:00,,,,,,,,,,,,,,,,,,,,,,,,,,,,,,,,,,,,,,,,,,,,,,,,,,,,,,,,,,,,,,,,,-99.7,,,,,,,,,
2010-09-07,1004.1,1005.8,2010-09-07T09:46:00,1001.7,2010-09-07T23:54:00,28.5,31.0,2010-09-07T09:01:00,26.3,2010-09-07T06:02:00,77,66.0,2010-09-07T15:23:00,3.3,21.0,11.9,95.0,2010-09-07T23:29:00,0.0,,,,,,,,,,,,,,,,,,,,,,88.0,2010-09-07T02:49:00,,,,,,,,,,,,,,,,,,,,,,,,,,,,,,,,,,,,,,,,,,,,,,,,,,,,,,,,,,,,,,,,,-99.7,,,,,,,,,
2010-09-08,1001.4,1004.7,2010-09-08T23:07:00,998.4,2010-09-08T03:15:00,29.6,32.7,2010-09-08T15:20:00,25.9,2010-09-08T05:53:00,69,58.0,2010-09-08T15:22:00,2.5,251.0,11.7,59.0,2010-09-08T03:15:00,0.0,,,,,,,,,,,,,,,,,,,,,,83.0,2010-09-08T06:09:00,,,,,,,,,,,,,,,,,,,,,,,,,,,,,,,,,,,,,,,,,,,,,,,,,,,,,,,,,,,,,,,,,-99.7,,,,,,,,,
2010-09-09,1003.0,1004.7,2010-09-09T09:16:00,1001.1,2010-09-09T19:16:00,27.5,30.5,2010-09-09T10:54:00,25.7,2010-09-09T19:12:00,80,69.0,2010-09-09T10:55:00,1.2,103.0,6.1,254.0,2010-09-09T21:34:00,1.0,,,,,,,,,,,,,,,,,,,,,,89.0,2010-09-09T23:57:00,,,,,,,,,,,,,,,,,,,,,,,,,,,,,,,,,,,,,,,,,,,,,,,,,,,,,,,,,,,,,,,,,-99.7,,,,,,,,,
2010-09-10,1004.5,1007.8,2010-09-10T22:52:00,1002.0,2010-09-10T03:10:00,28.1,31.0,2010-09-10T14:17:00,25.8,2010-09-10T05:44:00,79,62.0,2010-09-10T14:20:00,2.9,244.0,12.7,221.0,2010-09-10T12:06:00,0.5,,,,,,,,,,,,,,,,,,,,,,90.0,2010-09-10T04:55:00,,,,,,,,,,,,,,,,,,,,,,,,,,,,,,,,,,,,,,,,,,,,,,,,,,,,,,,,,,,,,,,,,-99.7,,,,,,,,,
2010-09-11,1008.7,1011.1,2010-09-11T21:49:00,1006.7,2010-09-11T03:13:00,27.4,31.3,2010-09-11T09:37:00,25.4,2010-09-11T05:25:00,81,64.0,2010-09-11T12:49:00,1.3,103.0,5.9,339.0,2010-09-11T10:55:00,0.5,,,,,,,,,,,,,,,,,,,,,,89.0,2010-09-11T05:42:00,,,,,,,,,,,,,,,,,,,,,,,,,,,,,,,,,,,,,,,,,,,,,,,,,,,,,,,,,,,,,,,,,-99.7,,,,,,,,,
2010-09-12,1009.9,1011.2,2010-09-12T08:47:00,1008.5,2010-09-12T15:03:00,27.2,31.0,2010-09-12T10:06:00,24.3,2010-09-12T05:44:00,78,59.0,2010-09-12T09:19:00,0.9,136.0,5.2,298.0,2010-09-12T11:06:00,0.0,,,,,,,,,,,,,,,,,,,,,,88.0,2010-09-12T23:26:00,,,,,,,,,,,,,,,,,,,,,,,,,,,,,,,,,,,,,,,,,,,,,,,,,,,,,,,,,,,,,,,,,-99.7,,,,,,,,,
2010-09-13,1009.1,1010.7,2010-09-13T09:43:00,1007.4,2010-09-13T16:58:00,27.7,30.7,2010-09-13T13:08:00,24.2,2010-09-13T04:00:00,75,61.0,2010-09-13T13:11:00,1.9,170.0,7.2,1.0,2010-09-13T13:58:00,0.0,,,,,,,,,,,,,,,,,,,,,,88.0,2010-09-13T00:55:00,,,,,,,,,,,,,,,,,,,,,,,,,,,,,,,,,,,,,,,,,,,,,,,,,,,,,,,,,,,,,,,,,-99.7,,,,,,,,,
2010-09-14,1009.2,1010.8,2010-09-14T09:41:00,1007.7,2010-09-14T02:30:00,28.2,30.5,2010-09-14T15:50:00,26.2,2010-09-14T02:28:00,80,67.0,2010-09-14T13:19:00,1.6,288.0,7.0,243.0,2010-09-14T09:26:00,0.0,,,,,,,,,,,,,,,,,,,,,,88.0,2010-09-14T04:12:00,,,,,,,,,,,,,,,,,,,,,,,,,,,,,,,,,,,,,,,,,,,,,,,,,,,,,,,,,,,,,,,,,-99.7,,,,,,,,,
2010-09-15,1008.7,1010.5,2010-09-15T09:47:00,1006.8,2010-09-15T15:34:00,27.9,30.6,2010-09-15T14:08:00,25.6,2010-09-15T05:55:00,79,69.0,2010-09-15T14:09:00,1.5,179.0,5.3,215.0,2010-09-15T08:36:00,0.0,,,,,,,,,,,,,,,,,,,,,,88.0,2010-09-15T23:32:00,,,,,,,,,,,,,,,,,,,,,,,,,,,,,,,,,,,,,,,,,,,,,,,,,,,,,,,,,,,,,,,,,-99.7,,,,,,,,,
2010-09-16,1007.1,1009.4,2010-09-16T09:56:00,1005.1,2010-09-16T16:54:00,28.0,30.7,2010-09-16T13:29:00,26.1,2010-09-16T04:59:00,77,65.0,2010-09-16T13:18:00,2.2,35.0,8.0,30.0,2010-09-16T14:11:00,0.0,,,,,,,,,,,,,,,,,,,,,,88.0,2010-09-16T03:42:00,,,,,,,,,,,,,,,,,,,,,,,,,,,,,,,,,,,,,,,,,,,,,,,,,,,,,,,,,,,,,,,,,-99.7,,,,,,,,,
2010-09-17,1006.0,1008.0,2010-09-17T09:48:00,1004.3,2010-09-17T17:19:00,27.5,30.5,2010-09-17T13:39:00,24.9,2010-09-17T22:58:00,73,58.0,2010-09-17T10:08:00,2.7,62.0,7.9,47.0,2010-09-17T16:34:00,0.0,,,,,,,,,,,,,,,,,,,,,,85.0,2010-09-17T04:23:00,,,,,,,,,,,,,,,,,,,,,,,,,,,,,,,,,,,,,,,,,,,,,,,,,,,,,,,,,,,,,,,,,-99.7,,,,,,,,,
2010-09-18,1003.6,1006.0,2010-09-18T06:46:00,999.2,2010-09-18T23:33:00,27.5,30.0,2010-09-18T12:44:00,24.0,2010-09-18T06:57:00,79,70.0,2010-09-18T14:53:00,4.7,30.0,15.2,23.0,2010-09-18T22:26:00,21.5,,,,,,,,,,,,,,,,,,,,,,90.0,2010-09-18T07:13:00,,,,,,,,,,,,,,,,,,,,,,,,,,,,,,,,,,,,,,,,,,,,,,,,,,,,,,,,,,,,,,,,,-99.7,,,,,,,,,
2010-09-19,990.6,999.6,2010-09-20T00:00:00,982.7,2010-09-19T17:28:00,28.0,29.9,2010-09-19T16:16:00,24.4,2010-09-19T05:49:00,75,53.0,2010-09-19T21:46:00,10.1,22.0,23.8,30.0,2010-09-19T06:40:00,30.0,,,,,,,,,,,,,,,,,,,,,,92.0,2010-09-19T10:15:00,,,,,,,,,,,,,,,,,,,,,,,,,,,,,,,,,,,,,,,,,,,,,,,,,,,,,,,,,,,,,,,,,-99.7,,,,,,,,,
2010-09-20,1003.4,1009.7,2010-09-20T23:47:00,992.8,2010-09-20T00:01:00,27.4,30.5,2010-09-20T10:29:00,25.2,2010-09-20T01:17:00,79,63.0,2010-09-20T10:31:00,2.8,3.0,12.4,353.0,2010-09-20T06:51:00,3.5,,,,,,,,,,,,,,,,,,,,,,89.0,2010-09-20T18:08:00,,,,,,,,,,,,,,,,,,,,,,,,,,,,,,,,,,,,,,,,,,,,,,,,,,,,,,,,,,,,,,,,,-99.7,,,,,,,,,
2010-09-21,1010.2,1012.8,2010-09-21T21:55:00,1008.1,2010-09-21T02:02:00,27.2,31.3,2010-09-21T09:43:00,23.9,2010-09-21T05:44:00,78,59.0,2010-09-21T13:19:00,1.5,12.0,7.4,31.0,2010-09-21T14:04:00,3.0,,,,,,,,,,,,,,,,,,,,,,90.0,2010-09-21T05:29:00,,,,,,,,,,,,,,,,,,,,,,,,,,,,,,,,,,,,,,,,,,,,,,,,,,,,,,,,,,,,,,,,,-99.7,,,,,,,,,
2010-09-22,1009.8,1011.3,2010-09-23T00:00:00,1007.8,2010-09-22T15:30:00,27.8,31.1,2010-09-22T12:25:00,24.6,2010-09-22T04:58:00,74,57.0,2010-09-22T12:20:00,2.2,16.0,8.3,8.0,2010-09-22T11:49:00,0.0,,,,,,,,,,,,,,,,,,,,,,88.0,2010-09-22T02:46:00,,,,,,,,,,,,,,,,,,,,,,,,,,,,,,,,,,,,,,,,,,,,,,,,,,,,,,,,,,,,,,,,,-99.7,,,,,,,,,
2010-09-23,1009.1,1010.0,2010-09-23T00:37:00,1007.1,2010-09-23T15:33:00,26.4,29.0,2010-09-23T10:44:00,23.9,2010-09-23T05:34:00,79,70.0,2010-09-23T08:12:00,4.9,39.0,13.8,41.0,2010-09-23T11:16:00,0.0,,,,,,,,,,,,,,,,,,,,,,88.0,2010-09-23T05:06:00,,,,,,,,,,,,,,,,,,,,,,,,,,,,,,,,,,,,,,,,,,,,,,,,,,,,,,,,,,,,,,,,,-99.7,,,,,,,,,
2010-09-24,1009.6,1011.0,2010-09-24T22:50:00,1008.0,2010-09-24T04:10:00,25.2,26.3,2010-09-24T10:09:00,24.3,2010-09-24T23:58:00,78,70.0,2010-09-24T22:47:00,4.8,59.0,11.2,41.0,2010-09-24T14:02:00,0.0,,,,,,,,,,,,,,,,,,,,,,84.0,2010-09-24T06:11:00,,,,,,,,,,,,,,,,,,,,,,,,,,,,,,,,,,,,,,,,,,,,,,,,,,,,,,,,,,,,,,,,,-99.7,,,,,,,,,
2010-09-25,1010.3,1011.4,2010-09-25T10:08:00,1008.7,2010-09-25T16:23:00,25.9,28.5,2010-09-25T12:00:00,22.7,2010-09-25T05:37:00,75,64.0,2010-09-25T12:20:00,3.3,36.0,9.8,25.0,2010-09-25T11:43:00,0.0,,,,,,,,,,,,,,,,,,,,,,83.0,2010-09-25T23:58:00,,,,,,,,,,,,,,,,,,,,,,,,,,,,,,,,,,,,,,,,,,,,,,,,,,,,,,,,,,,,,,,,,-99.7,,,,,,,,,
2010-09-26,1010.7,1012.0,2010-09-26T08:20:00,1009.5,2010-09-26T15:18:00,26.7,30.0,2010-09-26T09:59:00,23.3,2010-09-26T05:28:00,78,61.0,2010-09-26T09:10:00,0.7,304.0,4.9,311.0,2010-09-26T14:12:00,0.0,,,,,,,,,,,,,,,,,,,,,,89.0,2010-09-26T06:17:00,,,,,,,,,,,,,,,,,,,,,,,,,,,,,,,,,,,,,,,,,,,,,,,,,,,,,,,,,,,,,,,,,-99.7,,,,,,,,,
2010-09-27,1010.5,1012.0,2010-09-27T10:17:00,1009.3,2010-09-27T15:26:00,26.9,29.5,2010-09-27T12:05:00,24.2,2010-09-27T05:58:00,79,64.0,2010-09-27T14:11:00,1.5,19.0,5.9,54.0,2010-09-27T17:12:00,0.0,,,,,,,,,,,,,,,,,,,,,,90.0,2010-09-27T06:17:00,,,,,,,,,,,,,,,,,,,,,,,,,,,,,,,,,,,,,,,,,,,,,,,,,,,,,,,,,,,,,,,,,-99.7,,,,,,,,,
2010-09-28,1010.2,1011.9,2010-09-28T08:07:00,1007.4,2010-09-28T15:35:00,27.1,31.1,2010-09-28T10:36:00,24.3,2010-09-28T05:25:00,75,54.0,2010-09-28T10:25:00,4.8,41.0,14.1,34.0,2010-09-28T15:36:00,0.0,,,,,,,,,,,,,,,,,,,,,,83.0,2010-09-28T05:31:00,,,,,,,,,,,,,,,,,,,,,,,,,,,,,,,,,,,,,,,,,,,,,,,,,,,,,,,,,,,,,,,,,-99.7,,,,,,,,,
2010-09-29,1010.7,1012.0,2010-09-29T01:00:00,1008.2,2010-09-29T15:12:00,26.9,29.1,2010-09-29T11:23:00,25.0,2010-09-29T05:43:00,78,68.0,2010-09-29T10:13:00,6.1,44.0,13.8,45.0,2010-09-29T19:54:00,0.0,,,,,,,,,,,,,,,,,,,,,,84.0,2010-09-29T22:41:00,,,,,,,,,,,,,,,,,,,,,,,,,,,,,,,,,,,,,,,,,,,,,,,,,,,,,,,,,,,,,,,,,-99.7,,,,,,,,,
2010-09-30,1010.5,1011.9,2010-09-30T21:23:00,1007.9,2010-09-30T13:37:00,26.1,28.0,2010-09-30T12:09:00,24.7,2010-09-30T22:32:00,82,74.0,2010-09-30T12:40:00,7.9,45.0,16.7,33.0,2010-09-30T12:26:00,0.0,,,,,,,,,,,,,,,,,,,,,,89.0,2010-09-30T22:52:00,,,,,,,,,,,,,,,,,,,,,,,,,,,,,,,,,,,,,,,,,,,,,,,,,,,,,,,,,,,,,,,,,-99.7,,,,,,,,,
2010-10-01,1009.0,1011.6,2010-10-01T07:10:00,1005.1,2010-10-01T15:22:00,26.7,28.7,2010-10-01T14:32:00,24.3,2010-10-01T03:23:00,78,67.0,2010-10-01T21:44:00,6.5,39.0,17.8,35.0,2010-10-01T11:53:00,0.0,,,,,,,,,,,,,,,,,,,,,,88.0,2010-10-01T02:54:00,,,,,,,,,,,,,,,,,,,,,,,,,,,,,,,,,,,,,,,,,,,,,,,,,,,,,,,,,,,,,,,,,-99.7,,,,,,,,,
2010-10-02,1008.9,1010.0,2010-10-02T23:12:00,1007.6,2010-10-02T03:59:00,27.3,30.3,2010-10-02T11:27:00,23.8,2010-10-02T06:01:00,73,60.0,2010-10-02T08:29:00,0.9,49.0,6.1,231.0,2010-10-02T12:23:00,0.0,,,,,,,,,,,,,,,,,,,,,,83.0,2010-10-02T23:55:00,,,,,,,,,,,,,,,,,,,,,,,,,,,,,,,,,,,,,,,,,,,,,,,,,,,,,,,,,,,,,,,,,-99.7,,,,,,,,,
2010-10-03,1010.6,1013.3,2010-10-03T21:03:00,1008.5,2010-10-03T03:12:00,25.9,29.6,2010-10-03T08:54:00,23.3,2010-10-03T23:06:00,79,66.0,2010-10-03T08:55:00,3.5,40.0,13.2,45.0,2010-10-03T15:44:00,0.0,,,,,,,,,,,,,,,,,,,,,,88.0,2010-10-03T05:54:00,,,,,,,,,,,,,,,,,,,,,,,,,,,,,,,,,,,,,,,,,,,,,,,,,,,,,,,,,,,,,,,,,-99.7,,,,,,,,,
2010-10-04,1012.6,1014.2,2010-10-04T10:13:00,1010.9,2010-10-04T13:58:00,23.8,25.8,2010-10-04T08:17:00,22.3,2010-10-04T23:16:00,62,51.0,2010-10-04T07:36:00,5.6,57.0,14.0,43.0,2010-10-04T10:02:00,0.0,,,,,,,,,,,,,,,,,,,,,,77.0,2010-10-05T00:00:00,,,,,,,,,,,,,,,,,,,,,,,,,,,,,,,,,,,,,,,,,,,,,,,,,,,,,,,,,,,,,,,,,-99.7,,,,,,,,,
2010-10-05,1012.0,1013.6,2010-10-05T08:46:00,1010.0,2010-10-05T14:48:00,24.1,26.1,2010-10-05T12:32:00,22.7,2010-10-05T00:12:00,62,56.0,2010-10-05T13:38:00,6.4,55.0,13.4,39.0,2010-10-05T10:02:00,0.0,,,,,,,,,,,,,,,,,,,,,,66.0,2010-10-05T01:07:00,,,,,,,,,,,,,,,,,,,,,,,,,,,,,,,,,,,,,,,,,,,,,,,,,,,,,,,,,,,,,,,,,-99.7,,,,,,,,,
2010-10-06,1011.3,1013.2,2010-10-06T09:26:00,1009.1,2010-10-06T15:04:00,24.4,26.8,2010-10-06T12:25:00,23.2,2010-10-06T22:38:00,65,55.0,2010-10-06T10:13:00,5.1,57.0,12.8,53.0,2010-10-06T08:47:00,0.0,,,,,,,,,,,,,,,,,,,,,,76.0,2010-10-06T22:56:00,,,,,,,,,,,,,,,,,,,,,,,,,,,,,,,,,,,,,,,,,,,,,,,,,,,,,,,,,,,,,,,,,-99.7,,,,,,,,,
2010-10-07,1010.2,1012.0,2010-10-07T08:53:00,1008.0,2010-10-07T13:32:00,25.3,27.1,2010-10-07T13:41:00,23.7,2010-10-07T00:12:00,78,73.0,2010-10-07T13:44:00,4.1,34.0,11.8,24.0,2010-10-07T11:02:00,0.0,,,,,,,,,,,,,,,,,,,,,,84.0,2010-10-07T22:53:00,,,,,,,,,,,,,,,,,,,,,,,,,,,,,,,,,,,,,,,,,,,,,,,,,,,,,,,,,,,,,,,,,-99.7,,,,,,,,,
2010-10-08,1009.0,1010.5,2010-10-08T10:09:00,1007.6,2010-10-08T23:40:00,23.9,25.7,2010-10-08T09:42:00,22.2,2010-10-08T18:18:00,84,79.0,2010-10-08T16:05:00,4.6,39.0,12.7,48.0,2010-10-08T13:38:00,0.0,,,,,,,,,,,,,,,,,,,,,,89.0,2010-10-08T18:11:00,,,,,,,,,,,,,,,,,,,,,,,,,,,,,,,,,,,,,,,,,,,,,,,,,,,,,,,,,,,,,,,,,-99.7,,,,,,,,,
2010-10-09,1007.5,1009.0,2010-10-09T08:06:00,1005.6,2010-10-09T16:31:00,24.1,26.1,2010-10-09T13:08:00,22.3,2010-10-09T06:31:00,79,70.0,2010-10-09T12:32:00,4.5,49.0,10.7,58.0,2010-10-09T21:02:00,0.0,,,,,,,,,,,,,,,,,,,,,,89.0,2010-10-09T07:39:00,,,,,,,,,,,,,,,,,,,,,,,,,,,,,,,,,,,,,,,,,,,,,,,,,,,,,,,,,,,,,,,,,-99.7,,,,,,,,,
2010-10-10,1008.4,1010.0,2010-10-10T20:04:00,1006.4,2010-10-10T15:16:00,24.6,27.6,2010-10-10T13:22:00,22.8,2010-10-10T05:19:00,80,68.0,2010-10-10T11:48:00,4.9,53.0,11.8,30.0,2010-10-10T13:29:00,0.0,,,,,,,,,,,,,,,,,,,,,,88.0,2010-10-10T23:58:00,,,,,,,,,,,,,,,,,,,,,,,,,,,,,,,,,,,,,,,,,,,,,,,,,,,,,,,,,,,,,,,,,-99.7,,,,,,,,,
2010-10-11,1010.1,1011.9,2010-10-11T23:13:00,1008.2,2010-10-11T03:20:00,25.8,28.8,2010-10-11T11:35:00,23.4,2010-10-11T05:14:00,85,73.0,2010-10-11T11:25:00,1.5,2.0,7.4,345.0,2010-10-11T12:09:00,0.0,,,,,,,,,,,,,,,,,,,,,,90.0,2010-10-11T23:03:00,,,,,,,,,,,,,,,,,,,,,,,,,,,,,,,,,,,,,,,,,,,,,,,,,,,,,,,,,,,,,,,,,-99.7,,,,,,,,,
2010-10-12,1010.6,1011.9,2010-10-12T10:10:00,1008.9,2010-10-12T16:57:00,26.2,28.3,2010-10-12T10:48:00,24.4,2010-10-12T05:40:00,86,76.0,2010-10-12T11:06:00,3.8,43.0,11.1,29.0,2010-10-12T13:07:00,0.0,,,,,,,,,,,,,,,,,,,,,,91.0,2010-10-12T06:27:00,,,,,,,,,,,,,,,,,,,,,,,,,,,,,,,,,,,,,,,,,,,,,,,,,,,,,,,,,,,,,,,,,-99.7,,,,,,,,,
2010-10-13,1009.4,1011.2,2010-10-13T08:40:00,1007.8,2010-10-13T15:06:00,26.4,29.0,2010-10-13T10:23:00,25.4,2010-10-13T00:57:00,85,74.0,2010-10-13T10:25:00,3.8,38.0,9.9,30.0,2010-10-13T12:56:00,0.5,,,,,,,,,,,,,,,,,,,,,,89.0,2010-10-13T00:45:00,,,,,,,,,,,,,,,,,,,,,,,,,,,,,,,,,,,,,,,,,,,,,,,,,,,,,,,,,,,,,,,,,-99.7,,,,,,,,,
2010-10-14,1009.4,1011.1,2010-10-14T21:23:00,1007.8,2010-10-14T14:50:00,25.6,27.9,2010-10-14T13:24:00,23.4,2010-10-14T22:13:00,84,76.0,2010-10-14T13:30:00,4.4,24.0,11.6,51.0,2010-10-14T23:02:00,0.0,,,,,,,,,,,,,,,,,,,,,,89.0,2010-10-14T22:03:00,,,,,,,,,,,,,,,,,,,,,,,,,,,,,,,,,,,,,,,,,,,,,,,,,,,,,,,,,,,,,,,,,-99.7,,,,,,,,,
2010-10-15,1012.1,1014.0,2010-10-15T20:27:00,1009.1,2010-10-15T03:54:00,23.4,24.0,2010-10-15T04:48:00,22.5,2010-10-15T23:57:00,77,70.0,2010-10-15T13:50:00,6.4,46.0,13.7,45.0,2010-10-15T11:36:00,0.0,,,,,,,,,,,,,,,,,,,,,,84.0,2010-10-15T00:22:00,,,,,,,,,,,,,,,,,,,,,,,,,,,,,,,,,,,,,,,,,,,,,,,,,,,,,,,,,,,,,,,,,-99.7,,,,,,,,,
2010-10-16,1011.3,1013.0,2010-10-16T09:10:00,1007.3,2010-10-16T15:10:00,25.1,27.2,2010-10-16T11:12:00,22.5,2010-10-16T00:01:00,75,67.0,2010-10-16T11:13:00,7.1,53.0,17.0,52.0,2010-10-16T13:45:00,0.0,,,,,,,,,,,,,,,,,,,,,,81.0,2010-10-16T06:11:00,,,,,,,,,,,,,,,,,,,,,,,,,,,,,,,,,,,,,,,,,,,,,,,,,,,,,,,,,,,,,,,,,-99.7,,,,,,,,,
2010-10-17,1011.6,1014.1,2010-10-17T08:29:00,1008.7,2010-10-17T15:11:00,25.4,27.6,2010-10-17T10:09:00,24.0,2010-10-17T23:52:00,68,55.0,2010-10-17T14:55:00,7.4,57.0,17.4,63.0,2010-10-17T22:44:00,0.0,,,,,,,,,,,,,,,,,,,,,,79.0,2010-10-17T00:13:00,,,,,,,,,,,,,,,,,,,,,,,,,,,,,,,,,,,,,,,,,,,,,,,,,,,,,,,,,,,,,,,,,-99.7,,,,,,,,,
2010-10-18,1010.0,1011.9,2010-10-18T09:38:00,1006.5,2010-10-18T15:00:00,24.2,25.3,2010-10-18T13:32:00,23.1,2010-10-18T17:44:00,74,68.0,2010-10-18T03:35:00,9.2,51.0,18.9,52.0,2010-10-18T08:35:00,-9999.5,,,,,,,,,,,,,,,,,,,,,,83.0,2010-10-18T17:47:00,,,,,,,,,,,,,,,,,,,,,,,,,,,,,,,,,,,,,,,,,,,,,,,,,,,,,,,,,,,,,,,,,-99.7,,,,,,,,,
2010-10-19,1006.4,1009.1,2010-10-19T00:01:00,1002.7,2010-10-19T16:13:00,24.3,25.5,2010-10-19T13:52:00,23.1,2010-10-19T02:16:00,88,78.0,2010-10-20T00:00:00,7.8,40.0,17.9,70.0,2010-10-19T04:48:00,-9999.5,,,,,,,,,,,,,,,,,,,,,,90.0,2010-10-19T20:26:00,,,,,,,,,,,,,,,,,,,,,,,,,,,,,,,,,,,,,,,,,,,,,,,,,,,,,,,,,,,,,,,,,-99.7,,,,,,,,,
2010-10-20,1005.0,1007.0,2010-10-20T21:33:00,1002.6,2010-10-20T04:05:00,24.3,25.2,2010-10-20T11:45:00,23.7,2010-10-20T21:27:00,87,79.0,2010-10-20T21:53:00,7.5,36.0,15.8,47.0,2010-10-20T18:38:00,0.0,,,,,,,,,,,,,,,,,,,,,,91.0,2010-10-20T04:45:00,,,,,,,,,,,,,,,,,,,,,,,,,,,,,,,,,,,,,,,,,,,,,,,,,,,,,,,,,,,,,,,,,-99.7,,,,,,,,,
2010-10-21,1004.7,1006.8,2010-10-21T21:37:00,1001.0,2010-10-21T04:17:00,22.9,24.5,2010-10-21T07:39:00,21.6,2010-10-21T20:07:00,85,74.0,2010-10-21T06:48:00,8.8,32.0,18.9,48.0,2010-10-21T20:36:00,31.0,,,,,,,,,,,,,,,,,,,,,,90.0,2010-10-21T21:05:00,,,,,,,,,,,,,,,,,,,,,,,,,,,,,,,,,,,,,,,,,,,,,,,,,,,,,,,,,,,,,,,,,-99.7,,,,,,,,,
2010-10-22,1001.6,1005.4,2010-10-22T08:19:00,997.8,2010-10-22T20:43:00,23.9,26.3,2010-10-22T20:51:00,21.4,2010-10-22T02:19:00,86,78.0,2010-10-22T23:10:00,6.8,51.0,17.4,73.0,2010-10-22T11:02:00,12.5,,,,,,,,,,,,,,,,,,,,,,91.0,2010-10-22T16:01:00,,,,,,,,,,,,,,,,,,,,,,,,,,,,,,,,,,,,,,,,,,,,,,,,,,,,,,,,,,,,,,,,,-99.7,,,,,,,,,
2010-10-23,1001.3,1003.3,2010-10-23T22:19:00,999.1,2010-10-23T01:21:00,25.6,30.9,2010-10-23T09:48:00,22.9,2010-10-23T02:19:00,83,57.0,2010-10-23T09:50:00,1.1,115.0,5.1,240.0,2010-10-23T12:28:00,0.0,,,,,,,,,,,,,,,,,,,,,,91.0,2010-10-23T23:58:00,,,,,,,,,,,,,,,,,,,,,,,,,,,,,,,,,,,,,,,,,,,,,,,,,,,,,,,,,,,,,,,,,-99.7,,,,,,,,,
2010-10-24,1005.4,1007.5,2010-10-24T23:55:00,1003.0,2010-10-24T00:11:00,25.7,29.2,2010-10-24T12:47:00,23.8,2010-10-24T01:16:00,83,62.0,2010-10-24T12:57:00,0.9,19.0,4.4,321.0,2010-10-24T13:45:00,0.0,,,,,,,,,,,,,,,,,,,,,,92.0,2010-10-24T04:41:00,,,,,,,,,,,,,,,,,,,,,,,,,,,,,,,,,,,,,,,,,,,,,,,,,,,,,,,,,,,,,,,,,-99.7,,,,,,,,,
2010-10-25,1009.0,1013.7,2010-10-25T23:09:00,1006.3,2010-10-25T13:48:00,23.9,27.5,2010-10-25T09:36:00,20.8,2010-10-25T22:51:00,84,73.0,2010-10-25T23:56:00,5.4,42.0,16.8,34.0,2010-10-25T22:27:00,6.0,,,,,,,,,,,,,,,,,,,,,,92.0,2010-10-25T06:34:00,,,,,,,,,,,,,,,,,,,,,,,,,,,,,,,,,,,,,,,,,,,,,,,,,,,,,,,,,,,,,,,,,-99.7,,,,,,,,,
2010-10-26,1016.2,1018.4,2010-10-26T21:27:00,1011.8,2010-10-26T00:07:00,19.7,21.8,2010-10-26T00:14:00,17.0,2010-10-26T18:01:00,71,63.0,2010-10-26T07:07:00,8.8,47.0,18.6,65.0,2010-10-26T23:45:00,2.5,,,,,,,,,,,,,,,,,,,,,,83.0,2010-10-26T18:02:00,,,,,,,,,,,,,,,,,,,,,,,,,,,,,,,,,,,,,,,,,,,,,,,,,,,,,,,,,,,,,,,,,-99.7,,,,,,,,,
2010-10-27,1016.3,1018.6,2010-10-27T08:36:00,1013.5,2010-10-27T14:24:00,18.0,19.6,2010-10-27T11:45:00,16.3,2010-10-27T07:12:00,73,59.0,2010-10-27T11:36:00,8.3,25.0,17.0,56.0,2010-10-27T00:45:00,2.5,,,,,,,,,,,,,,,,,,,,,,85.0,2010-10-27T07:33:00,,,,,,,,,,,,,,,,,,,,,,,,,,,,,,,,,,,,,,,,,,,,,,,,,,,,,,,,,,,,,,,,,-99.7,,,,,,,,,
2010-10-28,1016.2,1018.9,2010-10-28T22:27:00,1013.4,2010-10-28T01:11:00,17.9,18.5,2010-10-28T15:24:00,17.4,2010-10-28T16:35:00,68,56.0,2010-10-28T21:49:00,7.9,34.0,16.1,50.0,2010-10-28T21:23:00,0.0,,,,,,,,,,,,,,,,,,,,,,74.0,2010-10-28T02:43:00,,,,,,,,,,,,,,,,,,,,,,,,,,,,,,,,,,,,,,,,,,,,,,,,,,,,,,,,,,,,,,,,,-99.7,,,,,,,,,
2010-10-29,1018.3,1019.6,2010-10-29T09:30:00,1016.3,2010-10-29T05:41:00,18.1,19.1,2010-10-29T19:58:00,17.5,2010-10-29T10:23:00,66,58.0,2010-10-29T00:15:00,7.0,39.0,14.7,41.0,2010-10-29T14:31:00,0.0,,,,,,,,,,,,,,,,,,,,,,71.0,2010-10-29T15:16:00,,,,,,,,,,,,,,,,,,,,,,,,,,,,,,,,,,,,,,,,,,,,,,,,,,,,,,,,,,,,,,,,,-99.7,,,,,,,,,
2010-10-30,1019.5,1020.7,2010-10-30T09:24:00,1017.9,2010-10-30T03:55:00,19.0,19.6,2010-10-30T23:32:00,18.0,2010-10-30T03:30:00,68,66.0,2010-10-30T11:04:00,6.4,35.0,14.2,33.0,2010-10-30T04:21:00,0.0,,,,,,,,,,,,,,,,,,,,,,73.0,2010-10-30T03:28:00,,,,,,,,,,,,,,,,,,,,,,,,,,,,,,,,,,,,,,,,,,,,,,,,,,,,,,,,,,,,,,,,,-99.7,,,,,,,,,
2010-10-31,1018.6,1020.8,2010-10-31T09:23:00,1016.2,2010-10-31T13:53:00,19.9,21.9,2010-10-31T13:40:00,18.0,2010-10-31T23:11:00,62,55.0,2010-10-31T10:50:00,6.8,39.0,14.6,24.0,2010-10-31T12:41:00,0.0,,,,,,,,,,,,,,,,,,,,,,69.0,2010-10-31T00:46:00,,,,,,,,,,,,,,,,,,,,,,,,,,,,,,,,,,,,,,,,,,,,,,,,,,,,,,,,,,,,,,,,,-99.7,,,,,,,,,
2010-11-01,1016.6,1018.8,2010-11-01T08:52:00,1014.2,2010-11-01T14:25:00,20.1,22.3,2010-11-01T12:46:00,17.7,2010-11-01T02:34:00,57,46.0,2010-11-01T14:29:00,7.2,53.0,16.3,47.0,2010-11-01T13:50:00,0.0,,,,,,,,,,,,,,,,,,,,,,67.0,2010-11-01T23:57:00,,,,,,,,,,,,,,,,,,,,,,,,,,,,,,,,,,,,,,,,,,,,,,,,,,,,,,,,,,,,,,,,,-99.7,,,,,,,,,
2010-11-02,1016.1,1018.5,2010-11-02T22:18:00,1012.9,2010-11-02T12:51:00,21.4,24.0,2010-11-02T11:30:00,19.8,2010-11-02T00:12:00,62,52.0,2010-11-02T10:45:00,7.7,52.0,16.5,51.0,2010-11-02T12:34:00,0.0,,,,,,,,,,,,,,,,,,,,,,70.0,2010-11-02T21:56:00,,,,,,,,,,,,,,,,,,,,,,,,,,,,,,,,,,,,,,,,,,,,,,,,,,,,,,,,,,,,,,,,,-99.7,,,,,,,,,
2010-11-03,1017.5,1019.2,2010-11-03T09:28:00,1015.0,2010-11-03T13:48:00,20.8,22.6,2010-11-03T12:29:00,19.9,2010-11-03T21:50:00,66,59.0,2010-11-03T01:52:00,8.0,53.0,17.8,40.0,2010-11-03T11:20:00,0.0,,,,,,,,,,,,,,,,,,,,,,77.0,2010-11-03T21:38:00,,,,,,,,,,,,,,,,,,,,,,,,,,,,,,,,,,,,,,,,,,,,,,,,,,,,,,,,,,,,,,,,,-99.7,,,,,,,,,
2010-11-04,1016.4,1018.3,2010-11-04T09:33:00,1014.1,2010-11-04T13:01:00,20.3,22.0,2010-11-04T11:51:00,19.3,2010-11-04T06:15:00,78,73.0,2010-11-04T15:00:00,8.0,52.0,16.1,50.0,2010-11-04T11:57:00,0.0,,,,,,,,,,,,,,,,,,,,,,84.0,2010-11-04T23:00:00,,,,,,,,,,,,,,,,,,,,,,,,,,,,,,,,,,,,,,,,,,,,,,,,,,,,,,,,,,,,,,,,,-99.7,,,,,,,,,
2010-11-05,1013.9,1014.1,2010-11-05T23:23:00,1011.9,2010-11-05T17:52:00,20.9,21.5,2010-11-05T18:56:00,20.7,2010-11-05T22:34:00,86,80.0,2010-11-05T18:46:00,7.1,36.0,13.1,34.0,2010-11-05T16:47:00,4.0,,,,,,,,,,,,,,,,,,,,,,90.0,2010-11-05T23:59:00,,,,,,,,,,,,,,,,,,,,,,,,,,,,,,,,,,,,,,,,,,,,,,,,,,,,,,,,,,,,,,,,,-99.7,,,,,,,,,
2010-11-06,1012.9,1014.5,2010-11-06T09:08:00,1011.5,2010-11-06T15:01:00,21.1,22.4,2010-11-06T11:35:00,19.7,2010-11-06T05:32:00,89,83.0,2010-11-06T12:14:00,1.9,41.0,9.8,56.0,2010-11-06T21:43:00,9.5,,,,,,,,,,,,,,,,,,,,,,92.0,2010-11-06T06:20:00,,,,,,,,,,,,,,,,,,,,,,,,,,,,,,,,,,,,,,,,,,,,,,,,,,,,,,,,,,,,,,,,,-99.7,,,,,,,,,
2010-11-07,1011.8,1014.1,2010-11-07T22:19:00,1008.9,2010-11-07T16:42:00,21.7,22.8,2010-11-07T12:58:00,20.9,2010-11-07T07:15:00,84,77.0,2010-11-07T15:51:00,7.0,38.0,14.3,46.0,2010-11-07T16:42:00,0.5,,,,,,,,,,,,,,,,,,,,,,91.0,2010-11-07T01:39:00,,,,,,,,,,,,,,,,,,,,,,,,,,,,,,,,,,,,,,,,,,,,,,,,,,,,,,,,,,,,,,,,,-99.7,,,,,,,,,
2010-11-08,1015.3,1018.5,2010-11-08T23:48:00,1012.1,2010-11-08T03:03:00,21.2,23.3,2010-11-08T11:06:00,18.6,2010-11-08T23:59:00,66,56.0,2010-11-08T11:21:00,6.9,48.0,16.8,49.0,2010-11-08T09:01:00,0.0,,,,,,,,,,,,,,,,,,,,,,82.0,2010-11-08T02:52:00,,,,,,,,,,,,,,,,,,,,,,,,,,,,,,,,,,,,,,,,,,,,,,,,,,,,,,,,,,,,,,,,,-99.7,,,,,,,,,
2010-11-09,1018.4,1020.3,2010-11-09T09:05:00,1015.5,2010-11-09T14:37:00,18.9,21.8,2010-11-09T11:46:00,16.2,2010-11-09T23:48:00,60,49.0,2010-11-09T12:57:00,5.9,60.0,16.4,31.0,2010-11-09T15:37:00,0.0,,,,,,,,,,,,,,,,,,,,,,70.0,2010-11-09T02:16:00,,,,,,,,,,,,,,,,,,,,,,,,,,,,,,,,,,,,,,,,,,,,,,,,,,,,,,,,,,,,,,,,,-99.7,,,,,,,,,
2010-11-10,1016.7,1019.5,2010-11-10T00:31:00,1014.4,2010-11-10T15:15:00,19.5,23.2,2010-11-10T11:25:00,16.3,2010-11-10T00:06:00,58,39.0,2010-11-10T09:57:00,5.1,52.0,13.3,16.0,2010-11-10T12:45:00,0.0,,,,,,,,,,,,,,,,,,,,,,67.0,2010-11-10T04:00:00,,,,,,,,,,,,,,,,,,,,,,,,,,,,,,,,,,,,,,,,,,,,,,,,,,,,,,,,,,,,,,,,,-99.7,,,,,,,,,
2010-11-11,1013.9,1015.1,2010-11-11T19:53:00,1012.3,2010-11-11T15:40:00,20.8,26.5,2010-11-11T15:12:00,14.6,2010-11-11T06:15:00,63,36.0,2010-11-11T11:20:00,1.8,50.0,10.1,40.0,2010-11-11T23:34:00,0.0,,,,,,,,,,,,,,,,,,,,,,85.0,2010-11-11T06:30:00,,,,,,,,,,,,,,,,,,,,,,,,,,,,,,,,,,,,,,,,,,,,,,,,,,,,,,,,,,,,,,,,,-99.7,,,,,,,,,
2010-11-12,1011.7,1013.3,2010-11-12T00:01:00,1008.2,2010-11-12T12:49:00,23.0,26.2,2010-11-12T10:51:00,21.1,2010-11-12T02:01:00,58,43.0,2010-11-12T10:09:00,6.8,60.0,17.6,65.0,2010-11-12T12:49:00,0.0,,,,,,,,,,,,,,,,,,,,,,64.0,2010-11-12T22:41:00,,,,,,,,,,,,,,,,,,,,,,,,,,,,,,,,,,,,,,,,,,,,,,,,,,,,,,,,,,,,,,,,,-99.7,,,,,,,,,
2010-11-13,1014.5,1017.4,2010-11-13T22:45:00,1011.9,2010-11-13T01:21:00,20.4,22.0,2010-11-14T00:00:00,19.6,2010-11-13T05:16:00,85,64.0,2010-11-14T00:00:00,0.3,50.0,6.6,72.0,2010-11-13T00:02:00,7.5,,,,,,,,,,,,,,,,,,,,,,90.0,2010-11-13T22:27:00,,,,,,,,,,,,,,,,,,,,,,,,,,,,,,,,,,,,,,,,,,,,,,,,,,,,,,,,,,,,,,,,,-99.7,,,,,,,,,
2010-11-14,1016.6,1018.3,2010-11-14T22:40:00,1014.3,2010-11-14T13:46:00,21.7,24.0,2010-11-14T12:22:00,19.7,2010-11-14T06:17:00,85,77.0,2010-11-14T15:06:00,4.1,37.0,13.0,48.0,2010-11-14T12:00:00,0.5,,,,,,,,,,,,,,,,,,,,,,91.0,2010-11-14T03:05:00,,,,,,,,,,,,,,,,,,,,,,,,,,,,,,,,,,,,,,,,,,,,,,,,,,,,,,,,,,,,,,,,,-99.7,,,,,,,,,
2010-11-15,1018.3,1020.0,2010-11-15T09:18:00,1016.2,2010-11-15T15:53:00,20.7,22.1,2010-11-15T05:51:00,17.6,2010-11-15T23:55:00,77,69.0,2010-11-15T18:05:00,7.0,48.0,17.9,40.0,2010-11-15T15:29:00,2.5,,,,,,,,,,,,,,,,,,,,,,87.0,2010-11-15T02:28:00,,,,,,,,,,,,,,,,,,,,,,,,,,,,,,,,,,,,,,,,,,,,,,,,,,,,,,,,,,,,,,,,,-99.7,,,,,,,,,
2010-11-16,1016.1,1018.3,2010-11-16T00:01:00,1013.4,2010-11-16T14:48:00,19.0,20.5,2010-11-16T13:53:00,17.5,2010-11-16T00:11:00,82,75.0,2010-11-16T13:57:00,6.9,47.0,15.9,51.0,2010-11-16T14:39:00,1.0,,,,,,,,,,,,,,,,,,,,,,86.0,2010-11-16T02:34:00,,,,,,,,,,,,,,,,,,,,,,,,,,,,,,,,,,,,,,,,,,,,,,,,,,,,,,,,,,,,,,,,,-99.7,,,,,,,,,
2010-11-17,1015.3,1017.6,2010-11-17T08:52:00,1012.8,2010-11-17T15:05:00,19.5,21.6,2010-11-17T11:57:00,18.5,2010-11-17T21:21:00,79,72.0,2010-11-17T11:59:00,7.8,45.0,16.5,52.0,2010-11-17T12:54:00,0.0,,,,,,,,,,,,,,,,,,,,,,84.0,2010-11-17T18:10:00,,,,,,,,,,,,,,,,,,,,,,,,,,,,,,,,,,,,,,,,,,,,,,,,,,,,,,,,,,,,,,,,,-99.7,,,,,,,,,
2010-11-18,1014.0,1016.1,2010-11-18T09:17:00,1011.6,2010-11-18T14:31:00,20.4,22.4,2010-11-18T12:31:00,19.0,2010-11-18T02:10:00,82,73.0,2010-11-18T12:28:00,6.9,36.0,15.2,39.0,2010-11-18T14:31:00,0.0,,,,,,,,,,,,,,,,,,,,,,88.0,2010-11-18T23:19:00,,,,,,,,,,,,,,,,,,,,,,,,,,,,,,,,,,,,,,,,,,,,,,,,,,,,,,,,,,,,,,,,,-99.7,,,,,,,,,
2010-11-19,1012.4,1013.9,2010-11-19T00:30:00,1010.6,2010-11-19T15:27:00,20.2,21.6,2010-11-19T10:39:00,19.0,2010-11-19T14:48:00,84,76.0,2010-11-19T20:35:00,4.2,33.0,12.1,7.0,2010-11-19T13:06:00,2.0,,,,,,,,,,,,,,,,,,,,,,90.0,2010-11-19T02:01:00,,,,,,,,,,,,,,,,,,,,,,,,,,,,,,,,,,,,,,,,,,,,,,,,,,,,,,,,,,,,,,,,,-99.7,,,,,,,,,
2010-11-20,1010.3,1012.3,2010-11-20T08:39:00,1007.6,2010-11-20T13:56:00,20.7,22.2,2010-11-20T15:27:00,19.0,2010-11-20T00:45:00,82,77.0,2010-11-20T15:08:00,4.4,29.0,13.0,34.0,2010-11-20T12:01:00,0.5,,,,,,,,,,,,,,,,,,,,,,87.0,2010-11-20T07:48:00,,,,,,,,,,,,,,,,,,,,,,,,,,,,,,,,,,,,,,,,,,,,,,,,,,,,,,,,,,,,,,,,,-99.7,,,,,,,,,
2010-11-21,1008.8,1010.1,2010-11-21T08:34:00,1007.2,2010-11-21T14:41:00,20.9,24.0,2010-11-21T13:32:00,18.1,2010-11-21T06:39:00,84,72.0,2010-11-21T10:37:00,0.5,196.0,5.1,212.0,2010-11-21T12:03:00,0.0,,,,,,,,,,,,,,,,,,,,,,91.0,2010-11-21T07:23:00,,,,,,,,,,,,,,,,,,,,,,,,,,,,,,,,,,,,,,,,,,,,,,,,,,,,,,,,,,,,,,,,,-99.7,,,,,,,,,
2010-11-22,1010.0,1011.9,2010-11-22T22:12:00,1008.0,2010-11-22T13:30:00,19.8,22.4,2010-11-22T09:49:00,18.7,2010-11-22T05:52:00,79,72.0,2010-11-22T18:36:00,4.2,32.0,13.1,39.0,2010-11-22T20:54:00,0.0,,,,,,,,,,,,,,,,,,,,,,89.0,2010-11-22T00:10:00,,,,,,,,,,,,,,,,,,,,,,,,,,,,,,,,,,,,,,,,,,,,,,,,,,,,,,,,,,,,,,,,,-99.7,,,,,,,,,
2010-11-23,1012.7,1014.7,2010-11-23T21:52:00,1010.4,2010-11-23T04:25:00,18.8,20.3,2010-11-23T10:33:00,16.8,2010-11-23T23:58:00,71,64.0,2010-11-23T09:38:00,5.7,42.0,13.4,33.0,2010-11-23T06:46:00,0.0,,,,,,,,,,,,,,,,,,,,,,78.0,2010-11-23T02:33:00,,,,,,,,,,,,,,,,,,,,,,,,,,,,,,,,,,,,,,,,,,,,,,,,,,,,,,,,,,,,,,,,,-99.7,,,,,,,,,
2010-11-24,1013.8,1015.3,2010-11-24T07:25:00,1010.8,2010-11-24T15:03:00,19.8,21.8,2010-11-24T13:10:00,16.6,2010-11-24T01:20:00,68,54.0,2010-11-24T13:11:00,5.0,32.0,12.3,33.0,2010-11-24T09:02:00,0.0,,,,,,,,,,,,,,,,,,,,,,81.0,2010-11-24T22:39:00,,,,,,,,,,,,,,,,,,,,,,,,,,,,,,,,,,,,,,,,,,,,,,,,,,,,,,,,,,,,,,,,,-99.7,,,,,,,,,
2010-11-25,1015.9,1017.5,2010-11-25T21:27:00,1014.2,2010-11-25T00:24:00,18.7,20.2,2010-11-25T00:12:00,17.2,2010-11-25T11:20:00,72,56.0,2010-11-25T22:15:00,6.2,17.0,14.0,36.0,2010-11-25T20:50:00,2.0,,,,,,,,,,,,,,,,,,,,,,84.0,2010-11-25T07:12:00,,,,,,,,,,,,,,,,,,,,,,,,,,,,,,,,,,,,,,,,,,,,,,,,,,,,,,,,,,,,,,,,,-99.7,,,,,,,,,
2010-11-26,1015.1,1016.6,2010-11-26T09:17:00,1012.3,2010-11-26T13:35:00,18.4,21.0,2010-11-26T13:06:00,16.0,2010-11-26T02:47:00,60,49.0,2010-11-26T09:44:00,6.3,44.0,15.8,36.0,2010-11-26T12:52:00,0.0,,,,,,,,,,,,,,,,,,,,,,73.0,2010-11-26T02:48:00,,,,,,,,,,,,,,,,,,,,,,,,,,,,,,,,,,,,,,,,,,,,,,,,,,,,,,,,,,,,,,,,,-99.7,,,,,,,,,
2010-11-27,1014.7,1016.2,2010-11-27T08:54:00,1012.6,2010-11-27T13:47:00,20.2,24.2,2010-11-27T11:24:00,16.6,2010-11-27T06:27:00,63,50.0,2010-11-27T10:56:00,2.8,63.0,10.1,63.0,2010-11-27T00:12:00,0.0,,,,,,,,,,,,,,,,,,,,,,73.0,2010-11-27T06:29:00,,,,,,,,,,,,,,,,,,,,,,,,,,,,,,,,,,,,,,,,,,,,,,,,,,,,,,,,,,,,,,,,,-99.7,,,,,,,,,
2010-11-28,1015.4,1017.8,2010-11-28T09:20:00,1013.6,2010-11-28T14:31:00,20.4,24.3,2010-11-28T13:18:00,17.2,2010-11-28T04:35:00,68,51.0,2010-11-28T13:03:00,0.4,66.0,5.1,68.0,2010-11-28T14:49:00,0.0,,,,,,,,,,,,,,,,,,,,,,79.0,2010-11-28T23:57:00,,,,,,,,,,,,,,,,,,,,,,,,,,,,,,,,,,,,,,,,,,,,,,,,,,,,,,,,,,,,,,,,,-99.7,,,,,,,,,
2010-11-29,1014.2,1016.3,2010-11-29T08:38:00,1012.3,2010-11-29T15:57:00,20.2,23.0,2010-11-29T12:42:00,18.0,2010-11-29T06:43:00,82,72.0,2010-11-29T12:22:00,0.2,246.0,5.2,339.0,2010-11-29T17:12:00,0.0,,,,,,,,,,,,,,,,,,,,,,86.0,2010-11-29T21:48:00,,,,,,,,,,,,,,,,,,,,,,,,,,,,,,,,,,,,,,,,,,,,,,,,,,,,,,,,,,,,,,,,,-99.7,,,,,,,,,
2010-11-30,1013.5,1014.9,2010-11-30T20:30:00,1011.9,2010-11-30T15:15:00,19.7,21.6,2010-11-30T12:42:00,18.8,2010-11-30T06:25:00,81,72.0,2010-11-30T12:45:00,1.8,18.0,9.4,36.0,2010-11-30T22:23:00,0.0,,,,,,,,,,,,,,,,,,,,,,86.0,2010-11-30T03:52:00,,,,,,,,,,,,,,,,,,,,,,,,,,,,,,,,,,,,,,,,,,,,,,,,,,,,,,,,,,,,,,,,,-99.7,,,,,,,,,
2010-12-01,1011.9,1013.5,2010-12-01T09:21:00,1009.3,2010-12-01T15:14:00,21.0,23.2,2010-12-01T11:44:00,18.8,2010-12-01T06:01:00,79,67.0,2010-12-01T10:55:00,4.6,37.0,13.1,33.0,2010-12-01T13:01:00,0.0,,,,,,,,,,,,,,,,,,,,,,85.0,2010-12-01T23:59:00,,,,,,,,,,,,,,,,,,,,,,,,,,,,,,,,,,,,,,,,,,,,,,,,,,,,,,,,,,,,,,,,,-99.7,,,,,,,,,
2010-12-02,1013.9,1017.0,2010-12-02T23:35:00,1011.4,2010-12-02T02:47:00,20.0,22.3,2010-12-02T13:04:00,17.3,2010-12-02T22:39:00,84,74.0,2010-12-02T13:16:00,1.7,15.0,6.5,347.0,2010-12-02T08:25:00,0.0,,,,,,,,,,,,,,,,,,,,,,89.0,2010-12-02T07:31:00,,,,,,,,,,,,,,,,,,,,,,,,,,,,,,,,,,,,,,,,,,,,,,,,,,,,,,,,,,,,,,,,,-99.7,,,,,,,,,
2010-12-03,1017.1,1018.7,2010-12-03T08:51:00,1014.2,2010-12-03T14:04:00,18.7,21.4,2010-12-03T09:23:00,16.8,2010-12-03T01:16:00,64,54.0,2010-12-03T11:55:00,6.6,49.0,17.7,50.0,2010-12-03T13:37:00,0.0,,,,,,,,,,,,,,,,,,,,,,88.0,2010-12-04T00:00:00,,,,,,,,,,,,,,,,,,,,,,,,,,,,,,,,,,,,,,,,,,,,,,,,,,,,,,,,,,,,,,,,,-99.7,,,,,,,,,
2010-12-04,1014.2,1016.2,2010-12-04T00:11:00,1012.6,2010-12-04T23:59:00,19.9,23.9,2010-12-04T11:27:00,17.6,2010-12-04T02:32:00,68,53.0,2010-12-04T11:13:00,2.1,57.0,12.2,51.0,2010-12-04T00:26:00,0.0,,,,,,,,,,,,,,,,,,,,,,80.0,2010-12-04T23:54:00,,,,,,,,,,,,,,,,,,,,,,,,,,,,,,,,,,,,,,,,,,,,,,,,,,,,,,,,,,,,,,,,,-99.7,,,,,,,,,
2010-12-05,1012.1,1014.5,2010-12-05T09:17:00,1010.2,2010-12-05T16:38:00,20.0,22.5,2010-12-05T12:44:00,17.2,2010-12-05T01:46:00,84,77.0,2010-12-05T13:12:00,0.1,10.0,5.5,27.0,2010-12-05T14:11:00,0.0,,,,,,,,,,,,,,,,,,,,,,89.0,2010-12-05T23:58:00,,,,,,,,,,,,,,,,,,,,,,,,,,,,,,,,,,,,,,,,,,,,,,,,,,,,,,,,,,,,,,,,,-99.7,,,,,,,,,
2010-12-06,1013.7,1015.9,2010-12-06T22:06:00,1011.5,2010-12-06T14:49:00,19.9,22.6,2010-12-06T12:29:00,17.8,2010-12-06T23:59:00,75,58.0,2010-12-06T14:43:00,3.9,38.0,15.1,41.0,2010-12-06T21:58:00,0.0,,,,,,,,,,,,,,,,,,,,,,91.0,2010-12-06T04:42:00,,,,,,,,,,,,,,,,,,,,,,,,,,,,,,,,,,,,,,,,,,,,,,,,,,,,,,,,,,,,,,,,,-99.7,,,,,,,,,
2010-12-07,1016.6,1019.4,2010-12-07T09:40:00,1014.2,2010-12-07T01:28:00,14.8,17.9,2010-12-07T00:12:00,11.5,2010-12-07T20:51:00,65,59.0,2010-12-07T11:14:00,4.9,34.0,22.5,62.0,2010-12-07T22:48:00,0.0,,,,,,,,,,,,,,,,,,,,,,72.0,2010-12-07T00:06:00,,,,,,,,,,,,,,,,,,,,,,,,,,,,,,,,,,,,,,,,,,,,,,,,,,,,,,,,,,,,,,,,,-99.7,,,,,,,,,
2010-12-08,1014.6,1016.1,2010-12-08T08:48:00,1012.3,2010-12-08T14:22:00,13.1,17.0,2010-12-08T12:48:00,10.2,2010-12-08T06:32:00,60,40.0,2010-12-08T12:48:00,1.2,17.0,7.8,21.0,2010-12-08T11:33:00,0.0,,,,,,,,,,,,,,,,,,,,,,73.0,2010-12-08T23:43:00,,,,,,,,,,,,,,,,,,,,,,,,,,,,,,,,,,,,,,,,,,,,,,,,,,,,,,,,,,,,,,,,,-99.7,,,,,,,,,
2010-12-09,1013.8,1016.2,2010-12-09T08:45:00,1010.8,2010-12-09T15:10:00,14.1,19.4,2010-12-09T11:54:00,8.8,2010-12-09T06:21:00,57,35.0,2010-12-09T10:00:00,2.8,57.0,35.8,94.0,2010-12-09T04:09:00,0.0,,,,,,,,,,,,,,,,,,,,,,78.0,2010-12-09T23:37:00,,,,,,,,,,,,,,,,,,,,,,,,,,,,,,,,,,,,,,,,,,,,,,,,,,,,,,,,,,,,,,,,,-99.7,,,,,,,,,
2010-12-10,1012.1,1014.6,2010-12-10T09:17:00,1010.2,2010-12-10T16:23:00,15.6,19.3,2010-12-10T10:53:00,9.8,2010-12-10T02:48:00,69,53.0,2010-12-10T11:24:00,0.1,126.0,35.5,158.0,2010-12-10T05:11:00,0.0,,,,,,,,,,,,,,,,,,,,,,80.0,2010-12-10T20:10:00,,,,,,,,,,,,,,,,,,,,,,,,,,,,,,,,,,,,,,,,,,,,,,,,,,,,,,,,,,,,,,,,,-99.7,,,,,,,,,
2010-12-11,1011.9,1014.4,2010-12-11T09:13:00,1008.6,2010-12-11T23:46:00,18.3,21.0,2010-12-11T13:15:00,15.8,2010-12-11T05:27:00,73,57.0,2010-12-11T12:30:00,2.8,38.0,11.4,39.0,2010-12-11T19:31:00,0.0,,,,,,,,,,,,,,,,,,,,,,83.0,2010-12-11T02:32:00,,,,,,,,,,,,,,,,,,,,,,,,,,,,,,,,,,,,,,,,,,,,,,,,,,,,,,,,,,,,,,,,,-99.7,,,,,,,,,
2010-12-12,1008.8,1010.0,2010-12-12T10:09:00,1007.0,2010-12-12T06:06:00,18.9,22.8,2010-12-12T13:03:00,14.8,2010-12-12T05:25:00,80,59.0,2010-12-12T12:28:00,0.9,16.0,9.5,37.0,2010-12-12T00:44:00,0.0,,,,,,,,,,,,,,,,,,,,,,89.0,2010-12-12T22:56:00,,,,,,,,,,,,,,,,,,,,,,,,,,,,,,,,,,,,,,,,,,,,,,,,,,,,,,,,,,,,,,,,,-99.7,,,,,,,,,
2010-12-13,1008.8,1010.3,2010-12-13T09:19:00,1007.5,2010-12-13T13:39:00,19.8,22.4,2010-12-13T12:55:00,17.0,2010-12-13T06:48:00,81,66.0,2010-12-13T15:12:00,0.1,326.0,3.2,331.0,2010-12-13T12:57:00,0.0,,,,,,,,,,,,,,,,,,,,,,91.0,2010-12-13T06:45:00,,,,,,,,,,,,,,,,,,,,,,,,,,,,,,,,,,,,,,,,,,,,,,,,,,,,,,,,,,,,,,,,,-99.7,,,,,,,,,
2010-12-14,1013.0,1015.8,2010-12-14T09:37:00,1008.8,2010-12-14T01:31:00,18.3,20.8,2010-12-14T03:25:00,16.9,2010-12-14T23:04:00,84,76.0,2010-12-14T19:06:00,6.1,34.0,16.9,48.0,2010-12-14T20:42:00,0.0,,,,,,,,,,,,,,,,,,,,,,90.0,2010-12-14T06:43:00,,,,,,,,,,,,,,,,,,,,,,,,,,,,,,,,,,,,,,,,,,,,,,,,,,,,,,,,,,,,,,,,,-99.7,,,,,,,,,
2010-12-15,1011.8,1014.8,2010-12-15T00:03:00,1008.2,2010-12-15T16:31:00,16.1,17.5,2010-12-15T00:54:00,12.4,2010-12-15T23:53:00,87,77.0,2010-12-15T00:53:00,6.9,47.0,20.2,30.0,2010-12-15T23:45:00,21.0,,,,,,,,,,,,,,,,,,,,,,91.0,2010-12-15T23:17:00,,,,,,,,,,,,,,,,,,,,,,,,,,,,,,,,,,,,,,,,,,,,,,,,,,,,,,,,,,,,,,,,,-99.7,,,,,,,,,
2010-12-16,1016.9,1018.9,2010-12-16T09:52:00,1011.7,2010-12-16T00:13:00,9.5,12.5,2010-12-16T00:02:00,8.0,2010-12-16T17:02:00,82,71.0,2010-12-16T23:59:00,6.6,19.0,19.0,23.0,2010-12-16T00:36:00,33.0,,,,,,,,,,,,,,,,,,,,,,91.0,2010-12-16T00:02:00,,,,,,,,,,,,,,,,,,,,,,,,,,,,,,,,,,,,,,,,,,,,,,,,,,,,,,,,,,,,,,,,,-99.7,,,,,,,,,
2010-12-17,1017.9,1020.1,2010-12-17T08:49:00,1016.2,2010-12-17T15:12:00,10.3,12.3,2010-12-17T12:23:00,9.2,2010-12-17T19:27:00,64,48.0,2010-12-17T12:14:00,3.9,14.0,9.9,358.0,2010-12-17T00:09:00,0.0,,,,,,,,,,,,,,,,,,,,,,72.0,2010-12-18T00:00:00,,,,,,,,,,,,,,,,,,,,,,,,,,,,,,,,,,,,,,,,,,,,,,,,,,,,,,,,,,,,,,,,,-99.7,,,,,,,,,
2010-12-18,1015.6,1017.1,2010-12-18T08:36:00,1013.6,2010-12-18T14:19:00,15.2,21.2,2010-12-18T12:48:00,10.7,2010-12-18T00:20:00,59,30.0,2010-12-18T12:50:00,2.4,40.0,11.4,45.0,2010-12-18T02:29:00,0.0,,,,,,,,,,,,,,,,,,,,,,82.0,2010-12-18T23:45:00,,,,,,,,,,,,,,,,,,,,,,,,,,,,,,,,,,,,,,,,,,,,,,,,,,,,,,,,,,,,,,,,,-99.7,,,,,,,,,
2010-12-19,1016.1,1018.3,2010-12-19T08:33:00,1014.4,2010-12-19T14:49:00,15.5,19.7,2010-12-19T13:48:00,11.4,2010-12-19T05:34:00,79,68.0,2010-12-19T08:59:00,0.3,12.0,4.8,21.0,2010-12-19T12:43:00,0.0,,,,,,,,,,,,,,,,,,,,,,90.0,2010-12-19T23:52:00,,,,,,,,,,,,,,,,,,,,,,,,,,,,,,,,,,,,,,,,,,,,,,,,,,,,,,,,,,,,,,,,,-99.7,,,,,,,,,
2010-12-20,1013.4,1015.8,2010-12-20T08:40:00,1010.8,2010-12-20T15:27:00,16.8,20.7,2010-12-20T13:35:00,12.5,2010-12-20T02:15:00,80,63.0,2010-12-20T14:21:00,1.9,24.0,9.5,37.0,2010-12-20T14:29:00,0.0,,,,,,,,,,,,,,,,,,,,,,92.0,2010-12-20T06:26:00,,,,,,,,,,,,,,,,,,,,,,,,,,,,,,,,,,,,,,,,,,,,,,,,,,,,,,,,,,,,,,,,,-99.7,,,,,,,,,
2010-12-21,1011.3,1012.7,2010-12-21T09:40:00,1009.4,2010-12-21T14:45:00,17.8,21.2,2010-12-21T13:07:00,15.1,2010-12-21T00:41:00,79,63.0,2010-12-21T13:04:00,0.4,4.0,5.5,30.0,2010-12-21T04:06:00,0.0,,,,,,,,,,,,,,,,,,,,,,89.0,2010-12-21T02:13:00,,,,,,,,,,,,,,,,,,,,,,,,,,,,,,,,,,,,,,,,,,,,,,,,,,,,,,,,,,,,,,,,,-99.7,,,,,,,,,
2010-12-22,1012.7,1014.6,2010-12-22T09:29:00,1010.5,2010-12-22T13:49:00,17.0,19.5,2010-12-22T13:11:00,15.1,2010-12-22T03:26:00,62,49.0,2010-12-22T14:36:00,4.6,38.0,12.9,21.0,2010-12-22T14:20:00,0.0,,,,,,,,,,,,,,,,,,,,,,85.0,2010-12-22T01:30:00,,,,,,,,,,,,,,,,,,,,,,,,,,,,,,,,,,,,,,,,,,,,,,,,,,,,,,,,,,,,,,,,,-99.7,,,,,,,,,
2010-12-23,1012.3,1014.7,2010-12-23T09:31:00,1010.7,2010-12-23T16:29:00,18.3,23.6,2010-12-23T14:26:00,14.3,2010-12-23T23:35:00,57,39.0,2010-12-23T13:51:00,2.4,49.0,11.7,54.0,2010-12-23T00:10:00,0.0,,,,,,,,,,,,,,,,,,,,,,78.0,2010-12-23T23:39:00,,,,,,,,,,,,,,,,,,,,,,,,,,,,,,,,,,,,,,,,,,,,,,,,,,,,,,,,,,,,,,,,,-99.7,,,,,,,,,
2010-12-24,1013.2,1015.6,2010-12-24T22:26:00,1009.9,2010-12-24T14:01:00,16.5,20.4,2010-12-24T11:31:00,13.4,2010-12-24T01:30:00,77,67.0,2010-12-24T11:48:00,5.7,48.0,16.5,58.0,2010-12-24T18:41:00,0.0,,,,,,,,,,,,,,,,,,,,,,83.0,2010-12-24T23:19:00,,,,,,,,,,,,,,,,,,,,,,,,,,,,,,,,,,,,,,,,,,,,,,,,,,,,,,,,,,,,,,,,,-99.7,,,,,,,,,
2010-12-25,1014.4,1016.5,2010-12-25T23:54:00,1011.7,2010-12-25T03:35:00,13.6,15.1,2010-12-25T01:05:00,12.0,2010-12-25T23:55:00,84,77.0,2010-12-25T05:39:00,6.9,46.0,15.2,57.0,2010-12-25T07:20:00,12.0,,,,,,,,,,,,,,,,,,,,,,89.0,2010-12-25T19:05:00,,,,,,,,,,,,,,,,,,,,,,,,,,,,,,,,,,,,,,,,,,,,,,,,,,,,,,,,,,,,,,,,,-99.7,,,,,,,,,
2010-12-26,1018.7,1021.6,2010-12-26T09:35:00,1015.5,2010-12-26T00:04:00,9.9,12.1,2010-12-26T00:45:00,6.8,2010-12-26T22:13:00,69,50.0,2010-12-26T13:03:00,3.6,19.0,12.6,28.0,2010-12-26T00:57:00,1.5,,,,,,,,,,,,,,,,,,,,,,86.0,2010-12-26T06:02:00,,,,,,,,,,,,,,,,,,,,,,,,,,,,,,,,,,,,,,,,,,,,,,,,,,,,,,,,,,,,,,,,,-99.7,,,,,,,,,
2010-12-27,1016.5,1018.7,2010-12-27T00:32:00,1014.1,2010-12-27T15:02:00,11.0,16.0,2010-12-27T14:11:00,6.7,2010-12-27T05:05:00,65,44.0,2010-12-27T09:59:00,2.1,33.0,9.4,45.0,2010-12-27T09:46:00,0.0,,,,,,,,,,,,,,,,,,,,,,84.0,2010-12-27T23:21:00,,,,,,,,,,,,,,,,,,,,,,,,,,,,,,,,,,,,,,,,,,,,,,,,,,,,,,,,,,,,,,,,,-99.7,,,,,,,,,
2010-12-28,1015.6,1017.1,2010-12-28T09:37:00,1013.4,2010-12-28T13:40:00,13.1,19.2,2010-12-28T14:20:00,6.1,2010-12-28T03:08:00,67,32.0,2010-12-28T09:31:00,1.1,4.0,6.8,29.0,2010-12-28T16:23:00,0.0,,,,,,,,,,,,,,,,,,,,,,87.0,2010-12-28T01:53:00,,,,,,,,,,,,,,,,,,,,,,,,,,,,,,,,,,,,,,,,,,,,,,,,,,,,,,,,,,,,,,,,,-99.7,,,,,,,,,
2010-12-29,1014.5,1016.3,2010-12-29T09:19:00,1011.3,2010-12-29T15:00:00,15.7,23.2,2010-12-29T12:59:00,8.9,2010-12-29T05:02:00,66,31.0,2010-12-29T13:00:00,0.3,15.0,5.4,12.0,2010-12-29T14:19:00,0.0,,,,,,,,,,,,,,,,,,,,,,83.0,2010-12-29T22:30:00,,,,,,,,,,,,,,,,,,,,,,,,,,,,,,,,,,,,,,,,,,,,,,,,,,,,,,,,,,,,,,,,,-99.7,,,,,,,,,
2010-12-30,1016.5,1019.5,2010-12-30T09:30:00,1013.8,2010-12-30T15:09:00,15.2,18.0,2010-12-30T11:39:00,10.6,2010-12-30T23:36:00,69,50.0,2010-12-30T11:40:00,3.2,53.0,12.6,31.0,2010-12-30T11:14:00,0.0,,,,,,,,,,,,,,,,,,,,,,85.0,2010-12-30T04:37:00,,,,,,,,,,,,,,,,,,,,,,,,,,,,,,,,,,,,,,,,,,,,,,,,,,,,,,,,,,,,,,,,,-99.7,,,,,,,,,
2010-12-31,1018.5,1021.0,2010-12-31T10:24:00,1015.8,2010-12-31T17:36:00,11.2,14.3,2010-12-31T10:25:00,8.1,2010-12-31T21:45:00,55,31.0,2010-12-31T12:31:00,3.9,40.0,13.4,31.0,2010-12-31T10:04:00,0.0,,,,,,,,,,,,,,,,,,,,,,79.0,2010-12-31T01:30:00,,,,,,,,,,,,,,,,,,,,,,,,,,,,,,,,,,,,,,,,,,,,,,,,,,,,,,,,,,,,,,,,,-99.7,,,,,,,,,
